filename,total,mapped,unmapped,ratio_unmapped
_1_G17194.TCGA-02-0055-01A-01R-1849-01.2.bam,127672772,100543603,27129169,0.212489856
_1_G17200.TCGA-06-0125-01A-01R-1849-01.2.bam,145854608,118223772,27630836,0.189440953
_1_G17225.TCGA-06-0168-01A-01R-1849-01.2.bam,116410242,24890864,91519378,0.786179776
_1_G17233.TCGA-06-0644-01A-02R-1849-01.2.bam,132784881,108373673,24411208,0.183840267
_1_G17476.TCGA-06-2569-01A-01R-1849-01.2.bam,133923037,111722104,22200933,0.165773817
_1_G17479.TCGA-14-1034-02B-01R-2005-01.2.bam,122735913,71593816,51142097,0.416684047
_1_G17634.TCGA-19-2625-01A-01R-1850-01.2.bam,154570928,117150914,37420014,0.242089599
_1_G17658.TCGA-32-2632-01A-01R-1850-01.2.bam,148653541,96326826,52326715,0.352004497
_1_G17664.TCGA-32-2634-01A-01R-1850-01.2.bam,169944956,131693903,38251053,0.225079072
_1_G17673.TCGA-26-5135-01A-01R-1850-01.2.bam,131007743,84752666,46255077,0.353071322
_1_G17675.TCGA-19-2624-01A-01R-1850-01.2.bam,156120724,130459905,25660819,0.164365232
_1_G17784.TCGA-76-4929-01A-01R-1850-01.4.bam,114293067,87601846,26691221,0.233533159
_1_G17786.TCGA-28-2510-01A-01R-1850-01.4.bam,118992222,89940507,29051715,0.244148017
_1_G17788.TCGA-28-5218-01A-01R-1850-01.4.bam,112277724,87447347,24830377,0.22115141
_1_G17791.TCGA-32-1980-01A-01R-1850-01.4.bam,129240869,99297017,29943852,0.231690271
_1_G17795.TCGA-06-5858-01A-01R-1849-01.4.bam,131819797,102116897,29702900,0.225329584
_1_G17800.TCGA-06-5859-01A-01R-1849-01.4.bam,138863008,106802125,32060883,0.230881381
_1_G17802.TCGA-28-5208-01A-01R-1850-01.4.bam,138103310,99196820,38906490,0.281720185
_1_G17808.TCGA-76-4926-01B-01R-1850-01.4.bam,145960736,110725491,35235245,0.241402215
_1_G17818.TCGA-06-5412-01A-01R-1849-01.4.bam,134559091,102041375,32517716,0.241661234
_1_G67451.TCGA-19-A60I-01A-12R-A344-08.2.bam,192277867,174171815,18106052,0.094166075
_1_G67451.TCGA-OX-A56R-01A-11R-A344-08.2.bam,165172664,149568656,15604008,0.094470887
_1_TCGA-04-1357-01A-01R-1565-13_rnaseq.bam,156161118,119795631,36365487,0.232871585
_1_TCGA-04-1361-01A-01R-1565-13_GRCh37-lite_rnaseq.bam,235614184,207629737,27984447,0.118772336
_1_TCGA-04-1362-01A-01R-1565-13_GRCh37-lite_rnaseq.bam,218339236,202574131,15765105,0.072204636
_1_TCGA-04-1364-01A-01R-1565-13_GRCh37-lite_rnaseq.bam,168527526,149860392,18667134,0.110766083
_1_TCGA-04-1648-01A-01R-1567-13_rnaseq.bam,178719844,149930013,28789831,0.161089168
_1_TCGA-05-4250-10A-01D-1103_120228_SN1120_0116_AD0KRVACXX_s_1_rg.sorted.bam,535484734,494695297,40789437,0.076172922
_1_TCGA-05-4397-01A-01D-1203_120318_SN1120_0124_AC0HNPACXX_s_7_rg.sorted.bam,353204026,314150743,39053283,0.110568624
_1_TCGA-05-4398-01A-01D-1203_120316_SN208_0275_BD0PL2ACXX_s_1_rg.sorted.bam,313120124,281259006,31861118,0.101753658
_1_TCGA-05-4433-01A-22D-1853_120312_SN1120_0120_AD0PYGACXX_s_3_rg.sorted.bam,364220014,338749697,25470317,0.06993113
_1_TCGA-05-4434-01A-01D-1203_111013_SN208_0253_B00PJACXX_s_2_rg.sorted.bam,202779768,195968371,6811397,0.033590121
_1_TCGA-09-1662-01A-01R-1566-13_GRCh37-lite_rnaseq.bam,263839818,240057378,23782440,0.090139692
_1_TCGA-09-1668-01B-01R-1566-13_GRCh37-lite_rnaseq.bam,180251150,163941699,16309451,0.090481814
_1_TCGA-09-1670-01A-01R-1566-13_GRCh37-lite_rnaseq.bam,215307414,195828162,19479252,0.090471813
_1_TCGA-09-2053-01C-01R-1568-13_rnaseq.bam,173835706,152495957,21339749,0.122758146
_1_TCGA-10-0926-01A-01R-1564-13_rnaseq.bam,411815388,280130066,131685322,0.319767852
_1_TCGA-10-0927-01A-02R-1564-13_GRCh37-lite_rnaseq.bam,90815966,73043620,17772346,0.195696272
_1_TCGA-10-0936-01A-01R-1564-13_GRCh37-lite_rnaseq.bam,288099798,244498322,43601476,0.151341571
_1_TCGA-10-0936-01A-01R-1564-13_rnaseq.bam,288099798,184384238,103715560,0.359998725
_1_TCGA-13-0730-01A-01R-1564-13_GRCh37-lite_rnaseq.bam,157106494,137989940,19116554,0.121678955
_1_TCGA-13-0768-01A-01R-1569-13_GRCh37-lite_rnaseq.bam,175072042,160191339,14880703,0.084997598
_1_TCGA-13-0768-01A-01R-1569-13_rnaseq.bam,175072042,140595594,34476448,0.196927206
_1_TCGA-13-0799-01A-01R-1564-13_GRCh37-lite_rnaseq.bam,330161248,283983280,46177968,0.139864894
_1_TCGA-13-0883-01A-02R-1569-13_GRCh37-lite_rnaseq.bam,139937776,129571416,10366360,0.074078353
_1_TCGA-13-0887-01A-01R-1564-13_rnaseq.bam,195712720,163132818,32579902,0.166467984
_1_TCGA-13-0891-01A-01R-1564-13_GRCh37-lite_rnaseq.bam,103438044,90536223,12901821,0.12472994
_1_TCGA-13-1409-01A-01R-1565-13_rnaseq.bam,189825470,156312886,33512584,0.176544191
_1_TCGA-13-1411-01A-01R-1565-13_GRCh37-lite_rnaseq.bam,251741158,217084034,34657124,0.137669677
_1_TCGA-13-1492-01A-01R-1565-13_GRCh37-lite_rnaseq.bam,222845428,194106307,28739121,0.128964373
_1_TCGA-13-1501-01A-01R-1565-13_GRCh37-lite_rnaseq.bam,245201262,192096898,53104364,0.216574595
_1_TCGA-13-1506-01A-01R-1565-13_rnaseq.bam,112007974,96595898,15412076,0.137598025
_1_TCGA-13-1511-01A-01R-1565-13_rnaseq.bam,229098514,193981783,35116731,0.153282229
_1_TCGA-20-1686-01A-01R-1566-13_GRCh37-lite_rnaseq.bam,150826036,132422023,18404013,0.122021459
_1_TCGA-23-1021-01B-01R-1564-13_rnaseq.bam,111339344,91883570,19455774,0.174743027
_1_TCGA-23-1022-01A-01R-1564-13_GRCh37-lite_rnaseq.bam,242837202,216254396,26582806,0.109467601
_1_TCGA-23-1023-01A-02R-1564-13_GRCh37-lite_rnaseq.bam,268915652,228258651,40657001,0.151188675
_1_TCGA-23-1023-01R-01R-1564-13_GRCh37-lite_rnaseq.bam,332310492,299450857,32859635,0.098882328
_1_TCGA-23-1024-01A-02R-1564-13_GRCh37-lite_rnaseq.bam,249816896,212125979,37690917,0.150874171
_1_TCGA-23-1107-01A-01R-1564-13_GRCh37-lite_rnaseq.bam,82310612,69922728,12387884,0.150501663
_1_TCGA-23-1110-01A-01R-1564-13_GRCh37-lite_rnaseq.bam,51958522,46367004,5591518,0.107615032
_1_TCGA-23-1110-01A-01R-1564-13_rnaseq.bam,51958522,44908912,7049610,0.135677647
_1_TCGA-23-1111-01A-01R-1567-13_GRCh37-lite_rnaseq.bam,216798860,195786984,21011876,0.096918757
_1_TCGA-23-1122-01A-01R-1565-13_GRCh37-lite_rnaseq.bam,222304670,196107056,26197614,0.117845541
_1_TCGA-24-0966-01A-01R-1564-13_rnaseq.bam,182064414,147642376,34422038,0.189065162
_1_TCGA-24-0975-01A-02R-1565-13_GRCh37-lite_rnaseq.bam,245439548,208748805,36690743,0.149489939
_1_TCGA-24-1103-01A-01R-1565-13_GRCh37-lite_rnaseq.bam,163344564,146850052,16494512,0.100979865
_1_TCGA-24-1105-01A-01R-1565-13_rnaseq.bam,255372788,227418282,27954506,0.109465485
_1_TCGA-24-1416-01A-01R-1565-13_GRCh37-lite_rnaseq.bam,120561046,106221810,14339236,0.118937555
_1_TCGA-24-1417-01A-01R-1565-13_GRCh37-lite_rnaseq.bam,179020764,163681611,15339153,0.085683653
_1_TCGA-24-1422-01A-01R-1565-13_GRCh37-lite_rnaseq.bam,282998084,250139976,32858108,0.116107175
_1_TCGA-24-1426-01A-01R-1565-13_rnaseq.bam,241739030,201674814,40064216,0.165733336
_1_TCGA-24-1431-01A-01R-1566-13_GRCh37-lite_rnaseq.bam,165135326,151085956,14049370,0.08507792
_1_TCGA-24-1464-01A-01R-1566-13_GRCh37-lite_rnaseq.bam,185080628,168109283,16971345,0.091697036
_1_TCGA-24-1467-01A-01R-1566-13_GRCh37-lite_rnaseq.bam,125593838,114625020,10968818,0.087335638
_1_TCGA-24-1467-01A-01R-1566-13_rnaseq.bam,125593838,109210813,16383025,0.130444497
_1_TCGA-24-1469-01A-01R-1566-13_rnaseq.bam,189592408,164167884,25424524,0.13410096
_1_TCGA-24-1471-01A-01R-1566-13_GRCh37-lite_rnaseq.bam,284918270,260258702,24659568,0.08654962
_1_TCGA-24-1548-01A-01R-1566-13_GRCh37-lite_rnaseq.bam,288322744,255317258,33005486,0.114474098
_1_TCGA-24-1553-01A-01R-1566-13_GRCh37-lite_rnaseq.bam,226970586,206004606,20965980,0.092373115
_1_TCGA-24-1556-01A-01R-1566-13_rnaseq.bam,292651366,256064608,36586758,0.125018238
_1_TCGA-24-1560-01A-01R-1566-13_GRCh37-lite_rnaseq.bam,205222328,181240455,23981873,0.116858011
_1_TCGA-24-1567-01A-01R-1566-13_rnaseq.bam,190849590,152415132,38434458,0.201386118
_1_TCGA-24-1616-01A-01R-1566-13_rnaseq.bam,223269632,192678860,30590772,0.137012686
_1_TCGA-24-1843-01A-01R-1567-13_rnaseq.bam,241377350,203428372,37948978,0.157218471
_1_TCGA-24-1846-01A-01R-1567-13_GRCh37-lite_rnaseq.bam,229709640,207717857,21991783,0.09573731
_1_TCGA-24-1846-01A-01R-1567-13_rnaseq.bam,229709640,191561916,38147724,0.166069321
_1_TCGA-24-1928-01A-01R-1567-13_GRCh37-lite_rnaseq.bam,231739074,209046831,22692243,0.097921523
_1_TCGA-24-2023-01A-01R-1567-13_GRCh37-lite_rnaseq.bam,233732334,210679017,23053317,0.09863127
_1_TCGA-24-2262-01A-01R-1568-13_GRCh37-lite_rnaseq.bam,110412364,100124624,10287740,0.093175616
_1_TCGA-24-2267-01A-01R-1568-13_rnaseq.bam,136816018,119156299,17659719,0.1290764
_1_TCGA-24-2280-01A-01R-1568-13_GRCh37-lite_rnaseq.bam,170253364,154016172,16237192,0.095370756
_1_TCGA-24-2288-01A-01R-1568-13_GRCh37-lite_rnaseq.bam,137023166,124320851,12702315,0.092701952
_1_TCGA-24-2288-01A-01R-1568-13_rnaseq.bam,137023166,118395077,18628089,0.135948464
_1_TCGA-24-2289-01A-01R-1568-13_rnaseq.bam,188638364,161596900,27041464,0.143350819
_1_TCGA-24-2290-01A-01R-1568-13_rnaseq.bam,158926502,135358083,23568419,0.148297601
_1_TCGA-24-2297-01A-01R-1568-13_GRCh37-lite_rnaseq.bam,261759352,234340710,27418642,0.104747516
_1_TCGA-25-1312-01A-01R-1565-13_GRCh37-lite_rnaseq.bam,163458032,147413709,16044323,0.098155611
_1_TCGA-25-1315-01A-01R-1565-13_rnaseq.bam,228229674,195144409,33085265,0.144964782
_1_TCGA-25-1321-01A-01R-1565-13_GRCh37-lite_rnaseq.bam,252033918,228576475,23457443,0.093072564
_1_TCGA-25-1321-01A-01R-1565-13_rnaseq.bam,252033918,218674765,33359153,0.132359776
_1_TCGA-25-1323-01A-01R-1565-13_rnaseq.bam,178403208,152551016,25852192,0.144908784
_1_TCGA-25-1328-01A-01R-1565-13_GRCh37-lite_rnaseq.bam,127408574,117402578,10005996,0.078534715
_1_TCGA-25-1329-01A-01R-1565-13_GRCh37-lite_rnaseq.bam,255047564,235856225,19191339,0.075246118
_1_TCGA-25-1626-01A-01R-1566-13_GRCh37-lite_rnaseq.bam,197267702,179064219,18203483,0.092278071
_1_TCGA-25-1630-01A-01R-1566-13_GRCh37-lite_rnaseq.bam,135983964,111376962,24607002,0.180955175
_1_TCGA-25-1630-01A-01R-1566-13_rnaseq.bam,135983964,106334271,29649693,0.218038158
_1_TCGA-25-1871-01A-01R-1567-13_GRCh37-lite_rnaseq.bam,297400678,264891215,32509463,0.109312
_1_TCGA-25-1871-01A-01R-1567-13_rnaseq.bam,297400678,242304015,55096663,0.185260718
_1_TCGA-25-1877-01A-01R-1567-13_rnaseq.bam,189695138,126071640,63623498,0.335398675
_1_TCGA-25-2409-01A-01R-1569-13_GRCh37-lite_rnaseq.bam,200557712,184018099,16539613,0.082468098
_1_TCGA-29-1688-01A-01R-1566-13_rnaseq.bam,134584830,118475079,16109751,0.119699605
_1_TCGA-29-1695-01A-01R-1567-13_GRCh37-lite_rnaseq.bam,225546478,202747919,22798559,0.101081423
_1_TCGA-29-1696-01A-01R-1567-13_GRCh37-lite_rnaseq.bam,257560266,219702886,37857380,0.146984551
_1_TCGA-29-1699-01A-01R-1567-13_rnaseq.bam,452162088,392115275,60046813,0.132799309
_1_TCGA-29-1702-01A-01R-1567-13_GRCh37-lite_rnaseq.bam,294664242,259576812,35087430,0.119075969
_1_TCGA-29-1702-01A-01R-1567-13_rnaseq.bam,294664242,249473119,45191123,0.153364802
_1_TCGA-29-1707-02A-01R-1567-13_rnaseq.bam,221463174,175654478,45808696,0.206845658
_1_TCGA-29-1763-01A-02R-1567-13_GRCh37-lite_rnaseq.bam,256326312,231681557,24644755,0.096146021
_1_TCGA-29-1763-01A-02R-1567-13_rnaseq.bam,256326312,219146433,37179879,0.145049015
_1_TCGA-29-1769-01A-01R-1567-13_rnaseq.bam,177103988,143063611,34040377,0.192205593
_1_TCGA-29-1770-02A-01R-1567-13_rnaseq.bam,296543568,247171667,49371901,0.166491222
_1_TCGA-29-1778-01A-01R-1567-13_rnaseq.bam,206887090,180457666,26429424,0.127748058
_1_TCGA-29-1781-01A-01R-1567-13_rnaseq.bam,195360252,161289899,34070353,0.174397569
_1_TCGA-29-2414-01A-02R-1569-13_rnaseq.bam,176257910,136707263,39550647,0.224390764
_1_TCGA-29-A5NZ-01A-11R-A406-31_rnaseq.bam,252296602,213262858,39033744,0.154713713
_1_TCGA-30-1853-01A-02R-1567-13_rnaseq.bam,124839264,101441664,23397600,0.187421803
_1_TCGA-30-1857-01A-02R-1569-13_rnaseq.bam,186515734,168968666,17547068,0.094078219
_1_TCGA-30-1862-01A-02R-1568-13_rnaseq.bam,158464598,134243489,24221109,0.152848708
_1_TCGA-30-1891-01A-01R-1568-13_GRCh37-lite_rnaseq.bam,172077810,157854820,14222990,0.082654411
_1_TCGA-30-1892-01A-01R-1568-13_GRCh37-lite_rnaseq.bam,112383656,102683423,9700233,0.086313556
_1_TCGA-31-1950-01A-01R-1568-13_rnaseq.bam,204585332,174561485,30023847,0.146754641
_1_TCGA-36-1568-01A-01R-1566-13_rnaseq.bam,192795258,165416604,27378654,0.14200896
_1_TCGA-36-1570-01A-01R-1566-13_GRCh37-lite_rnaseq.bam,239513368,211911707,27601661,0.115240586
_1_TCGA-36-1571-01A-01R-1566-13_GRCh37-lite_rnaseq.bam,232635616,209938611,22697005,0.097564618
_1_TCGA-36-1578-01A-01R-1566-13_GRCh37-lite_rnaseq.bam,281830920,244641790,37189130,0.131955465
_1_TCGA-36-1580-01A-01R-1566-13_rnaseq.bam,222786236,179707578,43078658,0.193363193
_1_TCGA-44-3918-01A-01D-1103_110729_SN208_0215_BD0CLPABXX_s_6_rg.sorted.bam,282516308,262365750,20150558,0.071325291
_1_TCGA-44-3918-11A-01D-1103_110712_SN590_0096_A80WMCABXX_s_8_rg.sorted.bam,164781948,155116769,9665179,0.058654356
_1_TCGA-44-4112-01A-01D-1103_120318_SN1120_0124_AC0HNPACXX_s_1_rg.sorted.bam,369385354,310770882,58614472,0.158681094
_1_TCGA-44-5645-01A-01D-1623_110804_SN208_0216_AD0CLLABXX_s_5_rg.sorted.bam,77731930,36265556,41466374,0.53345355
_1_TCGA-44-6775-11A-01D-1853_111207_SN590_0112_D09CDACXX_s_6_rg.sorted.bam,395416768,375040922,20375846,0.05153005
_1_TCGA-49-6742-11A-01D-1853_111218_SN208_0258_C054RACXX_s_2_rg.sorted.bam,383347804,365764869,17582935,0.045866795
_1_TCGA-50-5051-10A-01D-1853_120322_SN208_0277_AD0PL1ACXX_s_8_rg.sorted.bam,229121520,216800837,12320683,0.053773574
_1_TCGA-50-5946-01A-11D-1751_111111_SN208_0254_B0160ACXX_s_3_rg.sorted.bam,289099508,275444352,13655156,0.047233411
_1_TCGA-55-6642-01A-11D-1853_120310_SN590_0144_AD0PNFACXX_s_1_rg.sorted.bam,563926160,408052932,155873228,0.276407159
_1_TCGA-55-6712-10A-01D-1853_120312_SN1120_0121_BD0RHPACXX_s_6_rg.sorted.bam,403443522,350062194,53381328,0.132314252
_1_TCGA-57-1583-01A-01R-1566-13_rnaseq.bam,212714476,179986660,32727816,0.153857963
_1_TCGA-57-1586-01A-02R-1567-13_rnaseq.bam,163038684,144367318,18671366,0.114521079
_1_TCGA-59-2354-01A-01R-1569-13_GRCh37-lite_rnaseq.bam,278021524,249564301,28457223,0.102356187
_1_TCGA-59-2363-01A-01R-1569-13_rnaseq.bam,159295526,140156419,19139107,0.120148428
_1_TCGA-61-1721-01A-01R-1569-13_rnaseq.bam,129094540,110943635,18150905,0.140601647
_1_TCGA-61-1724-01A-01R-1568-13_GRCh37-lite_rnaseq.bam,196902110,178565970,18336140,0.093123126
_1_TCGA-61-1728-01A-01R-1568-13_GRCh37-lite_rnaseq.bam,262674986,238245360,24429626,0.093003245
_1_TCGA-61-1736-01B-01R-1568-13_GRCh37-lite_rnaseq.bam,193292806,168549351,24743455,0.128010222
_1_TCGA-61-1736-01B-01R-1568-13_rnaseq.bam,193292806,156575303,36717503,0.189957939
_1_TCGA-61-1737-01A-01R-1567-13_rnaseq.bam,221595674,193868037,27727637,0.125127158
_1_TCGA-61-1917-01A-01R-1568-13_GRCh37-lite_rnaseq.bam,174977976,159985623,14992353,0.085681372
_1_TCGA-61-2002-01A-01R-1568-13_GRCh37-lite_rnaseq.bam,251524868,226986822,24538046,0.097557137
_1_TCGA-61-2012-01A-01R-1568-13_rnaseq.bam,154141214,129844765,24296449,0.157624612
_1_TCGA-61-2095-01A-01R-1568-13_GRCh37-lite_rnaseq.bam,304146732,276313645,27833087,0.091512037
_1_TCGA-61-2110-01A-01R-1568-13_GRCh37-lite_rnaseq.bam,177483700,162265367,15218333,0.085744961
_1_TCGA-61-2110-01A-01R-1568-13_rnaseq.bam,177483700,152719653,24764047,0.139528571
_1_TCGA-64-5774-01A-01D-1623_120228_SN1120_0117_BC0DKWACXX_s_1_rg.sorted.bam,576199886,505308053,70891833,0.123033403
_1_TCGA-64-5775-01A-01D-1623_110824_SN208_0222_BB0164ACXX_s_1_rg.sorted.bam,276410670,268114671,8295999,0.03001331
_1_TCGA-67-6215-01A-11D-1751_111115_SN590_0111_D09ATACXX_s_7.rg.sorted.bam,337068112,320517305,16550807,0.049102263
_1_TCGA-67-6215-10A-01D-1751_120301_SN208_0270_AD0KLRACXX_s_5_rg.sorted.bam,389959166,347126961,42832205,0.109837667
_1_TCGA-73-4668-11A-01D-1203-02_IlluminaHiSeq-DNASeq_whole.bam,257885126,239710449,18174677,0.070475864
_1_TCGA-75-6205-01A-11D-1751_111116_SN208_0255_D09F1ACXX_s_4_rg.sorted.bam,391944056,375598567,16345489,0.041703628
_1_TCGA-91-6836-01A-21D-1853_120310_SN590_0144_AD0PNFACXX_s_7_rg.sorted.bam,463534098,436106762,27427336,0.059170051
_1_TCGA-A5-A0GD-10A-01D-A043_120504_SN208_0297_BC0VJEACXX_s_7_rg.sorted.bam,577415488,269912761,307502727,0.532550189
_1_TCGA-A5-A0GE-10A-01D-A043_120214_SN590_0139_BC0DYEACXX_s_2_rg.sorted.bam,386520970,369173785,17347185,0.04488032
_1_TCGA-A5-A0GN-10A-01D-A043_120324_SN1120_0127_BC0L80ACXX_s_4_rg.sorted.bam,336663292,314726479,21936813,0.065159504
_1_TCGA-A5-A0GU-01A-11D-A043_120209_SN1120_0114_BC0DFVACXX_s_5_rg.sorted.bam,319291213,290243468,29047745,0.090975711
_1_TCGA-A5-A0GV-01A-31D-A043_120214_SN590_0139_BC0DYEACXX_s_3_rg.sorted.bam,357944830,334727689,23217141,0.064862345
_1_TCGA-A5-A0GW-10A-01D-A043_120301_SN590_0142_AD0LPVACXX_s_6_rg.sorted.bam,333968786,258902564,75066222,0.224770174
_1_TCGA-A5-A0VQ-01A-11D-A101_120407_SN590_0151_BC0KKJACXX_s_2_rg.sorted.bam,293069858,277021103,16048755,0.054760852
_1_TCGA-A6-2671-10A-01D-1405-02_IlluminaHiSeq-DNASeq_whole.bam,269729224,231793752,37935472,0.140642795
_1_TCGA-A6-2674-01A-02D-1167-02_IlluminaHiSeq-DNASeq_whole.bam,66006994,61183943,4823051,0.073068787
_1_TCGA-A6-2679-10A-01D-1405-02_IlluminaHiSeq-DNASeq_whole.bam,64637478,59766026,4871452,0.07536575
_1_TCGA-AA-3529-11A-01D-1548-02_IlluminaHiSeq-DNASeq_whole.bam,243747450,230124750,13622700,0.055888585
_1_TCGA-AA-3549-01A-02D-1167-02_IlluminaHiSeq-DNASeq_whole.bam,222935348,193444859,29490489,0.132282697
_1_TCGA-AA-3555-10A-01D-1638-02_110525_SN590_0091_AC02W2ABXX_s_6.rg.sorted.bam,243659154,229623389,14035765,0.057604095
_1_TCGA-AA-3558-01A-01D-1167-02_IlluminaHiSeq-DNASeq_whole.bam,177734570,168817069,8917501,0.050173137
_1_TCGA-AA-3664-10A-01D-1167_110111_SN208_0178_B818TTABXX_s_6.rg.sorted.bam,159541664,130817932,28723732,0.180039065
_1_TCGA-AA-3675-01A-02D-1109-02_IlluminaHiSeq-DNASeq_whole.bam,131394646,126467973,4926673,0.037495234
_1_TCGA-AA-3675-01A-02D-1167-02_IlluminaHiSeq-DNASeq_whole.bam,164488298,138080065,26408233,0.160547792
_1_TCGA-AA-3947-01A-01D-1167-02_101023_SN208_0167_B80L4DABXX_s_1.rg.sorted.bam,190494030,164866180,25627850,0.134533612
_1_TCGA-AA-3970-10A-01D-1109-02_IlluminaHiSeq-DNASeq_whole.bam,104499568,101002803,3496765,0.033462004
_1_TCGA-AA-A00U-10A-01D-A078_110429_SN590_0080_AC02UTABXX_s_1.rg.sorted.bam,154878132,144994843,9883289,0.063813328
_1_TCGA-AA-A01Q-10A-01D-A078_110409_SN590_0077_BB04EHABXX_s_3_rg.sorted.bam,220161400,185585328,34576072,0.157048747
_1_TCGA-AA-A01R-11A-12D-A079-02_110409_SN590_0077_BB04EHABXX_s_4.rg.sorted.bam,281631808,258972413,22659395,0.080457514
_1_TCGA-AA-A02R-01A-01D-A077-02_IlluminaHiSeq-DNASeq_whole.bam,186225544,169687677,16537867,0.088805578
_1_TCGA-AG-3582-10A-01D-1167_101105_SN208_0168_A80A3BABXX_s_2_rg.sorted.bam,111902594,103161302,8741292,0.078115186
_1_TCGA-AG-3728-10A-01D-1115-02_IlluminaHiSeq-DNASeq_whole.bam,249889058,222623870,27265188,0.109109171
_1_TCGA-AG-3878-10A-01D-1167-02_IlluminaHiSeq-DNASeq_whole.bam,153359176,121697971,31661205,0.206451324
_1_TCGA-AG-3890-01A-01D-1115-02_IlluminaHiSeq-DNASeq_whole.bam,260025430,230490240,29535190,0.113585775
_1_TCGA-AG-3894-01A-01D-1115-02_IlluminaHiSeq-DNASeq_whole.bam,309848698,264099461,45749237,0.147650248
_1_TCGA-AG-3902-10A-01D-1115-02_IlluminaHiSeq-DNASeq_whole.bam,262549892,230615908,31933984,0.121630155
_1_TCGA-AG-3999-10A-01D-1115-02_IlluminaHiSeq-DNASeq_whole.bam,314752944,266637750,48115194,0.152866542
_1_TCGA-AG-4005-01A-01D-1115_101122_SN177_0123_B20APUABXX_s_3_rg.sorted.bam,230576722,204683758,25892964,0.112296522
_1_TCGA-AG-4005-10A-01D-1115_101122_SN177_0123_B20APUABXX_s_4_rg.sorted.bam,160321882,145532583,14789299,0.092247539
_1_TCGA-AG-4007-01A-01D-1115-02_IlluminaHiSeq-DNASeq_whole.bam,219157766,195385231,23772535,0.108472246
_1_TCGA-AG-A008-10A-01D-A078-02_110217_SN208_0190_B81CLKABXX_s_8.rg.sorted.bam,129009742,102335725,26674017,0.206759711
_1_TCGA-AG-A014-01A-02D-A077_110504_SN590_0081_BB0BM5ABXX_s_6_rg.sorted.bam,267467426,240206746,27260680,0.101921495
_1_TCGA-AG-A015-10A-01D-A078_110409_SN590_0076_AB04G5ABXX_s_6_rg.sorted.bam,224045358,200039176,24006182,0.107148759
_1_TCGA-AG-A01N-01A-01D-A077_110406_SN177_0154_B818URABXX_s_3.rg.sorted.bam,136560504,125644580,10915924,0.079934708
_1_TCGA-AO-A0JF-01A-11D-A060_130719_SN1120_0270_AC2CVRACXX_s_1_rg.sorted.bam,247192240,240126241,7065999,0.028585036
_1_TCGA-AO-A0JF-10A-01D-A060_130719_SN1120_0270_AC2CVRACXX_s_2_rg.sorted.bam,253634680,246415435,7219245,0.028463162
_1_TCGA-AO-A0JJ-01A-11D-A060_130725_SN590_0233_AD2B3HACXX_s_3_rg.sorted.bam,429511788,405553400,23958388,0.055780513
_1_TCGA-AP-A054-10A-01D-A043_120209_SN1120_0114_BC0DFVACXX_s_2_rg.sorted.bam,278712870,263768882,14943988,0.053617861
_1_TCGA-AP-A0LJ-10A-01D-A043_120324_SN1120_0127_BC0L80ACXX_s_8_rg.sorted.bam,435785806,416282662,19503144,0.044753968
_1_TCGA-AP-A0LL-01A-12D-A101_120330_SN208_0279_BC0L73ACXX_s_3_rg.sorted.bam,375098210,347324696,27773514,0.074043313
_1_TCGA-AX-A0IU-10A-01D-A101_120406_SN208_0282_BC0L15ACXX_s_1_rg.sorted.bam,241837458,224475826,17361632,0.0717905
_1_TCGA-AX-A0J1-10A-01D-A043_120403_SN1222_0094_BD0UKBACXX_s_5_rg.sorted.bam,500279300,478904176,21375124,0.042726381
_1_TCGA-AX-A2HD-01A-21D-A17E_120511_SN1120_0141_BC0VK9ACXX_s_1_rg.sorted.bam,437326768,418875802,18450966,0.042190342
_1_TCGA-AY-4071-01A-01D-1109-02_IlluminaHiSeq-DNASeq_whole.bam,100718286,92048286,8670000,0.086081687
_1_TCGA-AZ-4313-10A-01D-1405-02_IlluminaHiSeq-DNASeq_whole.bam,116189654,103861248,12328406,0.106105884
_1_TCGA-B5-A0JR-01A-13D-A043_120403_SN1222_0094_BD0UKBACXX_s_6_rg.sorted.bam,352172490,341004779,11167711,0.031710912
_1_TCGA-B5-A0K9-01A-21D-A101_120330_SN208_0279_BC0L73ACXX_s_1_rg.sorted.bam,301104206,285542186,15562020,0.05168317
_1_TCGA-B6-A0X4-01A-11D-A106_130719_SN1120_0270_AC2CVRACXX_s_7_rg.sorted.bam,225696210,219052163,6644047,0.029438009
_1_TCGA-B7-5816-01A-21R-1602-13_rnaseq.bam,254054534,193441625,60612909,0.238582276
_1_TCGA-B7-5816-10A-01D-1598_121107_SN590_0199_AC179PACXX_s_1_rg.sorted.bam,531636056,474261023,57375033,0.107921636
_1_TCGA-B7-5818-01A-11R-1602-13_rnaseq.bam,180389004,117419654,62969350,0.349075324
_1_TCGA-BA-4075-01A-01D-1431_120310_SN590_0145_BD0RGYACXX_s_3_rg.sorted.bam,383383180,205658266,177724914,0.46356993
_1_TCGA-BA-4077-01B-01D-1431_120310_SN590_0145_BD0RGYACXX_s_7_rg.sorted.bam,415354654,375228399,40126255,0.096607212
_1_TCGA-BA-4077-10A-01D-1431_120310_SN590_0145_BD0RGYACXX_s_8_rg.sorted.bam,440563138,409582851,30980287,0.070319744
_1_TCGA-BA-5149-01A-01D-1509_120420_SN1120_0135_BD0T5FACXX_s_1_rg.sorted.bam,448624716,414676836,33947880,0.075670998
_1_TCGA-BA-5558-01A-01D-1509_120420_SN1120_0135_BD0T5FACXX_s_5_rg.sorted.bam,444122056,421561670,22560386,0.050797716
_1_TCGA-BG-A0M6-01A-31D-A101_120330_SN1120_0129_BD0UCLACXX_s_2_rg.sorted.bam,371088674,354968600,16120074,0.043439951
_1_TCGA-BG-A0MG-01A-21D-A101_120330_SN1120_0129_BD0UCLACXX_s_5_rg.sorted.bam,366190580,349399581,16790999,0.04585317
_1_TCGA-BG-A0MS-10A-02D-A101_120406_SN208_0281_AC0KDBACXX_s_8_rg.sorted.bam,427152770,407254149,19898621,0.046584319
_1_TCGA-BG-A0MT-01A-11D-A101_120330_SN1120_0129_BD0UCLACXX_s_8_rg.sorted.bam,423791374,402782734,21008640,0.049573071
_1_TCGA-BH-A0BM-01A-11D-A060_130725_SN590_0234_BC29HAACXX_s_3_rg.sorted.bam,406213940,387543572,18670368,0.045961909
_1_TCGA-BH-A0BM-10A-01D-A060_130725_SN590_0234_BC29HAACXX_s_4_rg.sorted.bam,367611744,352506010,15105734,0.041091544
_1_TCGA-BH-A0HB-01A-11D-A060_130725_SN590_0234_BC29HAACXX_s_5_rg.sorted.bam,424343148,404628892,19714256,0.046458288
_1_TCGA-BH-A0HK-10A-01D-A060_130807_SN590_0236_BC291KACXX_s_2_rg.sorted.bam,360018382,343763870,16254512,0.045149117
_1_TCGA-BH-A0W5-10A-01D-A106_130719_SN1120_0270_AC2CVRACXX_s_4_rg.sorted.bam,256641712,249684714,6956998,0.027107823
_1_TCGA-BJ-A0Z3-01A-11D-A13U_120706_SN1120_0170_BD1422ACXX_s_7_rg.sorted.bam,406898816,390145989,16752827,0.041171973
_1_TCGA-BJ-A0ZE-10A-01D-A10R_120617_SN1222_0117_BD1414ACXX_s_7_rg.sorted.bam,300399442,290318207,10081235,0.033559433
_1_TCGA-BJ-A0ZJ-10A-01D-A10R_120616_SN1120_0153_AC0WMJACXX_s_5_rg.sorted.bam,238099024,229424304,8674720,0.036433245
_1_TCGA-BJ-A3PR-01A-11D-A221_120524_SN1120_0144_AC0VNCACXX_s_7_rg.sorted.bam,335346270,323183739,12162531,0.036268574
_1_TCGA-BJ-A3PR-11A-11D-A221_120611_SN1222_0114_AC0WL3ACXX_s_7_rg.sorted.bam,408076158,392503653,15572505,0.038160781
_1_TCGA-BJ-A3PT-01A-12D-A221_120530_SN1222_0111_BD12L1ACXX_s_1_rg.sorted.bam,435392734,418775998,16616736,0.038164936
_1_TCGA-BK-A0CB-01A-32D-A101_120330_SN208_0280_AD0UKLACXX_s_1_rg.sorted.bam,283239722,264447648,18792074,0.066346888
_1_TCGA-BR-4183-01A-02D-1128_120807_SN590_0174_BC11N6ACXX_s_7_rg.sorted.bam,473055748,443791315,29264433,0.061862546
_1_TCGA-BR-4187-01A-01R-1131-13_rnaseq.bam,185178864,165329484,19849380,0.107190311
_1_TCGA-BR-4201-11A-01D-1128_120816_SN590_0176_BD13T7ACXX_s_4_rg.sorted.bam,351241702,336087331,15154371,0.043145136
_1_TCGA-BR-4255-01A-01R-1131-13_rnaseq.bam,296721692,259831169,36890523,0.124327018
_1_TCGA-BR-4255-11A-01D-1128_120816_SN590_0176_BD13T7ACXX_s_8_rg.sorted.bam,405927476,386662489,19264987,0.047459185
_1_TCGA-BR-4256-01A-01D-1128_130110_SN1222_0167_AC1JPDACXX_s_1_rg.sorted.bam,249049542,240456035,8593507,0.034505211
_1_TCGA-BR-4256-01A-01R-1131-13_rnaseq.bam,275052566,241309681,33742885,0.12267795
_1_TCGA-BR-4257-01A-01R-1131-13_rnaseq.bam,163054242,149898303,13155939,0.080684433
_1_TCGA-BR-4257-11A-01D-1128_130110_SN1222_0167_AC1JPDACXX_s_4_rg.sorted.bam,238704142,230677349,8026793,0.033626534
_1_TCGA-BR-4267-01A-01D-1128_120805_SN1120_0181_AD16WCACXX_s_3_rg.sorted.bam,527573604,497660282,29913322,0.056699808
_1_TCGA-BR-4267-01A-01R-1131-13_rnaseq.bam,277081412,244031140,33050272,0.119280004
_1_TCGA-BR-4280-01A-01R-1131-13_rnaseq.bam,204168684,177675267,26493417,0.129762393
_1_TCGA-BR-4280-11A-01D-1128_121127_SN208_0440_AC1F4LACXX_s_3_rg.sorted.bam,317136410,305778427,11357983,0.035814188
_1_TCGA-BR-4292-01A-01D-1128_121204_SN590_0204_BC1H5VACXX_s_1_rg.sorted.bam,479235970,450185913,29050057,0.060617439
_1_TCGA-BR-4292-01A-01R-1131-13_rnaseq.bam,319367170,277168052,42199118,0.13213355
_1_TCGA-BR-4292-11A-01D-1128_121204_SN590_0204_BC1H5VACXX_s_4_rg.sorted.bam,420593902,394680217,25913685,0.061612127
_1_TCGA-BR-4294-01A-01R-1131-13_rnaseq.bam,192198430,161546040,30652390,0.159483041
_1_TCGA-BR-4357-01A-01R-1157-13_rnaseq.bam,151172466,130214012,20958454,0.13863936
_1_TCGA-BR-4363-01A-01D-1154_130815_VM001_0001_VMR0001CXX_s_7_rg.sorted.bam,236773438,227963831,8809607,0.037206906
_1_TCGA-BR-4366-11A-01D-1154_130815_VM001_0002_VMR0002CXX_s_2_rg.sorted.bam,324339188,240321410,84017778,0.259042944
_1_TCGA-BR-6452-01A-12R-1802-13_rnaseq.bam,226940414,184681015,42259399,0.186213633
_1_TCGA-BR-6453-01A-11D-1798_130115_SN1222_0169_BD1K2PACXX_s_4_rg.sorted.bam,275443358,267273121,8170237,0.029662131
_1_TCGA-BR-6453-11A-01D-1798_130115_SN1222_0169_BD1K2PACXX_s_5_rg.sorted.bam,239175274,232055734,7119540,0.02976704
_1_TCGA-BR-6453-11A-01R-1802-13_rnaseq.bam,205229294,159532481,45696813,0.222662234
_1_TCGA-BR-6454-01A-11R-1802-13_rnaseq.bam,159786128,125639323,34146805,0.213703188
_1_TCGA-BR-6454-11A-01R-1802-13_rnaseq.bam,191886062,145478931,46407131,0.241847326
_1_TCGA-BR-6455-01A-11D-1798_130115_SN1222_0169_BD1K2PACXX_s_8_rg.sorted.bam,243508504,237021041,6487463,0.026641628
_1_TCGA-BR-6455-01A-11R-1802-13_rnaseq.bam,231220892,187260416,43960476,0.190123287
_1_TCGA-BR-6456-01A-11R-1802-13_rnaseq.bam,208933754,179398537,29535217,0.141361635
_1_TCGA-BR-6457-01A-21R-1802-13_rnaseq.bam,183081300,155141865,27939435,0.152606711
_1_TCGA-BR-6457-11A-01R-1802-13_rnaseq.bam,185971886,136182761,49789125,0.267723934
_1_TCGA-BR-6458-01A-11R-1802-13_rnaseq.bam,224073634,189573725,34499909,0.153966838
_1_TCGA-BR-6458-11A-01R-1802-13_rnaseq.bam,214441436,167677392,46764044,0.218073731
_1_TCGA-BR-6563-01A-13R-2055-13_rnaseq.bam,201965158,183654625,18310533,0.090661841
_1_TCGA-BR-6564-01A-12R-1884-13_rnaseq.bam,186224202,131133884,55090318,0.295827918
_1_TCGA-BR-6564-11A-01R-1884-13_rnaseq.bam,253148754,208790308,44358446,0.1752268
_1_TCGA-BR-6565-01A-11R-1802-13_rnaseq.bam,213137304,180632950,32504354,0.152504294
_1_TCGA-BR-6566-01A-11R-1802-13_rnaseq.bam,228473720,168257793,60215927,0.263557345
_1_TCGA-BR-6705-01A-12R-1884-13_rnaseq.bam,199425318,147112235,52313083,0.262319166
_1_TCGA-BR-6706-01A-11R-1884-13_rnaseq.bam,259407174,184511130,74896044,0.288720018
_1_TCGA-BR-6706-10A-01D-1880_121220_SN1222_0163_AC1HA2ACXX_s_6_rg.sorted.bam,459663334,437143083,22520251,0.048992924
_1_TCGA-BR-6707-01A-11R-1884-13_rnaseq.bam,152996664,110653144,42343520,0.276761067
_1_TCGA-BR-6709-01A-11R-1884-13_rnaseq.bam,192596894,158618247,33978647,0.17642365
_1_TCGA-BR-6710-01A-11R-1884-13_rnaseq.bam,236583322,192224274,44359048,0.187498627
_1_TCGA-BR-6710-10A-01D-1880_121220_SN1222_0164_BC1HJ3ACXX_s_4_rg.sorted.bam,505775672,479867252,25908420,0.051225121
_1_TCGA-BR-6801-01A-11D-1880_121220_SN1222_0164_BC1HJ3ACXX_s_5_rg.sorted.bam,514011710,493079005,20932705,0.040724179
_1_TCGA-BR-6801-01A-11R-1884-13_rnaseq.bam,208383708,171986381,36397327,0.174664936
_1_TCGA-BR-6802-01A-11R-1884-13_rnaseq.bam,167375330,138801972,28573358,0.170714274
_1_TCGA-BR-6802-10A-01D-1880_121220_SN1222_0164_BC1HJ3ACXX_s_8_rg.sorted.bam,565830366,535324887,30505479,0.053912764
_1_TCGA-BR-6802-11A-01R-1884-13_rnaseq.bam,143077076,86567213,56509863,0.394960986
_1_TCGA-BR-6803-01A-11R-1884-13_rnaseq.bam,195005014,163999154,31005860,0.159000322
_1_TCGA-BR-6852-01A-11R-1884-13_rnaseq.bam,185070428,152892945,32177483,0.173866151
_1_TCGA-BR-6852-11A-01R-1884-13_rnaseq.bam,274931606,224390579,50541027,0.183831273
_1_TCGA-BR-7196-01A-11R-2055-13_rnaseq.bam,194084236,177433757,16650479,0.085789961
_1_TCGA-BR-7197-01A-11R-2203-13_rnaseq.bam,201992898,174402482,27590416,0.13659102
_1_TCGA-BR-7703-01A-11R-2055-13_rnaseq.bam,283008352,255901595,27106757,0.095780767
_1_TCGA-BR-7703-11A-01R-2055-13_rnaseq.bam,292801994,257717129,35084865,0.119824543
_1_TCGA-BR-7704-01A-11R-2055-13_rnaseq.bam,143059720,129787303,13272417,0.09277536
_1_TCGA-BR-7704-11A-01R-2055-13_rnaseq.bam,241993292,220434414,21558878,0.089088742
_1_TCGA-BR-7707-01A-11R-2055-13_rnaseq.bam,127249402,113510207,13739195,0.107970606
_1_TCGA-BR-7715-01A-11R-2055-13_rnaseq.bam,150895998,140325639,10570359,0.070050625
_1_TCGA-BR-7715-11A-01R-2055-13_rnaseq.bam,166424400,146997600,19426800,0.116730479
_1_TCGA-BR-7716-01A-21R-2055-13_rnaseq.bam,267883160,237129744,30753416,0.114801602
_1_TCGA-BR-7716-11A-01R-2055-13_rnaseq.bam,177493848,158200130,19293718,0.10870077
_1_TCGA-BR-7717-01A-11R-2055-13_rnaseq.bam,169466590,138385802,31080788,0.183403631
_1_TCGA-BR-7717-11A-01R-2055-13_rnaseq.bam,208949118,178186065,30763053,0.147227484
_1_TCGA-BR-7722-01A-31R-2203-13_rnaseq.bam,192349590,139055082,53294508,0.277071077
_1_TCGA-BR-7723-01A-11R-2055-13_rnaseq.bam,166094314,153576128,12518186,0.075367938
_1_TCGA-BR-7851-01A-11R-2203-13_rnaseq.bam,217637524,173440432,44197092,0.203076617
_1_TCGA-BR-7851-11A-01R-2203-13_rnaseq.bam,253083792,180647820,72435972,0.286213398
_1_TCGA-BR-7901-01A-11R-2203-13_rnaseq.bam,245487992,198599567,46888425,0.19100089
_1_TCGA-BR-7957-01A-11R-2203-13_rnaseq.bam,238382740,200304898,38077842,0.159734056
_1_TCGA-BR-7958-01A-21R-2343-13_rnaseq.bam,100026346,75468276,24558070,0.245516016
_1_TCGA-BR-7959-01A-11R-2343-13_rnaseq.bam,371437990,316391913,55046077,0.148197219
_1_TCGA-BR-8058-01A-31R-2343-13_rnaseq.bam,238497538,196005530,42492008,0.178165395
_1_TCGA-BR-8059-01A-11R-2343-13_rnaseq.bam,224433990,162391817,62042173,0.2764384
_1_TCGA-BR-8060-01A-11R-2343-13_rnaseq.bam,201485416,168206592,33278824,0.165167408
_1_TCGA-BR-8060-11A-01R-2343-13_rnaseq.bam,232661838,181230551,51431287,0.221055964
_1_TCGA-BR-8077-01A-11R-2343-13_rnaseq.bam,219260172,159895746,59364426,0.270748789
_1_TCGA-BR-8078-01A-11R-2343-13_rnaseq.bam,273975714,199248405,74727309,0.27275158
_1_TCGA-BR-8080-01A-11R-2343-13_rnaseq.bam,219588066,166770658,52817408,0.240529501
_1_TCGA-BR-8081-01A-11R-2343-13_rnaseq.bam,257354746,186569255,70785491,0.275050265
_1_TCGA-BR-8284-01A-11R-2343-13_rnaseq.bam,262033822,208383869,53649953,0.204744382
_1_TCGA-BR-8286-01A-12R-2343-13_rnaseq.bam,253920944,161454195,92466749,0.36415566
_1_TCGA-BR-8289-01A-11R-2343-13_rnaseq.bam,257602924,226790593,30812331,0.119611728
_1_TCGA-BR-8291-01A-11R-2343-13_rnaseq.bam,189421722,157524563,31897159,0.168392298
_1_TCGA-BR-8295-01A-11R-2343-13_rnaseq.bam,231612896,186013982,45598914,0.19687554
_1_TCGA-BR-8296-01A-11R-2343-13_rnaseq.bam,222037122,193924159,28112963,0.126613797
_1_TCGA-BR-8297-01A-12R-2343-13_rnaseq.bam,249418700,204222574,45196126,0.181205844
_1_TCGA-BR-8361-01A-11R-2343-13_rnaseq.bam,225425098,190087582,35337516,0.156759457
_1_TCGA-BR-8362-01A-11R-2343-13_rnaseq.bam,282825092,243272991,39552101,0.139846506
_1_TCGA-BR-8363-01A-11R-2343-13_rnaseq.bam,261212174,219411873,41800301,0.160024322
_1_TCGA-BR-8364-01A-11R-2343-13_rnaseq.bam,259207778,209235550,49972228,0.192788304
_1_TCGA-BR-8365-01A-21R-2343-13_rnaseq.bam,224862624,181803664,43058960,0.191490072
_1_TCGA-BR-8366-01A-11R-2343-13_rnaseq.bam,256111804,200553666,55558138,0.216929236
_1_TCGA-BR-8367-01A-11R-2343-13_rnaseq.bam,203461572,179079794,24381778,0.119834806
_1_TCGA-BR-8368-01A-11R-2343-13_rnaseq.bam,242473334,205881847,36591487,0.150909324
_1_TCGA-BR-8369-01A-11R-2343-13_rnaseq.bam,250757838,211434797,39323041,0.156816797
_1_TCGA-BR-8371-01A-11R-2343-13_rnaseq.bam,240375628,173468556,66907072,0.278343826
_1_TCGA-BR-8372-01A-11R-2343-13_rnaseq.bam,231075700,196443567,34632133,0.149873539
_1_TCGA-BR-8373-01A-11R-2343-13_rnaseq.bam,240579202,212345305,28233897,0.117358013
_1_TCGA-BR-8380-01A-11R-2343-13_rnaseq.bam,248267770,203554570,44713200,0.180100703
_1_TCGA-BR-8381-01A-11R-2402-13_rnaseq.bam,146075612,130618817,15456795,0.105813659
_1_TCGA-BR-8382-01A-11R-2402-13_rnaseq.bam,84009260,76257610,7751650,0.092271376
_1_TCGA-BR-8384-01A-21R-2402-13_rnaseq.bam,126939052,116946318,9992734,0.078720723
_1_TCGA-BR-8483-01A-31R-2402-13_rnaseq.bam,125343122,114145723,11197399,0.089333972
_1_TCGA-BR-8484-01A-11R-2402-13_rnaseq.bam,220420970,202227791,18193179,0.082538331
_1_TCGA-BR-8485-01A-11R-2402-13_rnaseq.bam,133106480,120060304,13046176,0.098013079
_1_TCGA-BR-8486-01A-31R-2402-13_rnaseq.bam,235850530,215589417,20261113,0.085906582
_1_TCGA-BR-8487-01A-11R-2402-13_rnaseq.bam,151795456,135325993,16469463,0.108497734
_1_TCGA-BR-8588-01A-11R-2402-13_rnaseq.bam,150508062,136806573,13701489,0.091034917
_1_TCGA-BR-8589-01A-11R-2402-13_rnaseq.bam,119997400,108605600,11391800,0.094933724
_1_TCGA-BR-8590-01A-11R-2402-13_rnaseq.bam,135163156,124325336,10837820,0.080183242
_1_TCGA-BR-8591-01A-11R-2402-13_rnaseq.bam,214607332,195150675,19456657,0.09066166
_1_TCGA-BR-8592-01A-11R-2402-13_rnaseq.bam,260161076,239431789,20729287,0.079678664
_1_TCGA-BR-8676-01A-11R-2402-13_rnaseq.bam,101533878,83165183,18368695,0.180911981
_1_TCGA-BR-8677-01A-11R-2402-13_rnaseq.bam,112374688,102681033,9693655,0.086261908
_1_TCGA-BR-8678-01A-11R-2402-13_rnaseq.bam,210966704,192834698,18132006,0.08594724
_1_TCGA-BR-8679-01A-11R-2402-13_rnaseq.bam,236381628,218133694,18247934,0.077196922
_1_TCGA-BR-8680-01A-11R-2402-13_rnaseq.bam,183414558,166803913,16610645,0.090563395
_1_TCGA-BR-8682-01A-11R-2402-13_rnaseq.bam,154516508,143492449,11024059,0.07134551
_1_TCGA-BR-8683-01A-11R-2402-13_rnaseq.bam,229665766,211619658,18046108,0.078575524
_1_TCGA-BR-8686-01A-11R-2402-13_rnaseq.bam,119121212,107100637,12020575,0.100910449
_1_TCGA-BR-8687-01A-11R-2402-13_rnaseq.bam,229482746,207374185,22108561,0.096340842
_1_TCGA-BR-8690-01A-11R-2402-13_rnaseq.bam,80843164,69540322,11302842,0.13981197
_1_TCGA-BR-A44T-01A-32R-A24K-31_rnaseq.bam,222221202,188382460,33838742,0.152275038
_1_TCGA-BR-A452-01A-91R-A251-31_rnaseq.bam,301230290,274554280,26676010,0.088556865
_1_TCGA-BR-A453-01A-11R-A24K-31_rnaseq.bam,300027426,269006657,31020769,0.103393111
_1_TCGA-BR-A4CR-01A-11R-A24K-31_rnaseq.bam,264316456,237942766,26373690,0.099780734
_1_TCGA-BR-A4CS-01A-11R-A24K-31_rnaseq.bam,261298534,229450050,31848484,0.121885429
_1_TCGA-BR-A4IU-01A-22R-A251-31_rnaseq.bam,282483142,254336051,28147091,0.099641666
_1_TCGA-BR-A4IV-01A-31R-A251-31_rnaseq.bam,302054378,264690754,37363624,0.123698336
_1_TCGA-BR-A4IY-01A-11R-A251-31_rnaseq.bam,313943198,277853538,36089660,0.114956018
_1_TCGA-BR-A4IZ-01A-32R-A251-31_rnaseq.bam,336982070,299986377,36995693,0.109785346
_1_TCGA-BR-A4J1-01A-11R-A251-31_rnaseq.bam,329325828,303237289,26088539,0.079218017
_1_TCGA-BR-A4J2-01A-21R-A251-31_rnaseq.bam,294967956,257584102,37383854,0.126738696
_1_TCGA-BR-A4J4-01A-12R-A251-31_rnaseq.bam,244220810,208624580,35596230,0.145754287
_1_TCGA-BR-A4J5-01A-21R-A251-31_rnaseq.bam,258682298,226126316,32555982,0.12585315
_1_TCGA-BR-A4J6-01A-11R-A251-31_rnaseq.bam,259965946,225287012,34678934,0.133397987
_1_TCGA-BR-A4J7-01A-31R-A251-31_rnaseq.bam,212871282,185451356,27419926,0.128809888
_1_TCGA-BR-A4J8-01A-11R-A251-31_rnaseq.bam,278932332,244051909,34880423,0.125049767
_1_TCGA-BR-A4J9-01A-12R-A251-31_rnaseq.bam,265987108,230955019,35032089,0.131705966
_1_TCGA-BR-A4PD-01A-11R-A251-31_rnaseq.bam,311167388,271299526,39867862,0.128123523
_1_TCGA-BR-A4PE-01A-31R-A251-31_rnaseq.bam,343294988,306834520,36460468,0.1062074
_1_TCGA-BR-A4PF-01A-11R-A251-31_rnaseq.bam,263002234,233945967,29056267,0.110479164
_1_TCGA-BR-A4QI-01A-12R-A251-31_rnaseq.bam,329028366,295780455,33247911,0.101048768
_1_TCGA-BR-A4QL-01A-31R-A251-31_rnaseq.bam,280677382,243819777,36857605,0.13131662
_1_TCGA-BR-A4QM-01A-12R-A251-31_rnaseq.bam,242780458,215106481,27673977,0.113987663
_1_TCGA-BS-A0TA-01A-11D-A101_120403_SN1222_0094_BD0UKBACXX_s_1_rg.sorted.bam,268177286,259806359,8370927,0.031214154
_1_TCGA-BS-A0TE-01A-11D-A101_120407_SN590_0152_AC0C7LACXX_s_3_rg.sorted.bam,203056714,197566163,5490551,0.027039495
_1_TCGA-BS-A0TG-01A-32D-A101_120407_SN590_0152_AC0C7LACXX_s_4_rg.sorted.bam,183578014,178536075,5041939,0.02746483
_1_TCGA-BS-A0UF-01A-11D-A101_120407_SN590_0151_BC0KKJACXX_s_1_rg.sorted.bam,409519444,385726088,23793356,0.058100675
_1_TCGA-BT-A20O-01A-21D-A14U_120921_SN208_0431_BD1D5FACXX_s_3_rg.sorted.bam,532966656,493383983,39582673,0.074268573
_1_TCGA-BT-A20T-11A-11D-A14U_120926_SN1222_0152_AC187DACXX_s_8_rg.sorted.bam,561978874,528222224,33756650,0.060067472
_1_TCGA-BT-A20U-11A-11D-A14U_120927_SN208_0433_BD1D5JACXX_s_8_rg.sorted.bam,501017618,463806364,37211254,0.074271348
_1_TCGA-BT-A2LB-11A-11D-A18D_120904_SN1120_0186_BC1911ACXX_s_8_rg.sorted.bam,405888940,388349500,17539440,0.043212412
_1_TCGA-BT-A3PJ-01A-21D-A221_120906_SN208_0426_BC194HACXX_s_1_rg.sorted.bam,384345148,368723124,15622024,0.040645821
_1_TCGA-C5-A1BQ-01C-11D-A20X_140106_SN590_0243_AC371BACXX_s_2_rg.sorted.bam,356875960,343586166,13289794,0.037239253
_1_TCGA-C5-A3HD-10A-01D-A20X_140117_SN590_0245_AC371LACXX_s_5_rg.sorted.bam,392331866,375220633,17111233,0.043614181
_1_TCGA-CD-5798-01A-11R-1602-13_rnaseq.bam,212968296,151275828,61692468,0.289679117
_1_TCGA-CD-5799-01A-11R-1602-13_rnaseq.bam,203677772,163463438,40214334,0.197440956
_1_TCGA-CD-5800-01A-11R-1602-13_rnaseq.bam,211891028,140355101,71535927,0.337607154
_1_TCGA-CD-5801-01A-11R-1602-13_rnaseq.bam,180008074,106719442,73288632,0.407140804
_1_TCGA-CD-5803-01A-11R-1602-13_rnaseq.bam,194834844,131774065,63060779,0.323662738
_1_TCGA-CD-5803-10A-01D-1598_121107_SN590_0199_AC179PACXX_s_8_rg.sorted.bam,426111698,402759058,23352640,0.054804034
_1_TCGA-CD-5804-01A-12R-2055-13_rnaseq.bam,150826014,132479703,18346311,0.121638904
_1_TCGA-CD-5813-01A-11R-1602-13_rnaseq.bam,192326916,119803155,72523761,0.377085862
_1_TCGA-CD-8524-01A-11R-2343-13_rnaseq.bam,258109368,207177545,50931823,0.197326519
_1_TCGA-CD-8525-01A-11R-2343-13_rnaseq.bam,162065834,113237545,48828289,0.301286754
_1_TCGA-CD-8526-01A-11R-2343-13_rnaseq.bam,240013448,200953015,39060433,0.162742685
_1_TCGA-CD-8527-01A-11R-2343-13_rnaseq.bam,189327548,131314462,58013086,0.306416507
_1_TCGA-CD-8528-01A-11R-2343-13_rnaseq.bam,226096188,199098050,26998138,0.119409965
_1_TCGA-CD-8529-01A-11R-2343-13_rnaseq.bam,237693528,198481887,39211641,0.164967222
_1_TCGA-CD-8530-01A-11R-2343-13_rnaseq.bam,243198732,184192470,59006262,0.242625698
_1_TCGA-CD-8531-01A-11R-2343-13_rnaseq.bam,216069656,174136788,41932868,0.194071064
_1_TCGA-CD-8532-01A-11R-2343-13_rnaseq.bam,233478894,189281845,44197049,0.189297834
_1_TCGA-CD-8533-01A-11R-2343-13_rnaseq.bam,224903056,190128362,34774694,0.154620816
_1_TCGA-CD-8534-01A-11R-2343-13_rnaseq.bam,240016440,187280343,52736097,0.219718687
_1_TCGA-CD-8535-01A-11R-2343-13_rnaseq.bam,232533918,195589014,36944904,0.158879635
_1_TCGA-CD-8536-01A-11R-2343-13_rnaseq.bam,250757568,198293975,52463593,0.209220377
_1_TCGA-CD-A486-01A-11R-A24K-31_rnaseq.bam,292873356,260924276,31949080,0.10908838
_1_TCGA-CD-A487-01A-21R-A24K-31_rnaseq.bam,150004390,132207052,17797338,0.118645448
_1_TCGA-CD-A489-01A-11R-A24K-31_rnaseq.bam,177057878,158569954,18487924,0.104417404
_1_TCGA-CD-A48C-01A-11R-A24K-31_rnaseq.bam,262672262,229381249,33291013,0.126739735
_1_TCGA-CD-A4MG-01A-11R-A251-31_rnaseq.bam,226596094,197422483,29173611,0.128747193
_1_TCGA-CD-A4MH-01A-11R-A251-31_rnaseq.bam,293746416,261591125,32155291,0.109466156
_1_TCGA-CD-A4MI-01A-21R-A251-31_rnaseq.bam,307324092,263359461,43964631,0.143056246
_1_TCGA-CD-A4MJ-01A-11R-A251-31_rnaseq.bam,293040290,252888522,40151768,0.13701791
_1_TCGA-CE-A13K-01A-11D-A10R_120616_SN1120_0154_BD142VACXX_s_1_rg.sorted.bam,294995390,284045899,10949491,0.037117499
_1_TCGA-CE-A27D-10A-01D-A16N_120805_SN208_0422_BD16VPACXX_s_2_rg.sorted.bam,528854214,487955171,40899043,0.077335194
_1_TCGA-CF-A27C-01A-11D-A16N_120920_SN1222_0151_BD1D5CACXX_s_7_rg.sorted.bam,425789420,410436900,15352520,0.036056603
_1_TCGA-CF-A3MF-10A-01D-A21C_120914_SN590_0180_BC19KDACXX_s_2_rg.sorted.bam,266960932,256977509,9983423,0.037396569
_1_TCGA-CF-A3MG-01A-11D-A210_120914_SN590_0180_BC19KDACXX_s_7_rg.sorted.bam,278453418,268337925,10115493,0.036327415
_1_TCGA-CF-A3MH-10A-01D-A210_120906_SN208_0425_AD1CU2ACXX_s_2_rg.sorted.bam,267824982,258243820,9581162,0.035773967
_1_TCGA-CG-4300-01A-01D-1154_130815_VM001_0003_VMR0003CXX_s_3_rg.sorted.bam,344894840,331749501,13145339,0.038114049
_1_TCGA-CG-4301-10A-01D-1154_130218_SN208_0453_AC1T26ACXX_s_8_rg.sorted.bam,307342308,297166917,10175391,0.033107681
_1_TCGA-CG-4305-01A-01D-1154_130815_VM001_0001_VMR0001CXX_s_1_rg.sorted.bam,413237730,395544586,17693144,0.042815897
_1_TCGA-CG-4436-01A-01D-1154_130815_VM001_0003_VMR0003CXX_s_5_rg.sorted.bam,254505968,244211708,10294260,0.04044801
_1_TCGA-CG-4436-10A-01D-1154_130815_VM001_0003_VMR0003CXX_s_6_rg.sorted.bam,406068498,383765456,22303042,0.054924334
_1_TCGA-CG-4437-01A-01R-1802-13_rnaseq.bam,179159292,112810750,66348542,0.370332687
_1_TCGA-CG-4441-01A-01R-1802-13_rnaseq.bam,226909110,185441757,41467353,0.182748736
_1_TCGA-CG-4466-01A-01D-1154_130815_VM001_0005_VMR0005CXX_s_4_rg.sorted.bam,336303582,309357730,26945852,0.080123595
_1_TCGA-CG-4469-01A-01D-1154_130815_VM001_0005_VMR0005CXX_s_7_rg.sorted.bam,407281914,391376845,15905069,0.039051744
_1_TCGA-CG-4472-01A-01D-1154_121026_SN1120_0197_AC1878ACXX_s_4_rg.sorted.bam,448253104,429348237,18904867,0.042174537
_1_TCGA-CG-4472-10A-01D-1154_130815_VM001_0006_VMR0006CXX_s_2_rg.sorted.bam,572608530,534743682,37864848,0.066126937
_1_TCGA-CG-4475-01A-01D-1154_130815_VM001_0006_VMR0006CXX_s_5_rg.sorted.bam,449098704,431599598,17499106,0.038964944
_1_TCGA-CG-4476-01A-01D-1154_130815_VM001_0006_VMR0006CXX_s_7_rg.sorted.bam,487914968,460864602,27050366,0.055440738
_1_TCGA-CG-4477-01A-01R-1157-13_rnaseq.bam,176683420,152378331,24305089,0.13756293
_1_TCGA-CG-5716-01A-21R-1802-13_rnaseq.bam,199349648,158631843,40717805,0.204253207
_1_TCGA-CG-5717-01A-11D-1598_121029_SN208_0438_AC18NJACXX_s_5_rg.sorted.bam,532042208,493816175,38226033,0.071847745
_1_TCGA-CG-5717-01A-11R-1602-13_rnaseq.bam,200455524,147348630,53106894,0.264931058
_1_TCGA-CG-5718-01A-11R-1602-13_rnaseq.bam,214631046,168472904,46158142,0.215058086
_1_TCGA-CG-5719-01A-11R-1602-13_rnaseq.bam,224441096,134676346,89764750,0.399947922
_1_TCGA-CG-5720-01A-11D-1598_121029_SN208_0439_BD1KHKACXX_s_2_rg.sorted.bam,413944452,396135094,17809358,0.043023546
_1_TCGA-CG-5720-01A-11R-1602-13_rnaseq.bam,193406536,166425376,26981160,0.139504903
_1_TCGA-CG-5720-11A-01R-1602-13_rnaseq.bam,173428574,112201162,61227412,0.353041085
_1_TCGA-CG-5721-01A-11R-1602-13_rnaseq.bam,213792162,156406703,57385459,0.268417039
_1_TCGA-CG-5721-11A-01R-1602-13_rnaseq.bam,128221292,77770709,50450583,0.39346494
_1_TCGA-CG-5722-01A-21R-1602-13_rnaseq.bam,181406820,123926394,57480426,0.316859234
_1_TCGA-CG-5722-11A-02R-1602-13_rnaseq.bam,136334984,91029657,45305327,0.332308889
_1_TCGA-CG-5723-01A-11R-1602-13_rnaseq.bam,225199356,96155898,129043458,0.57301877
_1_TCGA-CG-5724-01A-11R-1602-13_rnaseq.bam,184186374,141203326,42983048,0.233367144
_1_TCGA-CG-5724-11A-01D-1598_121011_SN208_0434_AC18MYACXX_s_8_rg.sorted.bam,404686958,387743360,16943598,0.041868406
_1_TCGA-CG-5725-01A-11R-1602-13_rnaseq.bam,195430592,135550609,59879983,0.306400254
_1_TCGA-CG-5726-01A-11R-1602-13_rnaseq.bam,178689264,139926787,38762477,0.216926726
_1_TCGA-CG-5728-11A-01R-1602-13_rnaseq.bam,201837108,89524958,112312150,0.556449461
_1_TCGA-CG-5730-11A-01R-1602-13_rnaseq.bam,194692686,101991259,92701427,0.476142319
_1_TCGA-CG-5732-01A-11R-1602-13_rnaseq.bam,196470484,158535371,37935113,0.193083013
_1_TCGA-CG-5733-11A-01R-1602-13_rnaseq.bam,226130466,156115743,70014723,0.30962092
_1_TCGA-CG-5734-01A-11R-1602-13_rnaseq.bam,173443180,102633858,70809322,0.408256594
_1_TCGA-CG-5734-11A-01R-1602-13_rnaseq.bam,209750924,157795523,51955401,0.247700463
_1_TCGA-CH-5743-01A-21D-1572_130104_SN1120_0209_BD1KP6ACXX_s_3_rg.sorted.bam,474320994,415882795,58438199,0.123203906
_1_TCGA-CH-5762-11A-01D-1572_130104_SN208_0445_AC1JWAACXX_s_2_rg.sorted.bam,552778600,514993359,37785241,0.068355108
_1_TCGA-CH-5763-01A-11D-1572_130104_SN208_0445_AC1JWAACXX_s_3_rg.sorted.bam,522054818,492414769,29640049,0.056775741
_1_TCGA-CH-5771-01A-21D-1572_130104_SN208_0446_BD1KR5ACXX_s_7_rg.sorted.bam,529491732,497470809,32020923,0.060474831
_1_TCGA-CH-5771-11A-01D-1572_130104_SN208_0446_BD1KR5ACXX_s_8_rg.sorted.bam,496421944,470587146,25834798,0.052042014
_1_TCGA-CH-5772-11A-01D-1572_130125_SN208_0450_AC1K3NACXX_s_2_rg.sorted.bam,505736920,479309403,26427517,0.052255463
_1_TCGA-CH-5788-01A-11D-1572_130125_SN208_0450_AC1K3NACXX_s_3_rg.sorted.bam,418576844,401980676,16596168,0.039649035
_1_TCGA-CH-5789-01A-11D-1572_130125_SN208_0450_AC1K3NACXX_s_5_rg.sorted.bam,465251904,445096497,20155407,0.043321493
_1_TCGA-CM-4744-10A-01D-1405-02_IlluminaHiSeq-DNASeq_whole.bam,116724064,106714028,10010036,0.085758118
_1_TCGA-CM-4746-10A-01D-1405-02_IlluminaHiSeq-DNASeq_whole.bam,205356388,182742956,22613432,0.110117987
_1_TCGA-CN-4730-10A-01D-1431_120513_SN590_0157_AD0PU3ACXX_s_6_rg.sorted.bam,137179414,127919530,9259884,0.067501994
_1_TCGA-CN-4733-10A-01D-1868_120530_SN1222_0110_AC0VLAACXX_s_6_rg.sorted.bam,365357662,352806800,12550862,0.034352262
_1_TCGA-CN-4735-10A-01D-1431_120412_SN208_0284_BD0T51ACXX_s_2_rg.sorted.bam,201870806,186798047,15072759,0.074665373
_1_TCGA-CN-4738-10A-01D-1509_120420_SN208_0286_BD0T87ACXX_s_2_rg.sorted.bam,445539824,424034947,21504877,0.048267014
_1_TCGA-CN-4740-10A-01D-1431_120412_SN208_0284_BD0T51ACXX_s_5_rg.sorted.bam,399958644,383277427,16681217,0.041707355
_1_TCGA-CN-5363-01A-01D-1431_120418_SN1222_0098_BD0T68ACXX_s_3_rg.sorted.bam,418114196,403882584,14231612,0.03403762
_1_TCGA-CN-5367-01A-01D-1431_120420_SN1120_0134_AC0J8YACXX_s_2_rg.sorted.bam,353479674,336849603,16630071,0.047046753
_1_TCGA-CN-6013-10A-01D-1681_120425_SN1222_0099_AC0JCEACXX_s_5_rg.sorted.bam,430683170,406396943,24286227,0.056390007
_1_TCGA-CN-6018-10A-01D-1681_120425_SN1222_0099_AC0JCEACXX_s_7_rg.sorted.bam,363618000,350987032,12630968,0.034736916
_1_TCGA-CS-4938-01B-11D-1891_130919_SN590_0238_AC29TRACXX_s_1_rg.sorted.bam,255271712,247785746,7485966,0.029325482
_1_TCGA-CS-4941-01A-01D-1465_130808_SN208_0487_AC28U7ACXX_s_1_rg.sorted.bam,517779856,488623506,29156350,0.056310321
_1_TCGA-CS-6290-01A-11D-1703_130808_SN208_0487_AC28U7ACXX_s_7_rg.sorted.bam,518377252,490217244,28160008,0.054323387
_1_TCGA-CU-A3KJ-01A-11D-A21C_120914_SN590_0179_AD13PPACXX_s_7_rg.sorted.bam,345100282,332280144,12820138,0.037149022
_1_TCGA-CU-A3KJ-10A-01D-A21C_120914_SN590_0179_AD13PPACXX_s_8_rg.sorted.bam,282216204,272759556,9456648,0.033508522
_1_TCGA-CV-5431-11A-01D-1509_120420_SN208_0286_BD0T87ACXX_s_6_rg.sorted.bam,461441410,424178081,37263329,0.080754194
_1_TCGA-CV-5966-11A-01D-1681_120427_SN1120_0136_AC0JEMACXX_s_6_rg.sorted.bam,346956254,327296719,19659535,0.056662864
_1_TCGA-CV-5971-01A-11D-1681_120427_SN1120_0136_AC0JEMACXX_s_4_rg.sorted.bam,557947012,520371480,37575532,0.067346058
_1_TCGA-CV-6933-10A-01D-1911_120504_SN208_0296_AC0V09ACXX_s_7_rg.sorted.bam,502935226,418269433,84665793,0.168343335
_1_TCGA-CV-6939-01A-11D-1911_120504_SN208_0297_BC0VJEACXX_s_1_rg.sorted.bam,515372706,462490811,52881895,0.102609033
_1_TCGA-CV-6939-10A-01D-1911_120504_SN208_0297_BC0VJEACXX_s_5_rg.sorted.bam,540195782,466698387,73497395,0.136056958
_1_TCGA-CV-6951-10A-01D-1911_120504_SN208_0297_BC0VJEACXX_s_8_rg.sorted.bam,524824198,462770690,62053508,0.118236751
_1_TCGA-CV-6960-01A-41D-2317_120623_SN1222_0118_AD13T1ACXX_s_6_rg.sorted.bam,353245836,340682334,12563502,0.035565888
_1_TCGA-CV-7178-01A-21D-2317_120623_SN1222_0118_AD13T1ACXX_s_7_rg.sorted.bam,474468866,456147410,18321456,0.038614664
_1_TCGA-CV-7238-10A-01D-2317_120710_SN590_0166_AC0VNFACXX_s_6_rg.sorted.bam,397339556,378862174,18477382,0.04650275
_1_TCGA-CV-7247-01A-11D-2317_120730_SN1222_0140_AC11GKACXX_s_7_rg.sorted.bam,318276832,303891154,14385678,0.045198634
_1_TCGA-CV-7263-10A-01D-2317_120623_SN1222_0118_AD13T1ACXX_s_4_rg.sorted.bam,489752202,468020635,21731567,0.044372576
_1_TCGA-CV-7407-01A-11D-2317_120710_SN590_0166_AC0VNFACXX_s_8_rg.sorted.bam,327238468,313032875,14205593,0.043410523
_1_TCGA-CV-7432-01A-11D-2317_120730_SN1222_0141_BC115GACXX_s_1_rg.sorted.bam,392222204,372863740,19358464,0.04935586
_1_TCGA-CV-7434-01A-11D-2317_120730_SN1222_0141_BC115GACXX_s_3_rg.sorted.bam,295671238,284110532,11560706,0.039099867
_1_TCGA-D1-A16D-01A-11D-A12F_120511_SN208_0299_BD12J9ACXX_s_3_rg.sorted.bam,321235520,308494574,12740946,0.03966232
_1_TCGA-D1-A16E-10A-01D-A12F_120523_SN1222_0109_BD12MPACXX_s_7_rg.sorted.bam,560621984,534081930,26540054,0.047340373
_1_TCGA-D1-A16N-01A-11D-A12F_120522_SN208_0301_BC0VNWACXX_s_2_rg.sorted.bam,385776064,366736946,19039118,0.049352772
_1_TCGA-D1-A16Q-01A-12D-A12F_120511_SN208_0299_BD12J9ACXX_s_5_rg.sorted.bam,300682528,287912047,12770481,0.042471643
_1_TCGA-D1-A17C-10A-01D-A12F_120418_SN1222_0097_AC0M28ACXX_s_7_rg.sorted.bam,408232932,394180959,14051973,0.034421459
_1_TCGA-D1-A17R-10A-01D-A12F_120523_SN1222_0109_BD12MPACXX_s_2_rg.sorted.bam,539533492,517465885,22067607,0.040901274
_1_TCGA-D3-A1QB-06A-11D-A18Z_120626_SN590_0164_BC0VMVACXX_s_3_rg.sorted.bam,283988452,272724836,11263616,0.039662232
_1_TCGA-D3-A3CE-10A-01D-A18Z_120626_SN590_0164_BC0VMVACXX_s_8_rg.sorted.bam,305542434,292784670,12757764,0.041754475
_1_TCGA-D6-6515-10A-01D-1868_120530_SN1222_0110_AC0VLAACXX_s_8_rg.sorted.bam,560667804,520795305,39872499,0.071116085
_1_TCGA-D6-6517-01A-11D-1868_120427_SN208_0288_BD0RWBACXX_s_3_rg.sorted.bam,466647116,439495771,27151345,0.058183891
_1_TCGA-D6-6823-01A-11D-1911_120518_SN1120_0143_BC0VN6ACXX_s_1_rg.sorted.bam,294841406,284491057,10350349,0.035104801
_1_TCGA-D6-6823-10A-01D-1911_120518_SN1120_0143_BC0VN6ACXX_s_5_rg.sorted.bam,416212046,391163244,25048802,0.06018279
_1_TCGA-D6-6826-01A-11D-1911_120518_SN1120_0143_BC0VN6ACXX_s_3_rg.sorted.bam,273172772,265730393,7442379,0.02724422
_1_TCGA-D6-6827-01A-11D-1911_120518_SN1120_0143_BC0VN6ACXX_s_4_rg.sorted.bam,282964140,274247611,8716529,0.030804359
_1_TCGA-D7-5577-01A-01R-1602-13_rnaseq.bam,202716374,107508979,95207395,0.469658139
_1_TCGA-D7-5577-10A-01D-1598_121023_SN208_0437_BD1H3FACXX_s_4_rg.sorted.bam,348891186,336540245,12350941,0.035400553
_1_TCGA-D7-5578-01A-01R-1602-13_rnaseq.bam,161265938,129847907,31418031,0.194821246
_1_TCGA-D7-5579-01A-01D-1598_121023_SN208_0437_BD1H3FACXX_s_3_rg.sorted.bam,304770178,295255831,9514347,0.031218104
_1_TCGA-D7-5579-10A-01D-1598_121023_SN208_0437_BD1H3FACXX_s_6_rg.sorted.bam,550137432,483520538,66616894,0.121091368
_1_TCGA-D7-6518-01A-11R-1802-13_rnaseq.bam,237525488,187697516,49827972,0.209779474
_1_TCGA-D7-6519-01A-11R-1802-13_rnaseq.bam,232624902,174212316,58412586,0.251102034
_1_TCGA-D7-6519-10A-01D-1798_130214_SN1120_0236_AC1RPCACXX_s_6_rg.sorted.bam,460820592,439317757,21502835,0.046662053
_1_TCGA-D7-6520-01A-11R-1802-13_rnaseq.bam,199411322,163114802,36296520,0.182018351
_1_TCGA-D7-6521-01A-11R-1802-13_rnaseq.bam,220348228,173300956,47047272,0.213513276
_1_TCGA-D7-6522-01A-11R-1802-13_rnaseq.bam,188292330,142447387,45844943,0.243477485
_1_TCGA-D7-6524-01A-11R-1802-13_rnaseq.bam,207445818,168255622,39190196,0.188917744
_1_TCGA-D7-6525-01A-11R-1802-13_rnaseq.bam,208049236,161169872,46879364,0.22532822
_1_TCGA-D7-6525-10A-01D-1798_130214_SN1120_0237_BD1TGLACXX_s_8_rg.sorted.bam,580206330,540270367,39935963,0.068830623
_1_TCGA-D7-6526-01A-11D-1798_130218_SN208_0453_AC1T26ACXX_s_1_rg.sorted.bam,462070504,441997229,20073275,0.043442018
_1_TCGA-D7-6526-01A-11R-1802-13_rnaseq.bam,213493318,180668030,32825288,0.153753234
_1_TCGA-D7-6527-01A-11R-1802-13_rnaseq.bam,241936382,181779888,60156494,0.248645919
_1_TCGA-D7-6528-01A-11R-1802-13_rnaseq.bam,222434406,173358403,49076003,0.220631349
_1_TCGA-D7-6815-01A-11R-1884-13_rnaseq.bam,249848870,196171984,53676886,0.214837418
_1_TCGA-D7-6815-10A-01D-1880_130111_SN208_0447_AC1JP0ACXX_s_2_rg.sorted.bam,480168376,451866881,28301495,0.058940772
_1_TCGA-D7-6817-01A-11R-1884-13_rnaseq.bam,233076972,200355429,32721543,0.140389429
_1_TCGA-D7-6818-01A-11R-1884-13_rnaseq.bam,219263494,162615102,56648392,0.258357609
_1_TCGA-D7-6820-01A-11R-1884-13_rnaseq.bam,271366260,226173249,45193011,0.166538799
_1_TCGA-D7-6820-10A-01D-1880_121220_SN1120_0207_BC1JALACXX_s_4_rg.sorted.bam,219361562,188093491,31268071,0.142541249
_1_TCGA-D7-6822-01A-11R-1884-13_rnaseq.bam,265584104,217193576,48390528,0.182204158
_1_TCGA-D7-8570-01A-11R-2343-13_rnaseq.bam,225570908,192745109,32825799,0.145523194
_1_TCGA-D7-8572-01A-11R-2343-13_rnaseq.bam,227695588,197240107,30455481,0.133755253
_1_TCGA-D7-8573-01A-11R-2343-13_rnaseq.bam,224966964,189611999,35354965,0.157156253
_1_TCGA-D7-8574-01A-13R-2343-13_rnaseq.bam,230108892,160342975,69765917,0.303186532
_1_TCGA-D7-8575-01A-11R-2343-13_rnaseq.bam,242057834,201903029,40154805,0.165889301
_1_TCGA-D7-8576-01A-11R-2343-13_rnaseq.bam,251147028,207878810,43268218,0.172282421
_1_TCGA-D7-8578-01A-21R-2343-13_rnaseq.bam,229803128,197825613,31977515,0.139151783
_1_TCGA-D7-8579-01A-11R-2343-13_rnaseq.bam,246782372,209197293,37585079,0.152300501
_1_TCGA-D7-A4YT-01A-11R-A251-31_rnaseq.bam,298189762,264416091,33773671,0.113262343
_1_TCGA-D7-A4YU-01A-21R-A251-31_rnaseq.bam,233256192,195356322,37899870,0.162481732
_1_TCGA-D7-A4YV-01A-11R-A251-31_rnaseq.bam,298726472,255213864,43512608,0.145660369
_1_TCGA-D7-A4YX-01A-11R-A251-31_rnaseq.bam,229968452,205007035,24961417,0.108542788
_1_TCGA-D7-A4YY-01A-11R-A251-31_rnaseq.bam,277999860,240292067,37707793,0.135639611
_1_TCGA-D7-A4Z0-01A-22R-A251-31_rnaseq.bam,273149134,240397920,32751214,0.119902317
_1_TCGA-D7-A747-01A-22R-A33Y-31_rnaseq.bam,186690386,70910497,115779889,0.620170602
_1_TCGA-D7-A74A-01A-11R-A32D-31_rnaseq.bam,233462410,155106689,78355721,0.33562457
_1_TCGA-D9-A1JW-06A-11D-A18Z_120517_SN208_0300_BC0VYMACXX_s_3_rg.sorted.bam,230636302,221426299,9210003,0.039933015
_1_TCGA-D9-A1JX-10A-01D-A18Z_120518_SN1120_0142_AC0VG4ACXX_s_7_rg.sorted.bam,214445216,207144437,7300779,0.034044961
_1_TCGA-DA-A1IC-06A-11D-A18Y_120730_SN208_0420_BC12YJACXX_s_1_rg.sorted.bam,317115414,305902298,11213116,0.035359732
_1_TCGA-DB-5279-01A-01D-1465_130806_SN1440_0159_BC29Y3ACXX_s_7_rg.sorted.bam,314100402,301254831,12845571,0.040896385
_1_TCGA-DE-A0Y2-01A-11D-A10R_120617_SN1222_0116_AC0WMMACXX_s_3_rg.sorted.bam,286140242,275968831,10171411,0.035546943
_1_TCGA-DE-A0Y2-10A-01D-A10R_120617_SN1222_0116_AC0WMMACXX_s_6_rg.sorted.bam,316417192,304764634,11652558,0.036826564
_1_TCGA-DE-A0Y3-01B-11D-A10R_120617_SN1222_0117_BD1414ACXX_s_3_rg.sorted.bam,272016062,263260853,8755209,0.032186368
_1_TCGA-DI-A1BU-01A-11D-A133_120511_SN1120_0141_BC0VK9ACXX_s_7_rg.sorted.bam,387815456,366586842,21228614,0.054738958
_1_TCGA-DJ-A13L-01A-11D-A221_120610_SN1120_0151_AC0WN0ACXX_s_5_rg.sorted.bam,557500142,525162989,32337153,0.058003847
_1_TCGA-DJ-A13T-01A-11D-A10R_120629_SN1120_0167_AC0WMBACXX_s_1_rg.sorted.bam,318322948,304894367,13428581,0.0421854
_1_TCGA-DJ-A13X-01A-11D-A10R_120617_SN1222_0117_BD1414ACXX_s_1_rg.sorted.bam,305355948,294712045,10643903,0.034857363
_1_TCGA-DJ-A1QE-01A-21D-A14U_120711_SN1120_0173_AC0WN6ACXX_s_2_rg.sorted.bam,371277754,355057580,16220174,0.043687438
_1_TCGA-DJ-A1QE-10A-01D-A14U_120711_SN1120_0173_AC0WN6ACXX_s_4_rg.sorted.bam,397562032,380462881,17099151,0.04301002
_1_TCGA-DJ-A1QF-10A-01D-A14U_120629_SN1120_0167_AC0WMBACXX_s_6_rg.sorted.bam,342091810,329834883,12256927,0.035829349
_1_TCGA-DJ-A1QG-10A-01D-A14U_120629_SN1222_0121_BD143UACXX_s_4_rg.sorted.bam,472823440,447851019,24972421,0.052815531
_1_TCGA-DJ-A1QL-01A-11D-A14U_120711_SN1120_0173_AC0WN6ACXX_s_1_rg.sorted.bam,400801894,381400921,19400973,0.048405393
_1_TCGA-DJ-A1QQ-10A-01D-A14U_120629_SN1222_0120_AC0WKWACXX_s_7_rg.sorted.bam,392613336,367247724,25365612,0.064607107
_1_TCGA-DK-A1A6-10A-01D-A13U_121011_SN590_0184_BC192GACXX_s_8_rg.sorted.bam,397249902,374765110,22484792,0.056601127
_1_TCGA-DK-A1A7-01A-11D-A13U_121025_SN590_0188_AC190CACXX_s_1_rg.sorted.bam,378947494,362556942,16390552,0.043252831
_1_TCGA-DK-A1AA-10A-01D-A13U_121025_SN590_0188_AC190CACXX_s_4_rg.sorted.bam,453293554,423826318,29467236,0.06500696
_1_TCGA-DK-A2I2-01A-11D-A17R_120927_SN208_0433_BD1D5JACXX_s_3_rg.sorted.bam,434140666,411996279,22144387,0.051007401
_1_TCGA-DK-A3IV-10A-01D-A21C_120830_SN590_0177_BD141PACXX_s_8_rg.sorted.bam,271519688,263760792,7758896,0.028575814
_1_TCGA-DK-A3X2-01A-11D-A233_120829_SN1120_0184_BD1DRAACXX_s_3_rg.sorted.bam,339412568,327135164,12277404,0.036172508
_1_TCGA-DO-A1JZ-10A-01D-A13U_120706_SN1222_0123_BD1488ACXX_s_7_rg.sorted.bam,445590860,427282928,18307932,0.041086866
_1_TCGA-DU-5852-01A-11D-1703_130806_SN1222_0209_AD2AW0ACXX_s_7_rg.sorted.bam,637632052,426689269,210942783,0.330822113
_1_TCGA-DU-5852-10A-01D-1703_130806_SN1222_0209_AD2AW0ACXX_s_8_rg.sorted.bam,416973630,398316288,18657342,0.044744657
_1_TCGA-DU-6402-01A-11D-1703_130813_SN1440_0160_AD2B87ACXX_s_4_rg.sorted.bam,343588814,330835786,12753028,0.037117122
_1_TCGA-DU-6405-01A-11D-1703_130813_SN1440_0160_AD2B87ACXX_s_6_rg.sorted.bam,354334192,342410979,11923213,0.033649626
_1_TCGA-DU-6405-10A-01D-1703_130813_SN1440_0161_BC29ENACXX_s_5_rg.sorted.bam,446996452,424388364,22608088,0.05057778
_1_TCGA-DU-7008-01A-11D-2022_130910_SN208_0495_BD2FGNACXX_s_1_rg.sorted.bam,351382514,340341209,11041305,0.031422466
_1_TCGA-DU-7010-10A-01D-2022_130910_SN208_0495_BD2FGNACXX_s_4_rg.sorted.bam,312633446,303144144,9489302,0.030352805
_1_TCGA-DU-7292-01A-11D-2022_130911_SN1222_0218_BC2A1NACXX_s_1_rg.sorted.bam,379331118,365613053,13718065,0.036163827
_1_TCGA-EA-A3HU-01A-11D-A20X_140106_SN590_0244_BC384EACXX_s_3_rg.sorted.bam,328981876,316205814,12776062,0.038835155
_1_TCGA-EA-A3Y4-01A-51D-A245_140124_SN1440_0178_AC2PL6ACXX_s_1_rg.sorted.bam,444823544,423589042,21234502,0.047736911
_1_TCGA-EE-A17X-10A-01D-A190_120730_SN1222_0141_BC115GACXX_s_7_rg.sorted.bam,497560582,477276318,20284264,0.040767426
_1_TCGA-EE-A20H-06A-11D-A18Y_120730_SN1222_0141_BC115GACXX_s_8_rg.sorted.bam,534246932,508709535,25537397,0.047800737
_1_TCGA-EE-A29T-06A-11D-A18Y_120726_SN590_0172_BC0WN3ACXX_s_5_rg.sorted.bam,479470330,452120791,27349539,0.05704115
_1_TCGA-EE-A29V-06A-12D-A18Y_120726_SN590_0172_BC0WN3ACXX_s_4_rg.sorted.bam,501838148,469412046,32426102,0.064614661
_1_TCGA-EE-A2A1-06A-11D-A18Y_120726_SN590_0172_BC0WN3ACXX_s_3_rg.sorted.bam,397277048,377329724,19947324,0.050210109
_1_TCGA-EE-A2GC-06A-11D-A18Y_120726_SN590_0171_AD13PJACXX_s_3_rg.sorted.bam,472519982,442437728,30082254,0.063663454
_1_TCGA-EE-A2GP-06A-11D-A18Y_120726_SN590_0171_AD13PJACXX_s_2_rg.sorted.bam,523576064,484110438,39465626,0.075377063
_1_TCGA-EE-A2GT-10A-01D-A190_120724_SN208_0418_BD13N7ACXX_s_5_rg.sorted.bam,367586596,352936420,14650176,0.039855033
_1_TCGA-EE-A2MD-10A-01D-A190_120724_SN1222_0139_BD13UNACXX_s_8_rg.sorted.bam,307747244,297116159,10631085,0.034544859
_1_TCGA-EE-A2ME-06A-11D-A18Y_120724_SN1222_0139_BD13UNACXX_s_3_rg.sorted.bam,303176256,292337556,10838700,0.035750491
_1_TCGA-EE-A2ME-10A-01D-A190_120724_SN1222_0139_BD13UNACXX_s_7_rg.sorted.bam,341412736,328690005,12722731,0.037264957
_1_TCGA-EE-A2MJ-06A-11D-A18Y_120724_SN1222_0138_AC1168ACXX_s_4_rg.sorted.bam,310159312,297252417,12906895,0.041613759
_1_TCGA-EE-A2MN-10A-01D-A190_120724_SN1222_0138_AC1168ACXX_s_6_rg.sorted.bam,327883608,316314604,11569004,0.035283874
_1_TCGA-EE-A2MQ-10A-01D-A190_120718_SN1222_0126_AC117AACXX_s_8_rg.sorted.bam,198381652,191670132,6711520,0.033831355
_1_TCGA-EJ-5494-01A-01D-1572_130125_SN208_0451_BD1RB1ACXX_s_7_rg.sorted.bam,512485074,484442855,28042219,0.054718118
_1_TCGA-EJ-5494-10A-01D-1573_130125_SN208_0451_BD1RB1ACXX_s_8_rg.sorted.bam,460852354,433497796,27354558,0.059356446
_1_TCGA-EJ-5496-10A-01D-1573_130125_SN1120_0233_AD1K3HACXX_s_4_rg.sorted.bam,542778576,514941577,27836999,0.051286105
_1_TCGA-EJ-5503-01A-01D-1572_130223_SN590_0214_BC1UJ3ACXX_s_7_rg.sorted.bam,431278628,411031810,20246818,0.046946027
_1_TCGA-EJ-5509-10A-01D-1573_130308_SN590_0219_BC1UVPACXX_s_4_rg.sorted.bam,565537882,492559154,72978728,0.129043041
_1_TCGA-EJ-5511-10A-01D-1573_130308_SN590_0219_BC1UVPACXX_s_8_rg.sorted.bam,539004746,491521047,47483699,0.088095141
_1_TCGA-EJ-5515-01A-01D-1572_130131_SN1120_0235_BD1TAFACXX_s_1_rg.sorted.bam,444600738,424297144,20303594,0.045667027
_1_TCGA-EJ-5517-10A-01D-1573_130131_SN1120_0235_BD1TAFACXX_s_6_rg.sorted.bam,515101826,487449613,27652213,0.053683003
_1_TCGA-EJ-7125-01A-11D-1957_130221_SN1120_0239_BD1V59ACXX_s_7_rg.sorted.bam,390659770,377766188,12893582,0.033004632
_1_TCGA-EJ-7328-01A-31D-2111_130502_SN590_0228_AD24A9ACXX_s_2_rg.sorted.bam,539776926,460129387,79647539,0.147556398
_1_TCGA-EJ-7781-10A-01D-2111_130502_SN590_0228_AD24A9ACXX_s_7_rg.sorted.bam,549265354,482000108,67265246,0.122464025
_1_TCGA-EJ-7785-10A-01D-2111_130502_SN590_0229_BD2459ACXX_s_5_rg.sorted.bam,559320434,481829301,77491133,0.138545149
_1_TCGA-EK-A2RN-01A-12D-A20X_140117_SN590_0246_BC37BDACXX_s_2_rg.sorted.bam,350585852,338589696,11996156,0.034217456
_1_TCGA-EK-A3GN-10A-01D-A20X_140417_SN590_0248_AC3EUFACXX_s_5_rg.sorted.bam,424018636,403862020,20156616,0.047537099
_1_TCGA-EL-A3T6-11A-11D-A221_120523_SN1222_0108_AC0VL4ACXX_s_8_rg.sorted.bam,336099872,324398631,11701241,0.034814774
_1_TCGA-EM-A1CS-01A-11D-A13U_120711_SN1120_0173_AC0WN6ACXX_s_5_rg.sorted.bam,388708262,370358722,18349540,0.047206457
_1_TCGA-EM-A1YA-01A-11D-A14U_120629_SN1222_0121_BD143UACXX_s_2_rg.sorted.bam,307852776,295598932,12253844,0.039804234
_1_TCGA-EM-A1YB-01A-11D-A14U_120717_SN1120_0175_AC1179ACXX_s_1_rg.sorted.bam,350692296,334714430,15977866,0.045560927
_1_TCGA-EM-A1YD-11A-11D-A14U_120629_SN1120_0168_BD1454ACXX_s_7_rg.sorted.bam,195148422,188695776,6452646,0.033065325
_1_TCGA-EM-A3FR-10A-01D-A221_120610_SN1120_0152_BD13TDACXX_s_3_rg.sorted.bam,262433514,253844817,8588697,0.032727135
_1_TCGA-EM-A3O6-10A-01D-A221_120524_SN1120_0144_AC0VNCACXX_s_4_rg.sorted.bam,316620784,305148685,11472099,0.036232931
_1_TCGA-EM-A3OB-10A-01D-A221_120610_SN1120_0152_BD13TDACXX_s_8_rg.sorted.bam,355849240,341465679,14383561,0.040420379
_1_TCGA-EQ-8122-01A-11R-2343-13_rnaseq.bam,266366464,213386650,52979814,0.198898214
_1_TCGA-EQ-A4SO-01A-11R-A251-31_rnaseq.bam,293790706,264536567,29254139,0.09957476
_1_TCGA-ER-A19D-06A-11D-A18Y_120723_SN1120_0177_AC11GTACXX_s_3_rg.sorted.bam,358339302,339701992,18637310,0.052010231
_1_TCGA-ER-A19K-01A-21D-A18Y_120723_SN1120_0177_AC11GTACXX_s_1_rg.sorted.bam,416445026,393698842,22746184,0.054619896
_1_TCGA-ER-A19N-06A-11D-A18Y_120718_SN208_0416_BD140PACXX_s_3_rg.sorted.bam,321319158,306188872,15130286,0.04708803
_1_TCGA-ER-A19O-06A-11D-A18Y_120718_SN208_0416_BD140PACXX_s_2_rg.sorted.bam,297783564,285708647,12074917,0.040549306
_1_TCGA-ER-A19Q-10A-01D-A190_120718_SN208_0416_BD140PACXX_s_5_rg.sorted.bam,350777586,336900879,13876707,0.039559845
_1_TCGA-ER-A19T-10A-01D-A18Z_120520_SN590_0158_AC0J99ACXX_s_8_rg.sorted.bam,329052190,316591500,12460690,0.037868431
_1_TCGA-ER-A2NF-10A-01D-A18Z_120516_SN1222_0107_BD12HYACXX_s_4_rg.sorted.bam,421673284,390343052,31330232,0.074299779
_1_TCGA-ET-A25J-01A-11D-A16N_120718_SN590_0169_AC0WL7ACXX_s_1_rg.sorted.bam,381663484,361715047,19948437,0.052267083
_1_TCGA-EX-A1H6-10A-01D-A232_140124_SN208_0506_BC2PD5ACXX_s_8_rg.sorted.bam,461060718,441108378,19952340,0.043274864
_1_TCGA-F1-6177-01A-11R-1802-13_rnaseq.bam,206391854,174431400,31960454,0.154853272
_1_TCGA-F1-6874-01A-11R-1884-13_rnaseq.bam,273037498,246187378,26850120,0.098338581
_1_TCGA-F1-6875-01A-11R-2055-13_rnaseq.bam,187818502,176780166,11038336,0.058771292
_1_TCGA-F1-A448-01A-11R-A24K-31_rnaseq.bam,246797328,211244560,35552768,0.144056535
_1_TCGA-FD-A3B3-01A-12D-A204_121002_SN1222_0155_BD1ERHACXX_s_7_rg.sorted.bam,452129174,434776586,17352588,0.038379713
_1_TCGA-FD-A3B6-10A-01D-A210_120912_SN1120_0192_AC18ALACXX_s_4_rg.sorted.bam,482037490,452434279,29603211,0.061412674
_1_TCGA-FD-A3N5-01A-11D-A21C_120830_SN590_0177_BD141PACXX_s_5_rg.sorted.bam,279387804,270388031,8999773,0.032212476
_1_TCGA-FD-A3N6-01A-11D-A21C_120830_SN590_0177_BD141PACXX_s_3_rg.sorted.bam,198437436,192975348,5462088,0.027525492
_1_TCGA-FD-A3SS-01A-12D-A233_120905_SN1120_0187_AD1E4NACXX_s_1_rg.sorted.bam,366926396,351335193,15591203,0.042491364
_1_TCGA-FE-A232-10A-01D-A14U_120629_SN1222_0120_AC0WKWACXX_s_8_rg.sorted.bam,330455308,316388645,14066663,0.04256752
_1_TCGA-FE-A233-10A-01D-A14U_120629_SN1222_0121_BD143UACXX_s_6_rg.sorted.bam,347808900,332740669,15068231,0.043323305
_1_TCGA-FE-A234-10A-01D-A14U_120717_SN1120_0175_AC1179ACXX_s_4_rg.sorted.bam,507359212,473358658,34000554,0.067014756
_1_TCGA-FE-A3PA-01A-12D-A221_120611_SN1222_0114_AC0WL3ACXX_s_1_rg.sorted.bam,396562834,380234678,16328156,0.041174196
_1_TCGA-FE-A3PC-10A-01D-A221_120524_SN1120_0145_BD12MWACXX_s_4_rg.sorted.bam,352154214,340530262,11623952,0.03300813
_1_TCGA-FG-6691-10A-01D-1891_130919_SN590_0239_BC2N06ACXX_s_6_rg.sorted.bam,364873954,348120263,16753691,0.04591638
_1_TCGA-FG-7636-10A-01D-2088_130923_SN1222_0220_BC2DUUACXX_s_7_rg.sorted.bam,159971852,154777057,5194795,0.032473182
_1_TCGA-FP-7735-01A-11R-2055-13_rnaseq.bam,224610846,205811708,18799138,0.083696484
_1_TCGA-FP-7735-11A-01R-2055-13_rnaseq.bam,198289750,179158893,19130857,0.096479304
_1_TCGA-FP-7829-01A-11R-2055-13_rnaseq.bam,119855480,109109447,10746033,0.089658253
_1_TCGA-FP-7829-11A-01R-2055-13_rnaseq.bam,257074924,237199409,19875515,0.077314095
_1_TCGA-FP-7916-01A-11R-2203-13_rnaseq.bam,229317378,189848903,39468475,0.172112883
_1_TCGA-FP-7998-01A-11R-2203-13_rnaseq.bam,243488802,200387010,43101792,0.177017553
_1_TCGA-FP-8099-01A-11R-2343-13_rnaseq.bam,238572114,200097603,38474511,0.161269942
_1_TCGA-FP-8209-01A-11R-2343-13_rnaseq.bam,232404826,165977414,66427412,0.285826302
_1_TCGA-FP-8210-01A-11R-2343-13_rnaseq.bam,222894078,166214945,56679133,0.254287299
_1_TCGA-FP-8211-01A-11R-2343-13_rnaseq.bam,255822906,191464563,64358343,0.251573809
_1_TCGA-FP-8631-01A-11R-2402-13_rnaseq.bam,139920402,124548434,15371968,0.109862234
_1_TCGA-FP-A4BE-01A-12R-A24K-31_rnaseq.bam,306253018,257807111,48445907,0.158189158
_1_TCGA-FS-A1YY-10A-01D-A190_120718_SN1222_0127_BD147HACXX_s_6_rg.sorted.bam,355802282,340947461,14854821,0.041750213
_1_TCGA-FS-A1ZB-10A-01D-A190_120609_SN208_0343_BC0WVWACXX_s_8_rg.sorted.bam,281340630,265836714,15503916,0.055107277
_1_TCGA-FS-A1ZE-06A-11D-A18Y_120609_SN208_0343_BC0WVWACXX_s_1_rg.sorted.bam,316895044,300858458,16036586,0.050605354
_1_TCGA-FS-A1ZG-10A-01D-A190_120605_SN1222_0113_BC0WUCACXX_s_7_rg.sorted.bam,448118162,429134897,18983265,0.042362186
_1_TCGA-FS-A1ZQ-10A-01D-A190_120602_SN1120_0147_BD13TBACXX_s_8_rg.sorted.bam,531532670,500502105,31030565,0.058379413
_1_TCGA-FT-A3EE-01A-11D-A204_121002_SN1222_0155_BD1ERHACXX_s_1_rg.sorted.bam,424706262,409427758,15278504,0.035974285
_1_TCGA-FU-A3HY-10A-01D-A245_140124_SN1440_0179_BD2DRDACXX_s_6_rg.sorted.bam,480206824,458041987,22164837,0.046156856
_1_TCGA-FU-A3TX-01A-11D-A232_140124_SN1120_0291_AC2PHAACXX_s_4_rg.sorted.bam,515757942,493316083,22441859,0.043512387
_1_TCGA-FY-A3ON-10A-01D-A221_120610_SN1120_0152_BD13TDACXX_s_4_rg.sorted.bam,313740336,302324812,11415524,0.036385261
_1_TCGA-FY-A3R8-01A-11D-A221_120524_SN1120_0144_AC0VNCACXX_s_3_rg.sorted.bam,353364482,340678974,12685508,0.035899216
_1_TCGA-FY-A3RA-01A-11D-A221_120611_SN1222_0114_AC0WL3ACXX_s_6_rg.sorted.bam,351071904,337991867,13080037,0.03725743
_1_TCGA-G2-A3IB-01A-11D-A210_120912_SN1222_0149_BD1CW3ACXX_s_1_rg.sorted.bam,484724318,461409387,23314931,0.048099363
_1_TCGA-G2-A3IE-10A-01D-A210_120912_SN1222_0149_BD1CW3ACXX_s_4_rg.sorted.bam,358810616,345166466,13644150,0.038026049
_1_TCGA-G9-6351-01A-21D-1957_130405_SN590_0222_BD21LGACXX_s_2_rg.sorted.bam,359189268,347042618,12146650,0.033816851
_1_TCGA-G9-6365-01A-11D-1784_130215_SN590_0212_BC1NP2ACXX_s_1_rg.sorted.bam,214406916,205827890,8579026,0.040012823
_1_TCGA-G9-6499-01A-12D-1957_130412_SN590_0224_BC1YMJACXX_s_2_rg.sorted.bam,413412918,396991612,16421306,0.039721318
_1_TCGA-GC-A3I6-10A-01D-A210_120912_SN1222_0149_BD1CW3ACXX_s_6_rg.sorted.bam,560784204,529377204,31407000,0.0560055
_1_TCGA-GD-A2C5-10A-01D-A17R_120927_SN208_0432_AC188LACXX_s_7_rg.sorted.bam,529936422,390850634,139085788,0.262457499
_1_TCGA-GD-A2C5-11A-11D-A17R_120927_SN208_0432_AC188LACXX_s_8_rg.sorted.bam,399092816,380938843,18153973,0.045488098
_1_TCGA-GD-A3OP-10A-01D-A221_120902_SN1222_0147_AC195DACXX_s_3_rg.sorted.bam,387421810,371724188,15697622,0.040518168
_1_TCGA-GD-A3OQ-10A-01D-A221_120902_SN1222_0147_AC195DACXX_s_6_rg.sorted.bam,518691268,493742909,24948359,0.048098668
_1_TCGA-GD-A3OS-10A-01D-A221_120906_SN208_0426_BC194HACXX_s_8_rg.sorted.bam,436841756,414816946,22024810,0.05041828
_1_TCGA-GE-A2C6-01A-11D-A16N_120805_SN208_0422_BD16VPACXX_s_5_rg.sorted.bam,526502422,488325764,38176658,0.072509938
_1_TCGA-GV-A3JV-01A-11D-A221_120830_SN590_0178_AD143RACXX_s_1_rg.sorted.bam,385067868,367792108,17275760,0.044864195
_1_TCGA-GV-A3QG-10A-01D-A221_120830_SN590_0178_AD143RACXX_s_4_rg.sorted.bam,350381396,336238287,14143109,0.040364897
_1_TCGA-H2-A26U-01A-11D-A16N_121204_SN208_0442_BC1F7YACXX_s_5_rg.sorted.bam,490623456,460717534,29905922,0.060954937
_1_TCGA-H2-A26U-10A-01D-A16N_121204_SN208_0442_BC1F7YACXX_s_6_rg.sorted.bam,447345316,425612365,21732951,0.048582047
_1_TCGA-H2-A3RH-01A-11D-A221_120610_SN1120_0151_AC0WN0ACXX_s_2_rg.sorted.bam,332144392,319888008,12256384,0.036900771
_1_TCGA-H2-A3RI-10A-01D-A221_120610_SN1120_0152_BD13TDACXX_s_5_rg.sorted.bam,276774582,267366636,9407946,0.033991366
_1_TCGA-HC-7080-10A-01D-1957_130422_SN590_0225_BD23TLACXX_s_3_rg.sorted.bam,436969202,414085277,22883925,0.052369652
_1_TCGA-HC-7231-10A-01D-2111_130517_SN590_0231_BC24V6ACXX_s_3_rg.sorted.bam,525428870,477259264,48169606,0.09167674
_1_TCGA-HC-7232-10A-01D-2111_130517_SN590_0231_BC24V6ACXX_s_5_rg.sorted.bam,426459366,403088970,23370396,0.054800991
_1_TCGA-HF-7131-01A-11R-2055-13_rnaseq.bam,176708080,164163327,12544753,0.070991394
_1_TCGA-HF-7132-01A-11R-2055-13_rnaseq.bam,244668366,217850088,26818278,0.109610729
_1_TCGA-HF-7133-01A-11R-2055-13_rnaseq.bam,164986702,150700381,14286321,0.086590742
_1_TCGA-HF-7134-01A-11R-2055-13_rnaseq.bam,183218868,169658989,13559879,0.074009184
_1_TCGA-HF-7136-01A-11R-2055-13_rnaseq.bam,312533444,286180612,26352832,0.084320038
_1_TCGA-HG-A2PA-10B-01D-A20X_140106_SN590_0244_BC384EACXX_s_8_rg.sorted.bam,372795416,356857221,15938195,0.042753195
_1_TCGA-HI-7168-10A-01D-2111_130607_SN590_0232_BD26R5ACXX_s_2_rg.sorted.bam,404828008,387219989,17608019,0.043495061
_1_TCGA-HI-7170-10A-01D-2111_130607_SN590_0232_BD26R5ACXX_s_6_rg.sorted.bam,416806928,398877460,17929468,0.043016243
_1_TCGA-HJ-7597-01A-21R-2203-13_rnaseq.bam,243843560,205728784,38114776,0.156308315
_1_TCGA-HQ-A2OE-01A-11D-A204_121002_SN1222_0155_BD1ERHACXX_s_5_rg.sorted.bam,517274106,491824135,25449971,0.049200164
_1_TCGA-HR-A2OG-10A-01D-A190_120602_SN1120_0146_AC0WLVACXX_s_4_rg.sorted.bam,332022720,318821590,13201130,0.039759719
_1_TCGA-HR-A2OH-01A-11D-A18Y_120602_SN1120_0146_AC0WLVACXX_s_1_rg.sorted.bam,345481278,332600704,12880574,0.037282987
_1_TCGA-HT-7472-01A-11D-2022_130911_SN1222_0218_BC2A1NACXX_s_7_rg.sorted.bam,303860850,294037941,9822909,0.032326998
_1_TCGA-HT-7472-10A-01D-2022_130911_SN1222_0218_BC2A1NACXX_s_8_rg.sorted.bam,289132174,279026693,10105481,0.034951077
_1_TCGA-HU-8238-01A-11R-2343-13_rnaseq.bam,221311944,156337825,64974119,0.293586138
_1_TCGA-HU-8238-11A-01R-2343-13_rnaseq.bam,218037710,189121156,28916554,0.132621802
_1_TCGA-HU-8243-01A-11R-2343-13_rnaseq.bam,273258676,214346155,58912521,0.2155925
_1_TCGA-HU-8244-01A-11R-2343-13_rnaseq.bam,192334844,152496108,39838736,0.207132182
_1_TCGA-HU-8602-01A-11R-2402-13_rnaseq.bam,211518830,195073017,16445813,0.077751059
_1_TCGA-HU-8604-01A-11R-2402-13_rnaseq.bam,145038048,129067659,15970389,0.11011172
_1_TCGA-HU-8608-01A-11R-2402-13_rnaseq.bam,191936964,176017944,15919020,0.082938792
_1_TCGA-HU-8610-01A-22R-2402-13_rnaseq.bam,160048670,147441942,12606728,0.07876809
_1_TCGA-HU-A4G2-01A-11R-A251-31_rnaseq.bam,260236156,226370736,33865420,0.130133416
_1_TCGA-HU-A4G3-01A-11R-A24K-31_rnaseq.bam,240603764,214800406,25803358,0.107244199
_1_TCGA-HU-A4G3-11A-11R-A24K-31_rnaseq.bam,209156560,187552814,21603746,0.103289832
_1_TCGA-HU-A4G6-01A-11R-A24K-31_rnaseq.bam,298966650,249459287,49507363,0.165594935
_1_TCGA-HU-A4G8-01A-11R-A251-31_rnaseq.bam,151439444,132358845,19080599,0.125994909
_1_TCGA-HU-A4G9-01A-11R-A24K-31_rnaseq.bam,181516004,155270165,26245839,0.144592424
_1_TCGA-HU-A4GC-01A-12R-A251-31_rnaseq.bam,242270582,213705489,28565093,0.117905743
_1_TCGA-HU-A4GC-11A-11R-A251-31_rnaseq.bam,196066280,169383921,26682359,0.136088465
_1_TCGA-HU-A4GF-01A-11R-A24K-31_rnaseq.bam,214921422,193111053,21810369,0.101480666
_1_TCGA-HU-A4GH-01A-11R-A24K-31_rnaseq.bam,312664052,283606288,29057764,0.092936056
_1_TCGA-HU-A4GJ-01A-11R-A251-31_rnaseq.bam,243442570,206747572,36694998,0.150733695
_1_TCGA-HU-A4GN-01A-11R-A251-31_rnaseq.bam,311979354,284407823,27571531,0.08837614
_1_TCGA-HU-A4GN-11A-12R-A251-31_rnaseq.bam,214761730,191660989,23100741,0.107564513
_1_TCGA-HU-A4GP-01A-11R-A251-31_rnaseq.bam,261017628,232325604,28692024,0.109923702
_1_TCGA-HU-A4GP-11A-21R-A251-31_rnaseq.bam,245183388,218850365,26333023,0.107401334
_1_TCGA-HU-A4GT-01A-21R-A251-31_rnaseq.bam,191493800,169259626,22234174,0.116109106
_1_TCGA-HU-A4GU-01A-11R-A251-31_rnaseq.bam,236262792,209979870,26282922,0.11124444
_1_TCGA-HU-A4GX-01A-12R-A251-31_rnaseq.bam,251442250,226322115,25120135,0.099904193
_1_TCGA-HU-A4GY-01A-21R-A24K-31_rnaseq.bam,247546450,208813607,38732843,0.15646697
_1_TCGA-HU-A4H0-01A-11R-A251-31_rnaseq.bam,257644668,227064174,30580494,0.118692516
_1_TCGA-HU-A4H2-01A-11R-A251-31_rnaseq.bam,331303500,294139944,37163556,0.11217375
_1_TCGA-HU-A4H3-01A-21R-A251-31_rnaseq.bam,253998678,226227271,27771407,0.109336817
_1_TCGA-HU-A4H4-01A-21R-A251-31_rnaseq.bam,280515718,252190781,28324937,0.100974509
_1_TCGA-HU-A4H5-01A-21R-A251-31_rnaseq.bam,265478286,223817064,41661222,0.156928925
_1_TCGA-HU-A4H6-01A-11R-A251-31_rnaseq.bam,279536628,233201446,46335182,0.165757104
_1_TCGA-HU-A4H8-01A-11R-A251-31_rnaseq.bam,259710816,231388530,28322286,0.109053163
_1_TCGA-HU-A4HB-01A-12R-A251-31_rnaseq.bam,254117708,228625487,25492221,0.100316586
_1_TCGA-HU-A4HB-11A-11R-A251-31_rnaseq.bam,261736838,233744574,27992264,0.106948125
_1_TCGA-HU-A4HD-01A-11R-A251-31_rnaseq.bam,348463440,316173416,32290024,0.092664022
_1_TCGA-IC-A6RE-11A-12R-A336-31_rnaseq.bam,204094540,139719729,64374811,0.315416625
_1_TCGA-IG-A3I8-01A-11R-A24K-31_rnaseq.bam,249278018,225394538,23883480,0.095810614
_1_TCGA-IG-A3I8-10A-01D-A248_130101_SN590_0206_AC1H8RACXX_s_6_rg.sorted.bam,508271208,463798097,44473111,0.087498781
_1_TCGA-IG-A3I8-11A-11R-A24K-31_rnaseq.bam,299453966,261316622,38137344,0.127356283
_1_TCGA-IG-A3YA-01A-11D-A248_121211_SN208_0443_BC1H55ACXX_s_1_rg.sorted.bam,456111554,430116541,25995013,0.056992665
_1_TCGA-IG-A5B8-01A-11D-A28P_131120_SN1222_0230_BC29YPACXX_s_3_rg.sorted.bam,395911142,383916854,11994288,0.030295404
_1_TCGA-IG-A5B8-01A-11R-A28J-31_rnaseq.bam,224475998,190370025,34105973,0.151935946
_1_TCGA-IG-A5S3-01A-11R-A28J-31_rnaseq.bam,199700122,172846602,26853520,0.134469222
_1_TCGA-IG-A97H-01A-11R-A38D-31_rnaseq.bam,203665248,160518588,43146660,0.21185087
_1_TCGA-IN-7806-01A-11R-2055-13_rnaseq.bam,194629526,172281076,22348450,0.114825589
_1_TCGA-IN-7806-11A-01R-2055-13_rnaseq.bam,191132556,177111317,14021239,0.073358717
_1_TCGA-IN-7808-01A-11R-2203-13_rnaseq.bam,239602112,190730217,48871895,0.203971053
_1_TCGA-IN-8462-01A-11R-2343-13_rnaseq.bam,211856680,148145310,63711370,0.300728634
_1_TCGA-IN-8462-11A-01R-2343-13_rnaseq.bam,270680112,224756639,45923473,0.169659576
_1_TCGA-IN-8663-01A-11R-2402-13_rnaseq.bam,184316404,170221840,14094564,0.076469396
_1_TCGA-IN-8663-11A-01R-2402-13_rnaseq.bam,91670406,82566892,9103514,0.099307011
_1_TCGA-IN-A6RI-01A-11R-A32D-31_rnaseq.bam,228986448,157403941,71582507,0.312605867
_1_TCGA-IP-7968-01A-11R-2203-13_rnaseq.bam,244175738,202724463,41451275,0.169760007
_1_TCGA-IP-7968-11A-01R-2203-13_rnaseq.bam,189449518,127391558,62057960,0.327569902
_1_TCGA-IR-A3LK-01A-12D-A20X_140417_SN590_0248_AC3EUFACXX_s_3_rg.sorted.bam,303630624,292790301,10840323,0.035702337
_1_TCGA-JY-A6F8-01A-11R-A336-31_rnaseq.bam,292534360,244777784,47756576,0.163251168
_1_TCGA-JY-A6FA-01A-11R-A336-31_rnaseq.bam,250040678,214239329,35801349,0.143182099
_1_TCGA-K4-A3WS-01A-11D-A23Q_120927_SN208_0432_AC188LACXX_s_1_rg.sorted.bam,527624184,487112271,40511913,0.076781759
_1_TCGA-K4-A3WV-01A-11D-A23Q_120926_SN1222_0153_BD1D4MACXX_s_6_rg.sorted.bam,299877308,291512169,8365139,0.027895205
_1_TCGA-L5-A43I-01A-11D-A248_121212_SN1120_0205_AC1F18ACXX_s_5_rg.sorted.bam,460953358,409800194,51153164,0.110972538
_1_TCGA-L5-A43I-01A-11R-A24K-31_rnaseq.bam,270725500,236104440,34621060,0.127882523
_1_TCGA-L5-A4OF-01A-11R-A260-31_rnaseq.bam,358227612,319934157,38293455,0.106896994
_1_TCGA-L5-A4OM-11A-11R-A260-31_rnaseq.bam,307543874,267013229,40530645,0.131788172
_1_TCGA-L5-A4OO-11A-12R-A260-31_rnaseq.bam,216401640,194154527,22247113,0.102804734
_1_TCGA-L5-A4OP-01A-11D-A267_131001_SN1120_0280_BD2FDEACXX_s_1_rg.sorted.bam,298349076,290013905,8335171,0.027937646
_1_TCGA-L5-A4OQ-01A-11R-A260-31_rnaseq.bam,319720696,283128568,36592128,0.114450295
_1_TCGA-L5-A4OR-11A-11R-A260-31_rnaseq.bam,260495044,216803840,43691204,0.167723744
_1_TCGA-L5-A8NE-01A-11R-A37I-31_rnaseq.bam,260753678,229596926,31156752,0.119487296
_1_TCGA-L5-A8NM-01A-11R-A37I-31_rnaseq.bam,204666886,178892796,25774090,0.125931901
_1_TCGA-L7-A56G-01A-21R-A260-31_rnaseq.bam,215009512,185377357,29632155,0.137817879
_1_TCGA-LN-A49K-10A-01D-A248_121207_SN1222_0162_BD1MA7ACXX_s_2_rg.sorted.bam,264229194,251176129,13053065,0.049400541
_1_TCGA-LN-A49L-01A-11R-A24K-31_rnaseq.bam,304471110,273273801,31197309,0.102463938
_1_TCGA-LN-A49M-01A-21R-A260-31_rnaseq.bam,258107278,222331348,35775930,0.138608761
_1_TCGA-LN-A49M-10A-01D-A267_131001_SN1222_0222_BC2CN2ACXX_s_2_rg.sorted.bam,322254120,311873539,10380581,0.032212407
_1_TCGA-LN-A49O-10A-01D-A248_130101_SN590_0206_AC1H8RACXX_s_2_rg.sorted.bam,472240504,437182739,35057765,0.074237099
_1_TCGA-LN-A49V-10A-01D-A248_121207_SN1222_0161_AC1HJ0ACXX_s_8_rg.sorted.bam,216309408,209540435,6768973,0.031293012
_1_TCGA-LN-A49Y-01A-11R-A260-31_rnaseq.bam,172838306,148095482,24742824,0.143155904
_1_TCGA-LN-A4A4-01A-11D-A267_131001_SN1222_0222_BC2CN2ACXX_s_3_rg.sorted.bam,268247460,260940211,7307249,0.027240702
_1_TCGA-LN-A4A4-01A-11R-A260-31_rnaseq.bam,235404374,202040274,33364100,0.141731011
_1_TCGA-LN-A4MQ-10A-01D-A28P_131120_SN1222_0230_BC29YPACXX_s_6_rg.sorted.bam,487674912,467918625,19756287,0.040511182
_1_TCGA-R5-A7ZF-01A-11R-A354-31_rnaseq.bam,157640198,73069332,84570866,0.536480334
_1_TCGA-R6-A6L6-01B-11R-A336-31_rnaseq.bam,202147722,92706985,109440737,0.54138991
_1_TCGA-RD-A7BT-01A-11R-A33Y-31_rnaseq.bam,229790380,155681320,74109060,0.322507235
_1_TCGA-RD-A7BW-01A-11R-A32D-31_rnaseq.bam,212894080,80735405,132158675,0.620771959
_1_TCGA-RD-A8MW-01A-11R-A36D-31_rnaseq.bam,259979634,210943346,49036288,0.188615882
_1_TCGA-RD-A8N1-01A-12R-A36D-31_rnaseq.bam,199229826,133355534,65874292,0.33064473
_1_TCGA-SW-A7EA-01A-12R-A354-31_rnaseq.bam,197969120,110843351,87125769,0.440097774
_1_TCGA-SW-A7EB-01A-11R-A354-31_rnaseq.bam,164082656,47274089,116808567,0.711888568
_1_TCGA-V3-A9ZY-10A-01D-A40E_140715_SN590_0250_BC3M6CACXX_s_3_rg.sorted.bam,178556180,172315931,6240249,0.034948379
_1_TCGA-V4-A9E5-01A-11D-A40D_140715_SN590_0249_AC3M6CACXX_s_4_rg.sorted.bam,125907928,122212891,3695037,0.029347135
_1_TCGA-V4-A9E9-01A-11D-A40D_140715_SN590_0249_AC3M6CACXX_s_7_rg.sorted.bam,157670704,152583021,5087683,0.032267776
_1_TCGA-V4-A9EA-10A-01D-A40E_140715_SN590_0250_BC3M6CACXX_s_8_rg.sorted.bam,156655506,151489045,5166461,0.03297976
_1_TCGA-V4-A9EL-01A-11D-A40D_140808_SN590_0253_AC499NACXX_s_1_rg.sorted.bam,343714704,331464877,12249827,0.03563952
_1_TCGA-V4-A9EM-01A-11D-A40D_140808_SN590_0253_AC499NACXX_s_2_rg.sorted.bam,412582556,394695544,17887012,0.043353777
_1_TCGA-V4-A9EO-10A-01D-A40E_140808_SN590_0254_BC49WNACXX_s_3_rg.sorted.bam,434303800,413353816,20949984,0.048238086
_1_TCGA-V4-A9ES-10A-01D-A40E_140808_SN590_0254_BC49WNACXX_s_4_rg.sorted.bam,390307068,373185988,17121080,0.043865667
_1_TCGA-V4-A9ET-10A-01D-A40E_140808_SN590_0254_BC49WNACXX_s_5_rg.sorted.bam,268807074,259721235,9085839,0.033800595
_1_TCGA-V4-A9EU-10A-01D-A40E_140808_SN590_0254_BC49WNACXX_s_6_rg.sorted.bam,537375706,491674835,45700871,0.085044542
_1_TCGA-V4-A9EX-10A-01D-A40E_140714_SN1440_0192_AC3RUUACXX_s_5_rg.sorted.bam,264597634,255752252,8845382,0.033429558
_1_TCGA-V4-A9F8-01A-11D-A40D_140716_SN208_0519_BC5946ACXX_s_3_rg.sorted.bam,317269512,306520034,10749478,0.03388122
_1_TCGA-V5-A7RE-01A-11R-A354-31_rnaseq.bam,249882308,198874575,51007733,0.204127028
_1_TCGA-V5-A7RE-11A-11R-A354-31_rnaseq.bam,253702048,214738606,38963442,0.153579533
_1_TCGA-V5-AASV-01A-11R-A38D-31_rnaseq.bam,254625274,183542717,71082557,0.279165363
_1_TCGA-V5-AASW-01A-11R-A406-31_rnaseq.bam,260587144,217809110,42778034,0.164160186
_1_TCGA-VD-A8K7-01B-11D-A40D_140716_SN208_0519_BC5946ACXX_s_4_rg.sorted.bam,362482554,348976683,13505871,0.037259368
_1_TCGA-VD-A8K8-10A-01D-A40E_140716_SN208_0518_AC59RNACXX_s_5_rg.sorted.bam,253744340,245697526,8046814,0.03171229
_1_TCGA-VD-A8KA-10A-01D-A40E_140716_SN208_0518_AC59RNACXX_s_7_rg.sorted.bam,233173014,225946078,7226936,0.030993878
_1_TCGA-VD-A8KD-01A-11D-A40D_140731_SN208_0522_AC59K7ACXX_s_1_rg.sorted.bam,396276074,380892420,15383654,0.038820547
_1_TCGA-VD-A8KH-10A-01D-A40E_140729_SN208_0521_BC5AF6ACXX_s_5_rg.sorted.bam,492057746,462271977,29785769,0.060533076
_1_TCGA-VD-A8KL-10A-01D-A40E_140729_SN208_0521_BC5AF6ACXX_s_7_rg.sorted.bam,298966132,287197724,11768408,0.039363683
_1_TCGA-VD-A8KN-10B-01D-A40E_140729_SN208_0521_BC5AF6ACXX_s_8_rg.sorted.bam,439495968,417431186,22064782,0.050204743
_1_TCGA-VD-AA8O-01A-11D-A40D_140807_SN1440_0194_AC5B5RACXX_s_3_rg.sorted.bam,341062700,321209535,19853165,0.058209722
_1_TCGA-VD-AA8O-10A-01D-A40E_140807_SN1440_0194_AC5B5RACXX_s_4_rg.sorted.bam,369489052,346415947,23073105,0.062445977
_1_TCGA-VD-AA8P-10A-01D-A40E_140829_SN208_0523_BC5FKTACXX_s_8_rg.sorted.bam,548031108,498832901,49198207,0.089772654
_1_TCGA-VQ-A8DZ-01A-11R-A36D-31_rnaseq.bam,282180658,194445649,87735009,0.31091787
_1_TCGA-VQ-A8P8-01A-11R-A39E-31_rnaseq.bam,189882974,141382328,48500646,0.25542388
_1_TCGA-VQ-A8PB-01A-11R-A39E-31_rnaseq.bam,264220356,222997544,41222812,0.156016791
_1_TCGA-VQ-A928-01A-11R-A414-31_rnaseq.bam,257504584,212935369,44569215,0.173081249
_1_TCGA-VR-A8EO-01A-11R-A36D-31_rnaseq.bam,227546068,154913425,72632643,0.319199728
_1_TCGA-VR-A8Q7-01A-11R-A37I-31_rnaseq.bam,271105598,229880873,41224725,0.152061504
_1_TCGA-VR-AA7B-01A-31R-A406-31_rnaseq.bam,302613996,240889694,61724302,0.203970414
_1_TCGA-XP-A8T8-01A-11R-A36D-31_rnaseq.bam,214693694,162341585,52352109,0.243845583
_1_UNCID_1031606.c291c855-abe4-4805-973f-e29ee22c4667.sorted_genome_alignments.bam,111957791,108010822,3946969,0.035254081
_1_UNCID_1031911.f98e6150-605d-4d37-9add-b6da6eb19928.sorted_genome_alignments.bam,155750964,148097561,7653403,0.04913872
_1_UNCID_1032619.31f009cc-8211-45db-b74b-416bab8c30df.sorted_genome_alignments.bam,170282864,164251695,6031169,0.035418532
_1_UNCID_1032858.0ddf6059-1ce0-4bac-bea9-8106a4dc764e.sorted_genome_alignments.bam,170574447,164160261,6414186,0.03760344
_1_UNCID_1032900.41c85504-a18f-437e-a05a-740e7faaea41.sorted_genome_alignments.bam,171180328,165644868,5535460,0.03233701
_1_UNCID_1034446.c67a7631-4bbf-4bee-9743-0e470d0bdf86.sorted_genome_alignments.bam,200734520,195775370,4959150,0.024705018
_1_UNCID_1034525.56a11c6f-f63f-46b3-84d3-c444dae76628.sorted_genome_alignments.bam,216628315,211727237,4901078,0.022624365
_1_UNCID_1036354.ee60d580-12aa-4bde-a42c-9a5ebc1834c0.sorted_genome_alignments.bam,175797338,169166045,6631293,0.037721237
_1_UNCID_1040601.0057e13d-5489-4c48-9772-9fd45db4d84f.sorted_genome_alignments.bam,68204801,65864991,2339810,0.03430565
_1_UNCID_1054324.a82887c2-9f01-41c0-8c74-2063aaf97261.sorted_genome_alignments.bam,175477816,167806776,7671040,0.043715155
_1_UNCID_1054371.be550442-9380-47cb-b03f-14b84b0db775.sorted_genome_alignments.bam,167553411,160407860,7145551,0.042646407
_1_UNCID_1059231.0896ba53-2761-4378-9042-de4895b173ac.sorted_genome_alignments.bam,272764563,263676393,9088170,0.033318734
_1_UNCID_1062205.7bd328df-04eb-4500-b52e-59c8dba766a3.sorted_genome_alignments.bam,66581263,62308079,4273184,0.064179978
_1_UNCID_1063438.d540849d-46de-4d86-b93e-c4eb220d9dd1.sorted_genome_alignments.bam,134281962,128142039,6139923,0.045724108
_1_UNCID_1064141.6178dbb9-01d2-4ba3-8315-f2add186879a.sorted_genome_alignments.bam,207506681,198999985,8506696,0.040994805
_1_UNCID_1064336.7db69d77-75ce-4f75-9e95-7205c55e5e6d.sorted_genome_alignments.bam,194769311,186460701,8308610,0.042658723
_1_UNCID_1065285.97454c59-eed0-470f-a234-ff8b25b4b8a6.sorted_genome_alignments.bam,191990814,185463272,6527542,0.033999241
_1_UNCID_1065582.867b4c4f-b1d3-4702-80ff-74ba4e169e3b.sorted_genome_alignments.bam,159792731,149458548,10334183,0.064672422
_1_UNCID_1066133.aace0b09-d6bd-4ebd-a694-c838e8724bd3.sorted_genome_alignments.bam,214207304,204314957,9892347,0.046181184
_1_UNCID_1066289.ea64d44e-32d1-40f6-b49f-e019401a76d5.sorted_genome_alignments.bam,115747327,107113765,8633562,0.074589731
_1_UNCID_1067477.f31fd0a1-b600-42bc-a6fa-689c05a581ce.sorted_genome_alignments.bam,147616439,137986003,9630436,0.06523959
_1_UNCID_1067996.f5debd70-0db6-42d6-8894-fd65c9f4c66e.sorted_genome_alignments.bam,194796803,181084498,13712305,0.070392865
_1_UNCID_1068000.eb104ebb-be06-4f91-be68-d3b4ef649d2a.sorted_genome_alignments.bam,184013120,176732365,7280755,0.039566499
_1_UNCID_1068045.43672213-eb65-4206-bc57-56587b08259f.sorted_genome_alignments.bam,108446354,103003798,5442556,0.05018662
_1_UNCID_1068050.fecc45b4-3293-4a47-837b-74e42c6cbf0f.sorted_genome_alignments.bam,173553186,160721639,12831547,0.073934379
_1_UNCID_1068383.89aaa481-724a-44d3-a4f2-d1a058563b03.sorted_genome_alignments.bam,262849568,250337522,12512046,0.047601547
_1_UNCID_1068938.95d2741d-894f-447e-9010-844f1d8a6572.sorted_genome_alignments.bam,170543407,160975942,9567465,0.056099882
_1_UNCID_1069083.cb96190b-51ec-4380-ab8a-a3b33d3ef4d2.sorted_genome_alignments.bam,183041176,175862133,7179043,0.039220918
_1_UNCID_1069306.c68cacc1-3783-494b-aced-e06cea977a4f.sorted_genome_alignments.bam,210486799,202712235,7774564,0.036936112
_1_UNCID_1070232.a7e57e13-7e54-4839-9b94-0c7d3dda0489.sorted_genome_alignments.bam,146281260,139472443,6808817,0.046546065
_1_UNCID_1071237.5c8d386c-5879-4b83-a899-4e731ae08d92.sorted_genome_alignments.bam,213476631,205498514,7978117,0.03737232
_1_UNCID_1072544.320810be-bd11-40c7-9eee-7496f7564599.sorted_genome_alignments.bam,158094020,150220750,7873270,0.049801188
_1_UNCID_1072708.86452157-2294-4029-a61d-6702a7889b7e.sorted_genome_alignments.bam,204371888,194532399,9839489,0.048145022
_1_UNCID_1072709.263780bc-cbb0-426e-9c0c-cef110a83b51.sorted_genome_alignments.bam,165039792,157776258,7263534,0.044010804
_1_UNCID_1074673.31137a90-0e02-4c48-80c1-14c882eff26f.sorted_genome_alignments.bam,196539965,186981012,9558953,0.048636179
_1_UNCID_1074704.134503af-e10e-41f4-97a4-c1261144b36a.sorted_genome_alignments.bam,159918974,153650097,6268877,0.039200333
_1_UNCID_1075713.cdae461e-021e-4e59-ac04-d640d29d29dc.sorted_genome_alignments.bam,300537365,282927840,17609525,0.058593463
_1_UNCID_1075853.a80c9de4-3d81-4b05-a26a-285e9bbbfafa.sorted_genome_alignments.bam,178111714,156012216,22099498,0.124076612
_1_UNCID_1076072.c7b94923-c28a-449e-962c-40d56a1b2e61.sorted_genome_alignments.bam,171105046,162336597,8768449,0.051245999
_1_UNCID_1076372.9359bed2-0958-4cba-954e-3d548320e12e.sorted_genome_alignments.bam,178726520,170050282,8676238,0.048544771
_1_UNCID_1077749.80efdbaa-067b-4018-89b2-b8869bfb9163.sorted_genome_alignments.bam,129238965,124101466,5137499,0.039751935
_1_UNCID_1077780.82f3157c-09cc-40d7-872e-59f82f5f31f4.sorted_genome_alignments.bam,138589360,133818154,4771206,0.034426929
_1_UNCID_1078122.8b0f1897-20d8-492d-9ea9-22f771bbae9d.sorted_genome_alignments.bam,123674461,118708722,4965739,0.040151693
_1_UNCID_1078253.a660dca3-d4cd-4d7e-93fd-6be7a622cc59.sorted_genome_alignments.bam,111609466,105330584,6278882,0.056257612
_1_UNCID_1078320.514e90fa-113f-48d7-9166-41096e0ad209.sorted_genome_alignments.bam,135190526,127521380,7669146,0.056728428
_1_UNCID_1080517.877fb28c-fcdd-4e75-8057-029c9ff31d26.sorted_genome_alignments.bam,125932653,120508707,5423946,0.043070212
_1_UNCID_1083439.b2d849d8-f837-43e4-b06c-051f041172ae.sorted_genome_alignments.bam,76046489,70557940,5488549,0.072173602
_1_UNCID_1083792.ac2f712d-65c3-4c24-b7b9-60027830ce3c.sorted_genome_alignments.bam,157552544,123503904,34048640,0.216109744
_1_UNCID_1083865.91d58d62-95bb-44a4-b50d-ec3ef4621c82.sorted_genome_alignments.bam,141407879,134916660,6491219,0.045904224
_1_UNCID_1084857.1c765ec2-c3d2-4fa4-9f56-031c47f2ec2d.sorted_genome_alignments.bam,143576017,137291268,6284749,0.043772972
_1_UNCID_1086505.0d559ef8-c7f0-486a-bfa8-532fd38d993d.sorted_genome_alignments.bam,155332523,148182461,7150062,0.046030682
_1_UNCID_1088121.914d5d39-8731-4913-bce6-950283630fb1.sorted_genome_alignments.bam,238511785,220810189,17701596,0.074216861
_1_UNCID_1089357.68663b98-823a-4dd1-950b-caa33793eafb.sorted_genome_alignments.bam,181364677,171175274,10189403,0.05618185
_1_UNCID_1089368.07e52141-d5c6-456f-bad7-cedec6a93ea0.sorted_genome_alignments.bam,179165617,168974564,10191053,0.056880629
_1_UNCID_1090201.6b7fc820-6165-48bc-a9b7-db807b81e7e2.sorted_genome_alignments.bam,228784569,206955927,21828642,0.095411339
_1_UNCID_1090289.cdcfd4b3-024b-4356-b1f8-8ac22d01be2b.sorted_genome_alignments.bam,261811829,251745954,10065875,0.038446983
_1_UNCID_1090309.e6aecb65-29f2-48de-a8a0-55b25fbafef1.sorted_genome_alignments.bam,107548441,102174890,5373551,0.049964006
_1_UNCID_1090825.93199f13-52a9-4c92-81a3-7be55eb10e94.sorted_genome_alignments.bam,187037835,182536472,4501363,0.024066591
_1_UNCID_1090951.bd434e6d-97f9-4264-952f-91b910b6249c.sorted_genome_alignments.bam,223303458,204763566,18539892,0.083025548
_1_UNCID_1091269.f61ba831-745d-468c-a3b0-0229000926f5.sorted_genome_alignments.bam,79697429,77343350,2354079,0.029537703
_1_UNCID_1091597.be536f6a-fe25-4269-82fa-88ede7740e54.sorted_genome_alignments.bam,215142060,199876445,15265615,0.070955977
_1_UNCID_1091652.64f425a9-2260-4cd3-8ddd-c43ac410b1a4.sorted_genome_alignments.bam,81932947,79201992,2730955,0.033331585
_1_UNCID_1092056.e1bbe3cc-e58e-45d6-82a7-57e8d202e7e6.sorted_genome_alignments.bam,125096658,114349500,10747158,0.085910832
_1_UNCID_1092365.21b53e5f-a306-46b8-a3a1-daf24a69264b.sorted_genome_alignments.bam,196714961,188322244,8392717,0.042664355
_1_UNCID_1092669.31757dda-12d6-4f35-87f1-d00464f2815b.sorted_genome_alignments.bam,200633500,190164807,10468693,0.052178191
_1_UNCID_1093885.0621fd32-18bd-4720-846b-4bf47453d296.sorted_genome_alignments.bam,105342561,97467619,7874942,0.074755559
_1_UNCID_1095184.6cc31d25-1d4e-4f17-9321-2474befc3232.sorted_genome_alignments.bam,162881419,158900485,3980934,0.024440688
_1_UNCID_1096415.5ac273e2-3a3f-48a6-8782-956587bab667.sorted_genome_alignments.bam,166720192,159481528,7238664,0.04341804
_1_UNCID_1097808.de68950c-3885-4bfe-b23e-2d218787ca15.sorted_genome_alignments.bam,79663426,77688649,1974777,0.024789004
_1_UNCID_1097844.0b78c265-393c-4e3a-a53e-3ba76556c506.sorted_genome_alignments.bam,98836949,96088916,2748033,0.027803701
_1_UNCID_1097847.fc4df3f7-2c4b-4a4d-9e5d-faac9e84fde8.sorted_genome_alignments.bam,79144965,76655297,2489668,0.031457061
_1_UNCID_1098471.09fba9fa-29d2-41a1-b3aa-4bfd97be3fc8.sorted_genome_alignments.bam,102560188,98832134,3728054,0.036349914
_1_UNCID_1098880.4502921a-1650-4721-b814-c9435fe6042d.sorted_genome_alignments.bam,117802954,114109406,3693548,0.031353611
_1_UNCID_1099098.5655a240-2ed7-469e-af17-9997547ea119.sorted_genome_alignments.bam,112203109,108789323,3413786,0.030425057
_1_UNCID_1100335.2f16ddcc-8a98-4734-9878-645ff102fb14.sorted_genome_alignments.bam,120359335,112204070,8155265,0.067757644
_1_UNCID_1103643.a1022e37-586a-4c6a-a754-01709bad7a43.sorted_genome_alignments.bam,98260173,94410800,3849373,0.039175313
_1_UNCID_1104314.7a4e994d-ed10-45e7-9107-51dc02068963.sorted_genome_alignments.bam,191381427,184373217,7008210,0.036619071
_1_UNCID_1104329.2662f59e-0959-4fbf-a8bf-6ad639e44005.sorted_genome_alignments.bam,247224508,230365411,16859097,0.06819347
_1_UNCID_1105360.7f12f566-ca68-4528-b704-b3ef4cb9ba09.sorted_genome_alignments.bam,100994726,97887859,3106867,0.030762666
_1_UNCID_1105596.d3402ac8-0188-4fb8-8054-ba3145120952.sorted_genome_alignments.bam,90284901,83144242,7140659,0.07909029
_1_UNCID_1106167.6abcb12e-73c2-491e-b9f3-4f61f8a4e854.sorted_genome_alignments.bam,90205603,86811619,3393984,0.03762498
_1_UNCID_1106923.a137e804-ed82-4ad8-b25e-f9dcb71331bb.sorted_genome_alignments.bam,90544163,87618178,2925985,0.032315556
_1_UNCID_1106960.2b3d596a-68ca-4c60-bb16-8c0cbd8fb190.sorted_genome_alignments.bam,214334121,206414544,7919577,0.036949679
_1_UNCID_1107214.25f0eee1-8f38-4e75-accf-7e7bb686405c.sorted_genome_alignments.bam,128452475,118459168,9993307,0.077797699
_1_UNCID_1108265.c4da944d-4055-493e-bb87-7ccd1e5d1a87.sorted_genome_alignments.bam,133486180,124501269,8984911,0.067309672
_1_UNCID_1108319.7540edef-3853-4293-bb00-41f790f27840.sorted_genome_alignments.bam,104901225,95572062,9329163,0.088932832
_1_UNCID_1108871.92321ab5-8c77-4208-9daf-e6fcb01cc7a1.sorted_genome_alignments.bam,97242049,94389847,2852202,0.029330953
_1_UNCID_1109340.299d2ad8-b54d-4ddb-b6c5-b80d8baf39f2.sorted_genome_alignments.bam,120016603,115011104,5005499,0.041706721
_1_UNCID_1109899.7206d218-0e58-4722-8566-cbcbd8b8b4e0.sorted_genome_alignments.bam,102260688,99794737,2465951,0.02411436
_1_UNCID_1110119.a8ef928f-7321-4355-b136-cec50ebd9481.sorted_genome_alignments.bam,113695815,110902213,2793602,0.024570843
_1_UNCID_1110583.4be8001c-c6a2-420c-8761-93469a6a7904.sorted_genome_alignments.bam,261374727,246603291,14771436,0.0565144
_1_UNCID_1110915.3e853cb1-4747-4f98-be64-d5de7fba801e.sorted_genome_alignments.bam,275698581,259825556,15873025,0.057573836
_1_UNCID_1111565.ebbb3b0d-c092-4af4-919a-25fcb49eac69.sorted_genome_alignments.bam,97128663,92740561,4388102,0.04517824
_1_UNCID_1111630.a89e4f9e-0dfe-449d-a215-6c770cc5ea55.sorted_genome_alignments.bam,104740304,102130033,2610271,0.024921362
_1_UNCID_1112588.31769d4d-64f5-4a2b-b8da-d5b2252badb3.sorted_genome_alignments.bam,216412919,207426956,8985963,0.041522304
_1_UNCID_1113626.eddd285e-a946-4e4e-a21d-6e84ed397594.sorted_genome_alignments.bam,195238575,188656039,6582536,0.033715345
_1_UNCID_1114467.5741e1ce-5d4c-40dc-aa01-e71a45341884.sorted_genome_alignments.bam,215250009,205870508,9379501,0.043574916
_1_UNCID_1114541.16fcbaec-f629-4d04-ab61-3f9b782e710d.sorted_genome_alignments.bam,122523777,116817663,5706114,0.046571483
_1_UNCID_1115408.abc25621-f98e-4bce-968b-df64793b2daf.sorted_genome_alignments.bam,280187395,272965178,7222217,0.025776381
_1_UNCID_1115718.20486352-7d5f-4065-ab10-7a3f792ec1e1.sorted_genome_alignments.bam,205818588,191521069,14297519,0.069466607
_1_UNCID_1115788.d69c60ae-d21b-4e6e-89c5-ef0750a31c71.sorted_genome_alignments.bam,215013181,205867625,9145556,0.042534862
_1_UNCID_1115967.66f3892f-f4ec-412c-9c56-a9e9b56a15ee.sorted_genome_alignments.bam,105030003,100362458,4667545,0.044440111
_1_UNCID_1116439.33600bf2-ec43-49d2-93dd-4985feb500aa.sorted_genome_alignments.bam,188135276,180481011,7654265,0.040684901
_1_UNCID_1116860.6e144eb1-f9c3-4cb1-9e69-28c63ca7e4d1.sorted_genome_alignments.bam,202469002,189266154,13202848,0.065209231
_1_UNCID_1117615.6d22f538-114f-48b6-94ba-fb60151ed567.sorted_genome_alignments.bam,114940084,109610080,5330004,0.046372021
_1_UNCID_1118167.554df3b0-e305-4dab-a268-47ad7c1dcffc.sorted_genome_alignments.bam,195014995,188564706,6450289,0.033075862
_1_UNCID_1118498.526c9170-0f25-4374-9287-1fc40acb6555.sorted_genome_alignments.bam,105807907,101176063,4631844,0.043775972
_1_UNCID_1118723.ac567288-88cc-4a65-937e-086655c038df.sorted_genome_alignments.bam,210478048,203864411,6613637,0.03142198
_1_UNCID_1119010.7edc6614-6c8b-43ec-87dd-7720961bd174.sorted_genome_alignments.bam,183153230,174648197,8505033,0.046436708
_1_UNCID_1120251.b34ad5ac-c581-4747-88db-e2d52fa7e463.sorted_genome_alignments.bam,145581328,137675561,7905767,0.054304814
_1_UNCID_1120271.5969d3bb-19fb-4bda-9483-db4791257b95.sorted_genome_alignments.bam,186962558,179990244,6972314,0.037292568
_1_UNCID_1120551.55b3f26e-8f8f-48b8-8c3a-4e648ac7e05a.sorted_genome_alignments.bam,230497194,220408258,10088936,0.04377032
_1_UNCID_1121562.354c08e2-61d3-4cfa-9d26-76d74dcfe44f.sorted_genome_alignments.bam,164445765,158797955,5647810,0.034344515
_1_UNCID_1123217.39ec3623-c15f-4af6-b2df-5413eec21bec.sorted_genome_alignments.bam,193677522,185803313,7874209,0.040656287
_1_UNCID_1123289.542bb107-1b0c-4ace-834d-9e32ed82429c.sorted_genome_alignments.bam,160228197,153891974,6336223,0.039544993
_1_UNCID_1123425.c03683bd-2fe1-4ab2-9a16-796553be5467.sorted_genome_alignments.bam,214431113,207641367,6789746,0.031663996
_1_UNCID_1123774.85e9922a-0ede-4fea-8338-ead05addef79.sorted_genome_alignments.bam,228738773,221200815,7537958,0.032954439
_1_UNCID_1123787.3610639e-d947-446f-8483-86be65c80ed3.sorted_genome_alignments.bam,213985169,205405233,8579936,0.040095938
_1_UNCID_1123870.a4c963fd-c8a6-4dcb-8b6e-159591e61d49.sorted_genome_alignments.bam,271275618,260113891,11161727,0.041145338
_1_UNCID_1123971.0a69935d-9552-4792-9b2e-1a630114691e.sorted_genome_alignments.bam,207094838,196272563,10822275,0.05225758
_1_UNCID_1124194.59783c67-6446-44c1-b9b3-505470f54c82.sorted_genome_alignments.bam,143370211,138847008,4523203,0.031549113
_1_UNCID_1124949.a0ac3d9f-7700-4319-929a-fb51d85c9d49.sorted_genome_alignments.bam,193088738,185197956,7890782,0.040866091
_1_UNCID_1126125.a88e6892-93fe-451f-9b7e-f6fe260ba9af.sorted_genome_alignments.bam,127592250,123777337,3814913,0.029899253
_1_UNCID_1126251.ad602633-fdd7-4bf1-b3ac-e1c8e0a02934.sorted_genome_alignments.bam,163657149,159563211,4093938,0.025015333
_1_UNCID_1126397.be4b0243-555a-4e4b-94fb-af6ba60058d0.sorted_genome_alignments.bam,109715094,105681410,4033684,0.036765078
_1_UNCID_1126668.9046caf3-bbfe-4554-b9d2-11b333ad7704.sorted_genome_alignments.bam,168276591,164163532,4113059,0.024442253
_1_UNCID_1126837.429b50eb-316f-459c-bc3a-0aca6e6dba46.sorted_genome_alignments.bam,167418686,162582092,4836594,0.028889213
_1_UNCID_1126937.c3604281-d909-4819-a90e-a1081b1e9d7f.sorted_genome_alignments.bam,180745188,175522345,5222843,0.028896166
_1_UNCID_1126958.48353101-484c-4d47-ae60-239d710ec00a.sorted_genome_alignments.bam,215815472,207487915,8327557,0.038586469
_1_UNCID_1127265.69f0bc59-c026-40e2-a3b6-88fcde091a82.sorted_genome_alignments.bam,155605973,149798802,5807171,0.037319718
_1_UNCID_1127508.6d066a72-f59f-45a8-ab90-216000b36da4.sorted_genome_alignments.bam,221950285,214549248,7401037,0.033345472
_1_UNCID_1127613.5462aaff-d060-4ba7-9ab5-0e6977accb91.sorted_genome_alignments.bam,188838691,183175414,5663277,0.029990025
_1_UNCID_1128589.66626142-7c5c-4ed0-8ef0-f4133423f275.sorted_genome_alignments.bam,151691711,144200890,7490821,0.049381874
_1_UNCID_1128630.3af60b03-66c3-48a1-a42b-1e05fdb529c4.sorted_genome_alignments.bam,154024048,144271035,9753013,0.063321365
_1_UNCID_1128703.433b49ba-949b-4914-985a-be19b3b32502.sorted_genome_alignments.bam,283616736,273431932,10184804,0.035910448
_1_UNCID_1128975.520a6569-bf3a-495f-9460-7f65e4f59687.sorted_genome_alignments.bam,221544490,212823438,8721052,0.039364789
_1_UNCID_1131803.98056d94-9c31-4cf7-9b0f-5ebe06be01bd.sorted_genome_alignments.bam,114717680,106032735,8684945,0.075707119
_1_UNCID_1133913.e4edbc10-8939-4bbf-befa-ee44229e4394.sorted_genome_alignments.bam,195473428,187913005,7560423,0.038677497
_1_UNCID_1134128.ef91ee42-e50f-44f7-967a-48698e920d12.sorted_genome_alignments.bam,197425900,189660092,7765808,0.039335305
_1_UNCID_1135383.70b29dd6-1688-4510-94dd-5fcb26a1a908.sorted_genome_alignments.bam,216463691,206355739,10107952,0.046695831
_1_UNCID_1135428.091cb252-dd08-4e9c-939c-749f595713f6.sorted_genome_alignments.bam,190348784,182966622,7382162,0.038782291
_1_UNCID_1136212.296c69de-2b77-4b3a-a228-9552a8a9836e.sorted_genome_alignments.bam,186721760,177914650,8807110,0.047167025
_1_UNCID_1137247.24e6e8f5-3caa-46f0-8915-7bd09f0736f9.sorted_genome_alignments.bam,134230513,128348448,5882065,0.043820625
_1_UNCID_1137313.b12c9095-55c7-4add-9e22-3d65eeef2040.sorted_genome_alignments.bam,140888620,134706693,6181927,0.043878114
_1_UNCID_1137327.bcf768ee-138c-42a4-a3bf-b8d509c644d9.sorted_genome_alignments.bam,135976408,130210308,5766100,0.04240515
_1_UNCID_1137722.560ab6aa-cbfe-42ac-9446-9d3df720bc81.sorted_genome_alignments.bam,119730775,115997096,3733679,0.031183954
_1_UNCID_1137825.754fd66b-f39a-4308-a57c-05de251f9014.sorted_genome_alignments.bam,205930350,198399658,7530692,0.036569122
_1_UNCID_1137829.1f7762ae-94bf-4ab4-a6d6-7fe57b1e1e99.sorted_genome_alignments.bam,137255162,127785771,9469391,0.068991147
_1_UNCID_1138075.b58514d7-7785-497d-ba94-165ee0a1b941.sorted_genome_alignments.bam,161197338,152788750,8408588,0.052163318
_1_UNCID_1138375.c791026a-9fda-47b4-86fd-9b5933325326.sorted_genome_alignments.bam,158235198,152660683,5574515,0.035229298
_1_UNCID_1138952.61c279ee-777a-4c05-bc38-e1a9183faaff.sorted_genome_alignments.bam,210478835,201923202,8555633,0.040648424
_1_UNCID_1139981.9f440cd6-d55f-4cb6-a433-637ef1f9d38f.sorted_genome_alignments.bam,228761811,220083209,8678602,0.037937285
_1_UNCID_1140240.3795f6d6-3a1d-4b41-8a4b-e832078e9d48.sorted_genome_alignments.bam,201390220,193786052,7604168,0.037758378
_1_UNCID_1140497.32cfb4f4-1de9-4937-8cfa-dc6c37081583.sorted_genome_alignments.bam,169896085,163654109,6241976,0.036739964
_1_UNCID_1141165.2cd8167d-d35f-43e8-927f-cd7decebd9cf.sorted_genome_alignments.bam,176052610,168005914,8046696,0.045706201
_1_UNCID_1142968.b5de3654-8983-45ab-a83a-d15284740d39.sorted_genome_alignments.bam,183987170,178476817,5510353,0.029949659
_1_UNCID_1144019.be1f09ae-deec-45d7-8504-fea3f6e7feb4.sorted_genome_alignments.bam,190193023,184545703,5647320,0.029692572
_1_UNCID_1144096.750469b2-05c7-4647-b101-cdd94246d254.sorted_genome_alignments.bam,171919304,167015168,4904136,0.028525802
_1_UNCID_1144339.4f1ffb0e-b2f8-42ae-86cb-bbd3405014f6.sorted_genome_alignments.bam,162239388,156054218,6185170,0.038123726
_1_UNCID_1146306.09c248f8-cdd7-4c13-9085-26c56544bcf7.sorted_genome_alignments.bam,127226705,118926392,8300313,0.065240336
_1_UNCID_1146813.2e9c893c-1d72-49a7-8755-1ede20b26fcf.sorted_genome_alignments.bam,219988169,212343650,7644519,0.034749682
_1_UNCID_1147145.0172d30c-287c-4f3e-b70c-5760c6dccb7c.sorted_genome_alignments.bam,193265703,187109785,6155918,0.031852097
_1_UNCID_1147148.91d63f86-9c62-47cb-8b4a-e3bd981ab8b2.sorted_genome_alignments.bam,129848345,122272002,7576343,0.058347629
_1_UNCID_1147376.f40b4aa3-b474-4c2e-a197-0347e46d3309.sorted_genome_alignments.bam,199760463,192249030,7511433,0.037602201
_1_UNCID_1147744.dce3de3e-f851-4859-a208-72e65d36ab3d.sorted_genome_alignments.bam,173012584,168446924,4565660,0.026389179
_1_UNCID_1147914.67b214bc-ac5f-4993-9907-fe0e0398d4ed.sorted_genome_alignments.bam,131336518,125353615,5982903,0.045553994
_1_UNCID_1148055.fb0cd718-5300-4447-9740-a63308f65d92.sorted_genome_alignments.bam,143406802,135620508,7786294,0.054295151
_1_UNCID_1148168.7e073ecd-452a-4cba-9dfd-8601f3245721.sorted_genome_alignments.bam,182502922,174309009,8193913,0.044897435
_1_UNCID_1148319.f77e9ef0-0a62-426b-98d9-6813edeb63a5.sorted_genome_alignments.bam,234748243,226137433,8610810,0.036681041
_1_UNCID_1148726.3389d4b9-0190-4a69-a647-a6d53e3c96be.sorted_genome_alignments.bam,147869346,141518225,6351121,0.042950897
_1_UNCID_1148937.7c7b9232-aadf-476f-b9c7-2fdd67efe1e7.sorted_genome_alignments.bam,207798315,199035985,8762330,0.042167474
_1_UNCID_1149050.8a19b992-4173-400d-8aec-d156525eedd6.sorted_genome_alignments.bam,182350634,173442256,8908378,0.048853014
_1_UNCID_1149453.ae592879-5689-4818-8ac3-23a00c5d3934.sorted_genome_alignments.bam,179252533,168326390,10926143,0.060953911
_1_UNCID_1150779.f8ac9655-03ed-4e14-a4d3-88f63ef6bf7c.sorted_genome_alignments.bam,125992620,118740948,7251672,0.057556324
_1_UNCID_1150963.ad46ed65-3cc2-4956-9d90-3e1edca24417.sorted_genome_alignments.bam,147380893,140993616,6387277,0.043338569
_1_UNCID_1151342.9c5eb452-caec-4a9a-9ced-215be92c91d2.sorted_genome_alignments.bam,127966419,123570808,4395611,0.034349723
_1_UNCID_1151539.e8ef8b75-7c0c-4a42-9a10-3789b6afa5d2.sorted_genome_alignments.bam,167342729,160996770,6345959,0.037921928
_1_UNCID_1151571.491c6c41-d1c5-4be7-bb7c-9df7275aa388.sorted_genome_alignments.bam,149926275,143293271,6633004,0.044241771
_1_UNCID_1151794.3d0d24de-c3b4-4396-bfb1-2c8c2788cf0c.sorted_genome_alignments.bam,161641553,155913977,5727576,0.03543381
_1_UNCID_1152524.43bbd0f7-87d7-472f-ad3e-e016df3d5d89.sorted_genome_alignments.bam,188810255,182014914,6795341,0.035990317
_1_UNCID_1153597.0042b857-502f-4d8e-baac-845c1a9bb64b.sorted_genome_alignments.bam,161392666,154763016,6629650,0.041077765
_1_UNCID_1154431.bf23a402-18ab-47b7-8bca-a9b01eeaf605.sorted_genome_alignments.bam,180322630,172093164,8229466,0.045637455
_1_UNCID_1155791.3c38c1fe-9f57-4523-9654-c4bc6b02e84f.sorted_genome_alignments.bam,200014518,193027929,6986589,0.034930409
_1_UNCID_1155827.416041ff-f179-4c72-a281-f39d32c595c1.sorted_genome_alignments.bam,215171937,206126312,9045625,0.042039055
_1_UNCID_1156738.ed6ebb15-1401-49e0-be9a-e1391e84b374.sorted_genome_alignments.bam,180645851,168947864,11697987,0.064756467
_1_UNCID_1156987.9560e482-cb14-4456-b9a6-d2ac12f96a4f.sorted_genome_alignments.bam,199114132,189444452,9669680,0.048563504
_1_UNCID_1157023.f8dbf3ce-7c30-4e62-a25f-d98843794672.sorted_genome_alignments.bam,157155607,128592099,28563508,0.181753032
_1_UNCID_1157065.bae23acf-5981-4071-a7e1-6363ab128561.sorted_genome_alignments.bam,180925525,169041471,11884054,0.065684784
_1_UNCID_1157522.20eb1da4-ef70-49dd-956f-18d65725ba27.sorted_genome_alignments.bam,182214166,175392447,6821719,0.037437918
_1_UNCID_1159756.897b769d-f66a-4baf-b5fa-fe92ed49a8b4.sorted_genome_alignments.bam,94973926,88756017,6217909,0.065469643
_1_UNCID_1159829.d4d04af8-9c60-4d14-90a2-c2b211e20092.sorted_genome_alignments.bam,114681952,107740747,6941205,0.060525696
_1_UNCID_1160247.8cf1853a-55b2-4fb9-9a65-a46243304d54.sorted_genome_alignments.bam,236532857,225372208,11160649,0.04718435
_1_UNCID_1163277.517d2fa2-c95a-454d-b53e-5f4806a4eef3.sorted_genome_alignments.bam,182177643,175043638,7134005,0.039159608
_1_UNCID_1164925.502939cc-3381-4bc2-9ae6-332846cf836b.sorted_genome_alignments.bam,195481063,186395380,9085683,0.046478584
_1_UNCID_1165062.000d877f-8d03-44bc-8607-27b5ba84b5fe.sorted_genome_alignments.bam,211076937,203208394,7868543,0.03727808
_1_UNCID_1165209.8d0d1eea-9e60-4507-8cfa-1fac66edc8a4.sorted_genome_alignments.bam,240768516,231801199,8967317,0.037244558
_1_UNCID_1165244.a1a4ed45-edca-4f57-a885-9fb5626dad40.sorted_genome_alignments.bam,211097181,204599176,6498005,0.030782055
_1_UNCID_1165413.92f96e71-9922-424c-a13b-9aba472cec1c.sorted_genome_alignments.bam,142184030,133346702,8837328,0.062154153
_1_UNCID_1165994.0ae47677-7ad1-4b68-8c3d-2b799691fa59.sorted_genome_alignments.bam,165663185,157605573,8057612,0.048638519
_1_UNCID_1166114.8cc55a92-1d4d-4283-be67-ca67eed7e51b.sorted_genome_alignments.bam,99008788,95018787,3990001,0.040299463
_1_UNCID_1166606.69e0026c-c87c-4987-8e46-f94d21f6bfb6.sorted_genome_alignments.bam,113190846,107842917,5347929,0.04724701
_1_UNCID_1166952.28089e15-5e2c-4e83-ba6c-62b3cb40e431.sorted_genome_alignments.bam,139019954,133379180,5640774,0.040575283
_1_UNCID_1166981.7002615e-435b-4631-bb5b-e4b7532a143a.sorted_genome_alignments.bam,238455343,225643881,12811462,0.053726882
_1_UNCID_1167195.f6e8424b-338c-4f9a-bdc7-f7d8de0c5634.sorted_genome_alignments.bam,157517652,150666200,6851452,0.043496408
_1_UNCID_1167393.a2405d64-34eb-4915-abf7-8530151d5cb0.sorted_genome_alignments.bam,139648987,133721884,5927103,0.042442864
_1_UNCID_1167735.5275bc42-18a3-43d1-9dee-dfb80c39ba20.sorted_genome_alignments.bam,168299572,150237036,18062536,0.107323719
_1_UNCID_1168223.58e94be5-2da2-4a96-944a-060f20216572.sorted_genome_alignments.bam,97637216,93566452,4070764,0.04169275
_1_UNCID_1168369.2b5a753c-2fb5-41e5-bf95-8c3e894f57b2.sorted_genome_alignments.bam,141825234,131473034,10352200,0.072992652
_1_UNCID_1168636.3d0d0f6b-4caa-4c53-b971-17466f076e95.sorted_genome_alignments.bam,145315153,139208308,6106845,0.042024833
_1_UNCID_1168851.bd51f90a-ec67-4a7d-87bf-9d85acd65d51.sorted_genome_alignments.bam,147439508,142031648,5407860,0.0366785
_1_UNCID_1169087.c88b614b-811e-42f9-86e3-10909ced98e7.sorted_genome_alignments.bam,214864760,201921065,12943695,0.060241126
_1_UNCID_1169113.2b0e2135-a1e4-4785-8b9f-b4cf7b36d938.sorted_genome_alignments.bam,153104261,147472654,5631607,0.036782823
_1_UNCID_1169572.99b33d26-0bda-4a75-bde6-89f75863c296.sorted_genome_alignments.bam,177465041,166454984,11010057,0.062040709
_1_UNCID_1169578.9eb89679-4b90-493f-bdcc-a14c26b5c874.sorted_genome_alignments.bam,160273396,154311027,5962369,0.03720124
_1_UNCID_1169897.0718af55-25eb-45b7-9e76-5d663a00dca5.sorted_genome_alignments.bam,238490821,227600579,10890242,0.045663149
_1_UNCID_1171309.dc557907-3bd3-44a1-84ca-164382709b81.sorted_genome_alignments.bam,142244577,138380603,3863974,0.027164297
_1_UNCID_1171554.9797fc8a-18aa-4fc1-bd71-dd1b5fc39222.sorted_genome_alignments.bam,150315678,144022660,6293018,0.041865347
_1_UNCID_1171920.31ff1045-fdc1-4b02-ae0e-880f652adb31.sorted_genome_alignments.bam,189839916,180096091,9743825,0.051326535
_1_UNCID_1172243.dfb507b2-1c7d-4a63-a833-d52d881f5c06.sorted_genome_alignments.bam,172777178,167247796,5529382,0.032002965
_1_UNCID_1172671.6f9a972b-f83d-458e-b9af-9d08d871884c.sorted_genome_alignments.bam,168614702,162345637,6269065,0.037179824
_1_UNCID_1172870.7f6f09f7-201d-4d8c-ac1f-8893df37cb66.sorted_genome_alignments.bam,187199274,172146131,15053143,0.080412401
_1_UNCID_1174736.e5276782-9ac4-454d-a7b3-72d6c12fbd5d.sorted_genome_alignments.bam,180567728,171787311,8780417,0.048626724
_1_UNCID_1174936.ff2558cb-1184-42fa-9333-503390fd220e.sorted_genome_alignments.bam,185262985,178819411,6443574,0.034780688
_1_UNCID_1176073.65334e64-43d0-4024-86af-72b68ef869a7.sorted_genome_alignments.bam,205253865,192887433,12366432,0.060249448
_1_UNCID_1176878.db79a2d9-e3dc-40e8-b248-404df1ea91ce.sorted_genome_alignments.bam,213211189,205138293,8072896,0.037863379
_1_UNCID_1177031.6f59075b-d162-4db4-ad9a-55e669635252.sorted_genome_alignments.bam,107919966,104207370,3712596,0.034401382
_1_UNCID_1177202.1d3af406-750e-4b1f-97e2-bd2979f78c5b.sorted_genome_alignments.bam,149558893,140299847,9259046,0.06190903
_1_UNCID_1177278.a2c80f8e-f08d-4574-90a0-f0651c0a9b1b.sorted_genome_alignments.bam,154055270,147317736,6737534,0.043734525
_1_UNCID_1177852.da5862a3-a56b-4b67-9f53-3b36ac7f023f.sorted_genome_alignments.bam,189801613,183260022,6541591,0.034465413
_1_UNCID_1178344.66a8dca9-cbca-4123-856f-bad5d1402523.sorted_genome_alignments.bam,174412409,164678746,9733663,0.055808317
_1_UNCID_1178365.bbc684dd-405e-4aaa-8b26-c5494ec2018a.sorted_genome_alignments.bam,143653355,139286680,4366675,0.030397306
_1_UNCID_1178729.ba299dcf-8350-43f9-abaa-06f7e42c4457.sorted_genome_alignments.bam,191091542,185921417,5170125,0.02705575
_1_UNCID_1179047.0e104ca3-c25f-4393-88a2-887d84a03e87.sorted_genome_alignments.bam,188006992,183115366,4891626,0.02601832
_1_UNCID_1179250.2b768c1c-c655-47e0-96f2-05bcd8daa73a.sorted_genome_alignments.bam,165889694,160565164,5324530,0.03209681
_1_UNCID_1179737.0e959a22-7e2a-4cf8-92cc-ae13baee45b1.sorted_genome_alignments.bam,161838954,119235908,42603046,0.263243459
_1_UNCID_1180064.bfe2a633-8c76-4b72-a807-fe986c35944f.sorted_genome_alignments.bam,161150149,154278499,6871650,0.042641289
_1_UNCID_1180067.06f58c00-4b08-4d06-a3f8-eef3d67071f0.sorted_genome_alignments.bam,151233476,145735011,5498465,0.03635746
_1_UNCID_1180406.021f38df-d9cd-4b4b-8fd6-8fc2bc4eb3fc.sorted_genome_alignments.bam,200423798,192302892,8120906,0.040518671
_1_UNCID_1180912.a90575a7-c09f-4d0c-b64d-c7696e923954.sorted_genome_alignments.bam,187752968,180879276,6873692,0.036610297
_1_UNCID_1180951.98fd7f60-5aa5-4917-9dd7-58a2d0fd8ba5.sorted_genome_alignments.bam,168103292,161305642,6797650,0.04043734
_1_UNCID_1181569.037a8797-3399-411b-892c-fd608c8e3987.sorted_genome_alignments.bam,167505057,160024233,7480824,0.044660287
_1_UNCID_1183177.fd27fbf6-ceaf-4eef-9585-a84b7ad60453.sorted_genome_alignments.bam,186345726,114595564,71750162,0.385037873
_1_UNCID_1183807.4b68ecb0-6827-4f72-8844-94dfeb02c6f9.sorted_genome_alignments.bam,259564955,231057234,28507721,0.109828852
_1_UNCID_1184140.a62572f8-bd89-491a-9bf4-1877a07da46e.sorted_genome_alignments.bam,298349185,286680721,11668464,0.039110092
_1_UNCID_1184538.85d40702-9e6c-4091-94b5-391c3f84bc5a.sorted_genome_alignments.bam,153588942,147025345,6563597,0.042734828
_1_UNCID_1184977.ae363a64-41f5-4253-ac6a-ecf6fa4ec610.sorted_genome_alignments.bam,206764778,177912791,28851987,0.139540145
_1_UNCID_1185722.1676db36-01d5-4338-aabe-5e92f4fca1c8.sorted_genome_alignments.bam,225123001,211261332,13861669,0.061573757
_1_UNCID_1185736.87a76195-5000-4976-8a5e-c2875cb9f486.sorted_genome_alignments.bam,190885347,182111915,8773432,0.045961789
_1_UNCID_1186480.5513eb8f-2d59-438b-a1b1-d2f758d2f7e0.sorted_genome_alignments.bam,176091932,166592976,9498956,0.053943164
_1_UNCID_1186595.5dfb0514-3f93-446c-80be-1c964744dbb8.sorted_genome_alignments.bam,193551460,184553552,8997908,0.046488453
_1_UNCID_1186927.3cb8daa1-6cb3-4baa-bb97-38e82d73bf0d.sorted_genome_alignments.bam,165272402,158386475,6885927,0.041664107
_1_UNCID_1187073.d5261ff1-e2ae-4a72-83c7-df812cf9a947.sorted_genome_alignments.bam,186033620,180059350,5974270,0.032113927
_1_UNCID_1187309.17809084-c723-4445-aa49-3292c500d5be.sorted_genome_alignments.bam,143251636,136348036,6903600,0.04819212
_1_UNCID_1187542.241dddc6-7972-4f13-9fc4-b07389eb29ef.sorted_genome_alignments.bam,190749547,184233626,6515921,0.034159562
_1_UNCID_1189027.de741d7b-594e-4167-bf35-09fc4f6753ab.sorted_genome_alignments.bam,169914294,139369147,30545147,0.179767966
_1_UNCID_1189484.1cf6a04b-d795-4528-9a6d-fdf52c9a4a95.sorted_genome_alignments.bam,256397113,243005596,13391517,0.052229594
_1_UNCID_1189852.44f00cac-2554-4b46-83a6-95fac5691128.sorted_genome_alignments.bam,221815013,211903356,9911657,0.044684338
_1_UNCID_1190350.c9fe1e72-5413-41c6-a387-569b7edc7c1a.sorted_genome_alignments.bam,175581034,166901123,8679911,0.049435356
_1_UNCID_1190394.88016c0c-cd18-426e-884f-e29e88bd2185.sorted_genome_alignments.bam,169695915,162390063,7305852,0.04305261
_1_UNCID_1190606.f3c8d441-c3ca-40f8-99d6-f13a301b0848.sorted_genome_alignments.bam,211943472,194630757,17312715,0.081685531
_1_UNCID_1190725.a2adfb0d-eee7-4400-b252-1f782e5a31ff.sorted_genome_alignments.bam,213883538,195695772,18187766,0.085035839
_1_UNCID_1190920.05ee2da4-e22f-4cf0-911c-ca089ceba8f0.sorted_genome_alignments.bam,189800299,182238521,7561778,0.039840706
_1_UNCID_1191074.48997d33-baf4-499d-9931-fa552d7fc313.sorted_genome_alignments.bam,129702780,97812037,31890743,0.245875555
_1_UNCID_1191134.08987013-c189-4816-af55-7ecb3d67ffda.sorted_genome_alignments.bam,134638918,130025143,4613775,0.034267766
_1_UNCID_1191176.52d8cab6-af14-4311-af92-9b02eff8f665.sorted_genome_alignments.bam,160363796,143646333,16717463,0.104247114
_1_UNCID_1192188.f5f7987f-dc7d-40b1-8959-10969abb2b1d.sorted_genome_alignments.bam,174478200,153646919,20831281,0.119391884
_1_UNCID_1192867.d44bd908-b2b4-4f7e-8d10-7719d866b9df.sorted_genome_alignments.bam,166893251,160441098,6452153,0.038660359
_1_UNCID_1193547.3df74d09-4b20-44f3-88cc-42bfb24892eb.sorted_genome_alignments.bam,168441371,142085124,26356247,0.15647134
_1_UNCID_1194026.8b3062fd-dd51-4bc0-a858-6783b3b5fe08.sorted_genome_alignments.bam,177578829,169266622,8312207,0.046808547
_1_UNCID_1194335.fe66d7a7-c591-4dbb-9e05-12c5fa3fa814.sorted_genome_alignments.bam,116736931,108630574,8106357,0.069441238
_1_UNCID_1194908.77144430-5eb5-4ac4-9e08-460911d9a614.sorted_genome_alignments.bam,165863592,161011302,4852290,0.029254702
_1_UNCID_1195405.c43207c0-edd2-4a86-a8c0-afc179996389.sorted_genome_alignments.bam,253023807,235936485,17087322,0.067532467
_1_UNCID_1195697.76fe3be8-302c-420c-88a6-fe6cedd501b4.sorted_genome_alignments.bam,140385706,135512049,4873657,0.034716191
_1_UNCID_1196048.48001fdd-8904-4ce7-a52c-519fdee5e246.sorted_genome_alignments.bam,119062545,115387768,3674777,0.030864257
_1_UNCID_1196169.f7d99218-d737-4034-b989-6af2da33508e.sorted_genome_alignments.bam,248032249,234395115,13637134,0.054981294
_1_UNCID_1196736.12a59c4a-fb09-4063-9bb5-6161b10240e0.sorted_genome_alignments.bam,196048159,186679377,9368782,0.047788166
_1_UNCID_1197145.4e89f83e-833f-4478-a7b4-5b4faf5cfeb4.sorted_genome_alignments.bam,133089783,128490465,4599318,0.03455801
_1_UNCID_1197176.12ecf406-9bce-4813-84a5-46819c48265b.sorted_genome_alignments.bam,171834914,164734953,7099961,0.041318501
_1_UNCID_1197219.0a78bfd7-a00c-447f-b5f4-f3111a0f67af.sorted_genome_alignments.bam,225839259,214538122,11301137,0.050040622
_1_UNCID_1197392.e912621f-4803-46d2-a056-378dc3fcf8b4.sorted_genome_alignments.bam,164369646,156529007,7840639,0.047701259
_1_UNCID_1198198.61de326f-12b9-47b4-948e-c84c75e6231f.sorted_genome_alignments.bam,107774684,103285588,4489096,0.041652602
_1_UNCID_1199012.aafaf3c4-9f80-40ab-af90-03f2ceda4e87.sorted_genome_alignments.bam,130346004,124808321,5537683,0.042484486
_1_UNCID_1199129.70544bed-6e2a-45f0-9b7c-e4f44705935f.sorted_genome_alignments.bam,119832312,115796896,4035416,0.033675525
_1_UNCID_1199447.c62df097-1c46-4da1-a61f-ea521ed57808.sorted_genome_alignments.bam,124829257,119760344,5068913,0.040606771
_1_UNCID_1200097.d9b3816c-55ff-4765-983a-2376a450a9b8.sorted_genome_alignments.bam,156977323,151702819,5274504,0.03360042
_1_UNCID_1200144.b934a7ef-afb8-4c82-8c80-51cdfe9fbad7.sorted_genome_alignments.bam,122831652,118663052,4168600,0.033937507
_1_UNCID_1200155.79a2af2f-2582-4ebb-9ee5-0c20daa90fd8.sorted_genome_alignments.bam,173890035,168212100,5677935,0.032652446
_1_UNCID_1201162.aed585d4-f5ff-4de3-a405-64c6c057d52e.sorted_genome_alignments.bam,156909776,151314440,5595336,0.035659575
_1_UNCID_1201619.988e9e29-398e-45af-a4da-b6e7d119b776.sorted_genome_alignments.bam,66269388,63213666,3055722,0.046110611
_1_UNCID_1201851.ad99e8c5-a7a3-4558-99fd-2dd1e3b2a17d.sorted_genome_alignments.bam,182711096,176590145,6120951,0.033500708
_1_UNCID_1204604.5eae1d0f-5ca1-499b-963f-2fce4807ccc6.sorted_genome_alignments.bam,70357888,68349859,2008029,0.028540211
_1_UNCID_1204758.274a99f3-1b61-48f3-afab-11088c63f488.sorted_genome_alignments.bam,131208561,119906277,11302284,0.086139837
_1_UNCID_1204998.cdc81d17-1d85-42e5-a3ec-f458e6ab83f6.sorted_genome_alignments.bam,66605783,64481616,2124167,0.03189163
_1_UNCID_1206168.f5a01f2f-247a-42a0-a713-ba6f8bb8d03e.sorted_genome_alignments.bam,82578511,75066770,7511741,0.09096484
_1_UNCID_1207082.5e45c9ab-f5fe-497b-b919-72b0d8dec83d.sorted_genome_alignments.bam,80158176,73521127,6637049,0.082799402
_1_UNCID_1207173.190cca34-43f6-4d87-93fc-e36220f1782f.sorted_genome_alignments.bam,77279905,71848571,5431334,0.070281323
_1_UNCID_1207487.8d78dad5-81bc-41d5-83db-10bec2cf114e.sorted_genome_alignments.bam,95588730,91167523,4421207,0.046252388
_1_UNCID_1208864.0ca8b8b7-f805-4c2a-834d-01790c9d7504.sorted_genome_alignments.bam,155519095,151296662,4222433,0.027150576
_1_UNCID_1208983.d9f5e680-b72e-4a64-942b-191154d8012a.sorted_genome_alignments.bam,180441271,169096966,11344305,0.062869791
_1_UNCID_1209239.020f448b-0242-4ff7-912a-4598d0b49055.sorted_genome_alignments.bam,153694644,149541498,4153146,0.027022061
_1_UNCID_1210455.743ad0e2-903e-4438-a575-1f06c286c079.sorted_genome_alignments.bam,113365196,107201081,6164115,0.054373963
_1_UNCID_1210558.59173676-8eca-4a03-b37c-c726208a961a.sorted_genome_alignments.bam,110655476,103299091,7356385,0.066480081
_1_UNCID_1211362.24b64a2a-72d2-49a7-b6ac-33654632b85a.sorted_genome_alignments.bam,211196930,204884553,6312377,0.029888583
_1_UNCID_1211539.c6c8c326-92f3-4226-8816-43b257b3ec9f.sorted_genome_alignments.bam,154392272,150173484,4218788,0.027325124
_1_UNCID_1211609.1fbac9dc-90e1-4421-a65d-292ddbad0b4e.sorted_genome_alignments.bam,220545534,216139193,4406341,0.01997928
_1_UNCID_1212016.3d39fcd3-b37d-47be-8693-d9afbb6a3648.sorted_genome_alignments.bam,165766552,159172870,6593682,0.039776915
_1_UNCID_1212272.2f5e513a-8cda-4e87-ba97-845b78c8853f.sorted_genome_alignments.bam,98195515,95098890,3096625,0.0315353
_1_UNCID_1212572.8143b9c8-6ab2-48c4-88ab-a4aea81ad8fe.sorted_genome_alignments.bam,151467994,141616399,9851595,0.06504077
_1_UNCID_1213082.b769a631-6c4c-43aa-821b-b10cd4bba51b.sorted_genome_alignments.bam,163554525,158405996,5148529,0.031478976
_1_UNCID_1213133.7bf6ccc1-5c04-4ae6-9f92-af14171cdf89.sorted_genome_alignments.bam,181848581,177878666,3969915,0.021830882
_1_UNCID_1213242.fd2fccb4-ea5c-4139-9dc3-25213f5345e4.sorted_genome_alignments.bam,171456616,166209111,5247505,0.030605439
_1_UNCID_1213670.d73edb10-76fc-4bb0-83c4-ac35f73da627.sorted_genome_alignments.bam,187135425,181788740,5346685,0.028571207
_1_UNCID_1214139.b1d3e9ee-f0d0-4efd-a505-ea1a9f7fa6df.sorted_genome_alignments.bam,171517923,162761678,8756245,0.051051487
_1_UNCID_1214562.1fcad7a0-4e7b-47ec-a302-7b3fe1180060.sorted_genome_alignments.bam,174318525,169652702,4665823,0.026766077
_1_UNCID_1214568.414c5291-4482-4e71-88df-a9b868cff950.sorted_genome_alignments.bam,198787257,194288617,4498640,0.022630424
_1_UNCID_1214969.0db9c1c6-7061-49d6-b60e-9f48b857299c.sorted_genome_alignments.bam,178982181,174855889,4126292,0.023054206
_1_UNCID_1215119.bfdc11be-a30b-498b-bdf6-4b98ec4f1ea1.sorted_genome_alignments.bam,192823878,187520709,5303169,0.027502657
_1_UNCID_1215636.8d250084-d374-4ec4-994b-6c5f9c0f1a14.sorted_genome_alignments.bam,224033018,212933547,11099471,0.049543907
_1_UNCID_1215671.86973b83-4077-414a-ad8d-dbf32b6707d1.sorted_genome_alignments.bam,261153780,244670781,16482999,0.063116065
_1_UNCID_1215849.90c1c52d-0d8b-41d3-82c7-e4773c95a22c.sorted_genome_alignments.bam,138767633,133521765,5245868,0.037803253
_1_UNCID_1216739.523635dd-1fcb-4dbb-9405-2397c00b02be.sorted_genome_alignments.bam,180019628,174231044,5788584,0.032155294
_1_UNCID_1217733.f879b84d-a2e7-4189-bcf6-9286b52e19dd.sorted_genome_alignments.bam,202798432,196516160,6282272,0.030977912
_1_UNCID_1218176.89a750e5-c923-4f77-a889-74cbe2e4bf60.sorted_genome_alignments.bam,189070602,184202567,4868035,0.025747181
_1_UNCID_1218762.926ac720-e414-4e84-ae09-9df5a7359cfb.sorted_genome_alignments.bam,155229591,151429093,3800498,0.024483077
_1_UNCID_1218827.33f43961-b32d-46fc-ba11-264f1101e78d.sorted_genome_alignments.bam,176929170,173026596,3902574,0.022057267
_1_UNCID_1218881.5eb1264b-f257-4b2e-8078-9baaefd51b7a.sorted_genome_alignments.bam,171899957,168159882,3740075,0.021757277
_1_UNCID_1218903.2b5d833d-fd64-47a1-b90a-6a1eba839e1c.sorted_genome_alignments.bam,177059428,172886090,4173338,0.023570267
_1_UNCID_1218996.3c8801a6-e38d-43bd-a9d4-7bc5186f0617.sorted_genome_alignments.bam,198802424,193873602,4928822,0.024792565
_1_UNCID_1219117.3669c448-0958-458b-a4f8-6fe064deb817.sorted_genome_alignments.bam,138267750,135226061,3041689,0.021998543
_1_UNCID_1219295.da271fcc-72b4-442e-9ce2-c03b68947003.sorted_genome_alignments.bam,161006554,154864778,6141776,0.038146124
_1_UNCID_1220109.bb55462c-2475-4a92-98e4-9119b26c0c82.sorted_genome_alignments.bam,106930647,104894938,2035709,0.019037657
_1_UNCID_1220385.32cf555c-9de8-4de4-ba4a-a729ac88e8ba.sorted_genome_alignments.bam,116324616,113336200,2988416,0.025690315
_1_UNCID_1220710.7f8bad33-c92b-48f6-99b1-2165784efd8f.sorted_genome_alignments.bam,112066730,109382955,2683775,0.023948008
_1_UNCID_1222153.58d8d333-2db3-414a-b8c6-22e28d79403b.sorted_genome_alignments.bam,157919249,154371823,3547426,0.022463544
_1_UNCID_1222806.d48f5bc7-1cca-4435-8f59-d802fde708a8.sorted_genome_alignments.bam,134236937,131258678,2978259,0.022186583
_1_UNCID_1224785.40cd8ac3-db5e-4295-9dbd-d891885cead5.sorted_genome_alignments.bam,187185256,183014787,4170469,0.022279901
_1_UNCID_1225019.c55d0f65-fa13-4bb5-a556-2bd78bac2ccf.sorted_genome_alignments.bam,168063769,162709655,5354114,0.031857634
_1_UNCID_1225169.5ed0de42-f949-4046-895b-f97853201a8d.sorted_genome_alignments.bam,167327533,162168307,5159226,0.030833097
_1_UNCID_1225343.b295bda8-db61-49c4-912c-5c1f987e9d53.sorted_genome_alignments.bam,182695606,177708609,4986997,0.027296754
_1_UNCID_1225644.73b2e2ac-aafd-40e7-8759-ffa226f04a3b.sorted_genome_alignments.bam,189341456,183455172,5886284,0.031088194
_1_UNCID_1225744.eb210789-9eb4-4def-a83d-3f0254b3c6dd.sorted_genome_alignments.bam,252628666,247458880,5169786,0.020463972
_1_UNCID_1225808.149e2d5d-3d6c-410e-b435-7e37b3f96661.sorted_genome_alignments.bam,80426155,77490099,2936056,0.036506234
_1_UNCID_1225853.0569af63-9a1d-4f03-9a67-1269c7973677.sorted_genome_alignments.bam,93822341,91245800,2576541,0.027461913
_1_UNCID_1226256.d74355d5-c8f1-4657-ac5c-5f76a4e47467.sorted_genome_alignments.bam,202685236,197878641,4806595,0.023714579
_1_UNCID_1226682.a1510fc9-aff1-4cc2-8d8e-9aafce9319f7.sorted_genome_alignments.bam,86738442,84069081,2669361,0.030774832
_1_UNCID_1226886.7f9f381e-edb1-4a5e-b5f7-c31b2a769912.sorted_genome_alignments.bam,127923892,124407275,3516617,0.027489916
_1_UNCID_1227024.ccf84703-a5c7-4995-a1c2-b3e4e15d99b7.sorted_genome_alignments.bam,94102591,91771551,2331040,0.024771263
_1_UNCID_1228853.9334a61d-eb4f-4504-9f4d-b9d55a8733de.sorted_genome_alignments.bam,231480643,225027565,6453078,0.027877398
_1_UNCID_1229046.f338175a-fa1e-4b98-91e2-f4f0ee349e8e.sorted_genome_alignments.bam,222026394,214193926,7832468,0.035277193
_1_UNCID_1229094.d5da6fea-e0ee-4da5-8f4a-45d850fead0c.sorted_genome_alignments.bam,402661103,391045788,11615315,0.02884638
_1_UNCID_1229184.80ee8813-997d-48b9-9853-520080e22e05.sorted_genome_alignments.bam,390100847,371117395,18983452,0.048662935
_1_UNCID_1233163.5bd95b46-d04b-49a9-964a-dd49570f4960.sorted_genome_alignments.bam,73095269,69067298,4027971,0.055105769
_1_UNCID_1233392.d4c152fe-3931-47d0-8ed2-df40c8cd4cd0.sorted_genome_alignments.bam,117966696,110312930,7653766,0.064880735
_1_UNCID_1233425.c3bf2363-4bb5-4de7-ac82-0c4fa11eee7b.sorted_genome_alignments.bam,112893281,108767256,4126025,0.036548012
_1_UNCID_1233705.471aa847-0e7e-4ec5-bb50-c0df66260f91.sorted_genome_alignments.bam,138723424,134027854,4695570,0.033848429
_1_UNCID_1233772.8a2f149d-34a9-4be2-8bc5-d3d25f1df7e3.sorted_genome_alignments.bam,144640489,137858827,6781662,0.046886332
_1_UNCID_1233867.7e81cb8c-9d91-4679-8a96-12365c19119b.sorted_genome_alignments.bam,139732127,133763096,5969031,0.042717671
_1_UNCID_1233878.a57841bb-fa68-4d84-85e0-2d5e4f3ce828.sorted_genome_alignments.bam,166860322,160263515,6596807,0.039534905
_1_UNCID_1233887.86961468-9e93-469a-b812-03ef327bf5fb.sorted_genome_alignments.bam,139279110,132360050,6919060,0.049677658
_1_UNCID_1234171.7085dbbb-eb5b-4aa9-af1f-280c9dbc98e5.sorted_genome_alignments.bam,165466544,158560487,6906057,0.041736878
_1_UNCID_1234187.30fbb6c0-c79f-493b-b5c7-d8f820da9821.sorted_genome_alignments.bam,135870718,131186194,4684524,0.034477804
_1_UNCID_1234342.3bdd32fc-608b-4559-b219-bd57548cb29a.sorted_genome_alignments.bam,162975390,157656352,5319038,0.032637063
_1_UNCID_1234454.ec82193f-8c29-4486-aa5d-0c1912608727.sorted_genome_alignments.bam,174161525,170443421,3718104,0.021348596
_1_UNCID_1234525.b966ca07-fd34-4428-a460-1ba57a3e519d.sorted_genome_alignments.bam,176352083,159075326,17276757,0.097967411
_1_UNCID_1234550.cde6162b-199e-42f0-a0fb-547bed209e8b.sorted_genome_alignments.bam,180037953,173500780,6537173,0.036309972
_1_UNCID_1234702.c07b7746-e340-4679-99bb-531c2d93b4e5.sorted_genome_alignments.bam,175638474,169379828,6258646,0.035633685
_1_UNCID_1234867.a292e3ff-5e63-4d77-8398-f3afa5c880cc.sorted_genome_alignments.bam,173240849,157360043,15880806,0.091668946
_1_UNCID_1235112.b6a8b608-8bf6-4d57-a720-bd4aaced4591.sorted_genome_alignments.bam,167740909,162719346,5021563,0.029936424
_1_UNCID_1236175.a4a2d2e8-d2cd-4551-942d-8cc066d332a6.sorted_genome_alignments.bam,190931385,186742556,4188829,0.021938923
_1_UNCID_1236929.9d3eb977-6020-42db-804b-a1139511a979.sorted_genome_alignments.bam,214299480,208617427,5682053,0.026514544
_1_UNCID_1237767.c3a60103-efb6-4553-bb36-917fcb21d811.sorted_genome_alignments.bam,208183574,203649547,4534027,0.021778985
_1_UNCID_1240751.70779173-6a72-45e4-bf43-91ee9baba55f.sorted_genome_alignments.bam,133889664,127447622,6442042,0.048114558
_1_UNCID_1242683.b854167d-42a2-4144-92ee-0229536d4cea.sorted_genome_alignments.bam,131768109,125675071,6093038,0.046240612
_1_UNCID_1243827.d1883aba-565e-487f-a240-4dac9d5bc50e.sorted_genome_alignments.bam,181880461,177055617,4824844,0.026527555
_1_UNCID_1250679.589feea4-d8ea-4c3f-9d63-367ba1488465.sorted_genome_alignments.bam,183453228,179675541,3777687,0.020592099
_1_UNCID_1256299.986964bc-b680-4fc1-8f93-20772f0a8949.sorted_genome_alignments.bam,129708126,124804102,4904024,0.037808148
_1_UNCID_1258939.9f693816-6957-413c-a100-54f7bc0eddf9.sorted_genome_alignments.bam,122957000,116614110,6342890,0.051586246
_1_UNCID_1259664.2f2fe990-f8f6-4904-b3d5-083e17a7a29d.sorted_genome_alignments.bam,144877025,138133633,6743392,0.046545627
_1_UNCID_1264355.9499982c-311d-40cd-8353-dd21c6b18d0d.sorted_genome_alignments.bam,227638830,220249931,7388899,0.032458869
_1_UNCID_1269186.74690cfa-ad39-4876-86cc-6b82062add1c.sorted_genome_alignments.bam,193114340,189017927,4096413,0.021212371
_1_UNCID_1269249.f2ad4c22-c476-44af-a8ca-dffcae313ae2.sorted_genome_alignments.bam,165837755,160400589,5437166,0.032786056
_1_UNCID_1270212.15f3d37e-ccb8-4739-91c4-9fda63aa70ea.sorted_genome_alignments.bam,194600882,189089147,5511735,0.028323279
_1_UNCID_1271998.e5f5e07f-145b-437d-ab1c-c629b7afce27.sorted_genome_alignments.bam,174521937,170478101,4043836,0.023170932
_1_UNCID_1279660.22cf19a1-e3a8-4c26-aa7f-76690c0c56f3.sorted_genome_alignments.bam,232790066,209472308,23317758,0.100166465
_1_UNCID_1279691.02438862-cd89-48db-a2d0-1f07678d5673.sorted_genome_alignments.bam,166313680,161702057,4611623,0.027728465
_1_UNCID_1280276.fc251d7a-291c-4244-a8e9-76471eddb4dc.sorted_genome_alignments.bam,212125758,204017655,8108103,0.038223095
_1_UNCID_1281820.d4c47b15-bf2c-42b4-9aa1-c26f9ddbe4da.sorted_genome_alignments.bam,183029473,178639250,4390223,0.023986426
_1_UNCID_1283421.ade35c8d-30dd-4e45-9f7c-9818072a02db.sorted_genome_alignments.bam,163390267,159774324,3615943,0.022130712
_1_UNCID_1283645.9f46343e-180d-4313-97fe-9810754ff66e.sorted_genome_alignments.bam,132874106,130167393,2706713,0.020370508
_1_UNCID_1284013.2555472f-e74d-48c6-8c4f-54a52767e8c4.sorted_genome_alignments.bam,157155780,152973275,4182505,0.026613752
_1_UNCID_1284651.f2ee248c-017e-4765-98c2-dd4de98ed71b.sorted_genome_alignments.bam,182162046,177145161,5016885,0.027540781
_1_UNCID_1284750.dd9cd802-af40-4c9b-a1f8-ff2ce09503af.sorted_genome_alignments.bam,163879523,160238176,3641347,0.022219658
_1_UNCID_1284897.11e4b666-d6e8-4b8d-9340-5ac8ac3979e6.sorted_genome_alignments.bam,137728907,132903337,4825570,0.035036726
_1_UNCID_1285226.5b262ec0-72f2-4c54-820e-a39afad67212.sorted_genome_alignments.bam,195078036,185983786,9094250,0.046618523
_1_UNCID_1286161.ddc6e148-34b7-4466-b692-3bb227004e2b.sorted_genome_alignments.bam,147637389,140021793,7615596,0.051583112
_1_UNCID_1286262.f7461164-08b5-4a5c-ae74-cb4332f5ff7a.sorted_genome_alignments.bam,120667207,115757028,4910179,0.040691909
_1_UNCID_1286408.25672b5b-2ac2-41dc-9aa0-a9968d05430d.sorted_genome_alignments.bam,169262486,160735171,8527315,0.050379238
_1_UNCID_1286958.b4833ecc-2007-401c-b216-94d1daa8aaad.sorted_genome_alignments.bam,186644407,182082115,4562292,0.024443765
_1_UNCID_1287360.1a3eaaf1-b020-4db5-abc0-dfce056649fb.sorted_genome_alignments.bam,169974400,165306263,4668137,0.027463765
_1_UNCID_1287459.c8600bba-b4bd-400e-ab67-03d66be9da31.sorted_genome_alignments.bam,165740393,161398804,4341589,0.026195117
_1_UNCID_1288129.5f5a884c-ffbd-401a-8689-baded1bdbe50.sorted_genome_alignments.bam,120198780,115444808,4753972,0.039550917
_1_UNCID_1308955.bb07b646-1dcc-4cf5-9aae-1df150e84a84.sorted_genome_alignments.bam,154514416,149299839,5214577,0.033748158
_1_UNCID_1310380.5db1c37a-2329-4bd3-baf2-89d26a8959fa.sorted_genome_alignments.bam,168074829,161968936,6105893,0.03632842
_1_UNCID_1311043.32faf34e-96a7-4668-9edb-a9addeceda95.sorted_genome_alignments.bam,206579481,189279543,17299938,0.083744706
_1_UNCID_1319332.cb033feb-06ad-4674-bc0b-6539efb9aa85.sorted_genome_alignments.bam,66804065,65354879,1449186,0.021693081
_1_UNCID_1321737.a83b2830-20b3-4773-b929-733f772252ec.sorted_genome_alignments.bam,174097106,169630482,4466624,0.025655935
_1_UNCID_1321740.92c2186f-ee7b-4297-a876-bc96edc945b4.sorted_genome_alignments.bam,168675193,165477299,3197894,0.018958887
_1_UNCID_1321908.7f0fe109-7153-46a8-81d7-2f132ee513f5.sorted_genome_alignments.bam,187706175,180020880,7685295,0.040943219
_1_UNCID_1322253.43d4cf00-5ed1-4f50-a2a4-31ee7c387eb9.sorted_genome_alignments.bam,189373135,180615283,8757852,0.046246539
_1_UNCID_1322275.d8765abc-befa-49b5-893e-04de2ddb2ee1.sorted_genome_alignments.bam,153786393,149191171,4595222,0.02988055
_1_UNCID_1323025.cfa04d49-cec6-4454-b10e-8b4600485f12.sorted_genome_alignments.bam,172387172,144430590,27956582,0.162173216
_1_UNCID_1323145.16c0d6f8-cb7a-4fee-a9f8-1b507c4826c7.sorted_genome_alignments.bam,178405728,174133546,4272182,0.02394644
_1_UNCID_1323261.4c4f8d6d-77a1-42fd-8671-d2651136d5f6.sorted_genome_alignments.bam,189529312,184997526,4531786,0.023910739
_1_UNCID_1323767.c49edbbf-9eaf-4574-9941-1546d0779e70.sorted_genome_alignments.bam,166152427,160845143,5307284,0.03194226
_1_UNCID_1324013.3a34f9f9-8071-46cf-a193-267fb8223cc9.sorted_genome_alignments.bam,180410065,171312743,9097322,0.050425801
_1_UNCID_1324097.b0b8fd4b-d725-417b-b17b-4cb6a7136459.sorted_genome_alignments.bam,186197239,157986799,28210440,0.151508369
_1_UNCID_1324377.54e59fdb-a377-4f69-84aa-8aa21312d270.sorted_genome_alignments.bam,229561231,190994981,38566250,0.16799984
_1_UNCID_1324580.afa83e9d-ec92-45c7-b741-c78ff4523e5d.sorted_genome_alignments.bam,211914706,207322443,4592263,0.021670337
_1_UNCID_1325208.8deed508-4b81-4573-afc1-a3da5ca52c60.sorted_genome_alignments.bam,205745303,176923549,28821754,0.140084627
_1_UNCID_1325494.a38de7c6-26c2-4a7e-90e5-79b778de8b5d.sorted_genome_alignments.bam,229138207,222730604,6407603,0.027963922
_1_UNCID_1325498.f57a7df0-0aaf-4181-b8c1-f50133964823.sorted_genome_alignments.bam,174531749,169663829,4867920,0.027891315
_1_UNCID_1325587.ebc1d190-63dc-46fe-a2f6-3e8165e3966b.sorted_genome_alignments.bam,197645909,182688116,14957793,0.07567975
_1_UNCID_1327453.abf9624e-048a-412b-a0a8-331bb6fc5e16.sorted_genome_alignments.bam,269015048,261437770,7577278,0.028166744
_1_UNCID_1328407.2fbbb35f-15ae-43a1-bf6b-d3da0bbd38d4.sorted_genome_alignments.bam,261265181,254319714,6945467,0.026583975
_1_UNCID_1329425.e8a47fb0-6482-46e7-a0d6-b09ad8f06943.sorted_genome_alignments.bam,181818202,176331030,5487172,0.030179443
_1_UNCID_1336768.a2cf164c-5b26-43eb-9de9-d1d457a5de06.sorted_genome_alignments.bam,68731468,65426713,3304755,0.048082124
_1_UNCID_1338259.42ba8e87-8d37-4cbd-82f0-bca0cbe5dcd3.sorted_genome_alignments.bam,110318401,106505302,3813099,0.034564488
_1_UNCID_1338734.772b8a77-bb90-40a8-ad48-f7a1fc1769de.sorted_genome_alignments.bam,133793123,107857006,25936117,0.193852393
_1_UNCID_1338780.aaec0cbc-a493-48f4-9cc7-32629880ee24.sorted_genome_alignments.bam,131033141,127037440,3995701,0.03049382
_1_UNCID_1339039.a88b498e-6e56-4d49-b11d-827ad2b29b5d.sorted_genome_alignments.bam,141065834,137257532,3808302,0.026996629
_1_UNCID_1341090.24a12bfa-0238-49c3-abe7-450402cce27c.sorted_genome_alignments.bam,185887348,180924402,4962946,0.026698676
_1_UNCID_1341701.B55B6630-7CF5-4BCA-B76F-E135271018E4.sorted_genome_alignments.bam,174783898,170197928,4585970,0.026237943
_1_UNCID_1342016.e95f79a8-15ea-4b95-9f8e-b63ada04c51e.sorted_genome_alignments.bam,164077331,157631708,6445623,0.039284056
_1_UNCID_1342126.d26a0c98-2768-48df-ab84-dcce5e18537a.sorted_genome_alignments.bam,146892970,140033054,6859916,0.046700097
_1_UNCID_1342235.297e88ae-4a8d-4021-825a-8a7d7e2f71d1.sorted_genome_alignments.bam,163513230,158501246,5011984,0.030651856
_1_UNCID_1342374.7dc99228-873b-44e1-a2cb-9bd2fe9d217f.sorted_genome_alignments.bam,150365385,145705311,4660074,0.030991667
_1_UNCID_1346092.18dd389b-b0b7-43f7-877f-0fb8e3471af0.sorted_genome_alignments.bam,202223358,194394364,7828994,0.038714588
_1_UNCID_1346768.38e62ae5-729f-41fa-94e7-7e3caa0a246b.sorted_genome_alignments.bam,169382558,163535197,5847361,0.034521624
_1_UNCID_1346773.285a1a43-5494-49f4-95bb-671ebc1a953a.sorted_genome_alignments.bam,157861986,152894900,4967086,0.031464738
_1_UNCID_1349163.97fdc46a-5542-4d28-abdb-cc595f0d4c8c.sorted_genome_alignments.bam,268151596,263502058,4649538,0.017339214
_1_UNCID_1350685.a632cbdb-7a01-42e2-8118-20103917cc8e.sorted_genome_alignments.bam,264202521,257403561,6798960,0.025733895
_1_UNCID_1350906.bc4a51f7-cfa6-4a06-ac97-3de942b9909e.sorted_genome_alignments.bam,258964930,253113491,5851439,0.022595488
_1_UNCID_1351384.f7106ef9-450f-4952-8b64-c5d31317ae66.sorted_genome_alignments.bam,164605775,159955933,4649842,0.028248353
_1_UNCID_1357712.bb6594c5-78de-49b5-996f-b38b3953e37a.sorted_genome_alignments.bam,170300959,164394023,5906936,0.034685277
_1_UNCID_1357911.7473f4ae-a2b7-4be3-99ca-560d93fc793d.sorted_genome_alignments.bam,157823217,123184856,34638361,0.2194757
_1_UNCID_1360484.86e606b2-d312-4a19-bfc3-d26c92bb530d.sorted_genome_alignments.bam,191560892,186776140,4784752,0.024977708
_1_UNCID_1360765.a75c2127-bf78-41c6-b382-71d0d36b741a.sorted_genome_alignments.bam,175103748,165007605,10096143,0.057658063
_1_UNCID_1360943.0cb1e91c-9b3b-4b5b-ba85-2c0e43ca4595.sorted_genome_alignments.bam,174068885,169899216,4169669,0.023954132
_1_UNCID_1360944.8666da07-07d0-417e-954b-c18e107bdeb1.sorted_genome_alignments.bam,172884895,164900550,7984345,0.046183011
_1_UNCID_1361582.310d0da6-5694-4dc0-82f7-3fe0f6699271.sorted_genome_alignments.bam,170362818,164485258,5877560,0.034500251
_1_UNCID_1361848.c1188eb0-1e8b-4451-b9bc-312f33bb9fd3.sorted_genome_alignments.bam,165733865,159933551,5800314,0.03499776
_1_UNCID_1364098.14830a14-5495-4425-b6ef-78ccffafe03c.sorted_genome_alignments.bam,240138594,231776182,8362412,0.034823274
_1_UNCID_1366130.8f52d9f9-9077-4203-ac3a-d64b6589b536.sorted_genome_alignments.bam,185072211,177684085,7388126,0.039920234
_1_UNCID_1366426.e6f20d5c-1cb3-4e65-aeaf-1cbe64e440bf.sorted_genome_alignments.bam,197476700,189572099,7904601,0.040028018
_1_UNCID_1368875.fb8d125a-badb-4b4a-ab74-916c93ebbf21.sorted_genome_alignments.bam,196340268,190703345,5636923,0.028709969
_1_UNCID_1371310.937a163b-b469-46a0-87b8-6d7c7e6105d7.sorted_genome_alignments.bam,197829329,192970354,4858975,0.024561449
_1_UNCID_1371384.1bb006de-b90b-43fe-8f1e-2357faf7c73f.sorted_genome_alignments.bam,222823627,214668733,8154894,0.036597977
_1_UNCID_1372453.10fb1701-1d93-4b24-aa8b-2814e80de197.sorted_genome_alignments.bam,151988496,148043084,3945412,0.025958623
_1_UNCID_1372685.5a559e30-17cb-4467-b54c-18dcfdb93fde.sorted_genome_alignments.bam,174462216,169025982,5436234,0.03115995
_1_UNCID_1375060.3c93d676-52b4-4c4e-a19f-08b77ba1fd32.sorted_genome_alignments.bam,156504808,153241936,3262872,0.020848382
_1_UNCID_1377923.c2972973-dec9-4723-8fc6-af9db22e1cde.sorted_genome_alignments.bam,183059922,174595477,8464445,0.046238657
_1_UNCID_1378912.0b9a03ce-d4c1-4192-a18c-de96c8b21bb2.sorted_genome_alignments.bam,186626531,180883276,5743255,0.030774054
_1_UNCID_1379279.bb0c2732-5fb4-44e7-bc62-a645cf1c1a56.sorted_genome_alignments.bam,165171564,159716169,5455395,0.033028657
_1_UNCID_1380542.9a7e2ecf-3470-427e-93cd-8461a3a3a5b8.sorted_genome_alignments.bam,195565809,190581188,4984621,0.025488203
_1_UNCID_1381949.42db28fc-4d5f-4b0f-aa86-7d27197c7649.sorted_genome_alignments.bam,185163393,180767994,4395399,0.023737948
_1_UNCID_1382706.aaea9670-416a-4293-af12-8bfeb47b0150.sorted_genome_alignments.bam,130671047,126063822,4607225,0.035258193
_1_UNCID_1382908.00b33fcb-61eb-4dba-991c-e9b2a9a70a51.sorted_genome_alignments.bam,136356384,131155515,5200869,0.038141735
_1_UNCID_1383309.e7925508-8b2f-4c39-bd7a-033e78b1f875.sorted_genome_alignments.bam,185766890,180973001,4793889,0.025805939
_1_UNCID_1384476.74eca830-636b-4549-8887-f2d73312ef21.sorted_genome_alignments.bam,171763526,163971429,7792097,0.04536526
_1_UNCID_1386019.ecef38b8-540b-4b38-b0e5-46479bc30eb6.sorted_genome_alignments.bam,181965400,176858695,5106705,0.028064154
_1_UNCID_1404480.ed075623-6495-4eab-a15d-ab68d5ca0999.sorted_genome_alignments.bam,164073955,150159823,13914132,0.084804026
_1_UNCID_1404901.9af14bce-1e74-4b8a-aa17-049ff4d45db6.sorted_genome_alignments.bam,173715555,164267697,9447858,0.054386943
_1_UNCID_1406763.9e952754-f768-47fd-9580-d9770e9eb45e.sorted_genome_alignments.bam,180199633,170828638,9370995,0.052003408
_1_UNCID_1407350.149fe971-260e-4cbf-a5aa-41eca339847a.sorted_genome_alignments.bam,157114903,150253028,6861875,0.043674246
_1_UNCID_1407856.b946f1d5-835d-4d78-a74d-2d19fa78eb0a.sorted_genome_alignments.bam,171741797,161372219,10369578,0.060378884
_1_UNCID_1410356.eecd47a0-bde3-438b-b87a-f4e440228579.sorted_genome_alignments.bam,185067271,170928479,14138792,0.076398122
_1_UNCID_1417226.51f1ccc5-2481-4a1a-8892-c0728d1c9869.sorted_genome_alignments.bam,171443095,167280455,4162640,0.02428001
_1_UNCID_1425606.c837ff28-0b47-400b-a900-72d0a786e62b.sorted_genome_alignments.bam,243283059,233477575,9805484,0.040304837
_1_UNCID_1429466.50d03646-1082-4ae3-9853-f5295006f11a.sorted_genome_alignments.bam,133969965,130308524,3661441,0.027330312
_1_UNCID_1431050.01a75809-bb4e-42f3-a3ca-25e4d1ca37a3.sorted_genome_alignments.bam,164718923,160565955,4152968,0.025212452
_1_UNCID_1433561.4f0fbd7c-4768-4bf2-b6f4-372f28b1953f.sorted_genome_alignments.bam,169966198,165471490,4494708,0.026444717
_1_UNCID_1433636.7dcc9d07-9af9-405e-b75a-c0e7ffdff5c0.sorted_genome_alignments.bam,172817560,168763303,4054257,0.023459751
_1_UNCID_1433738.109f2b77-1742-4afa-bcba-b763746fe080.sorted_genome_alignments.bam,183421302,178554662,4866640,0.026532578
_1_UNCID_1435073.0b8ef0be-c6fb-4ca9-9da0-f97dd22767bf.sorted_genome_alignments.bam,182854831,178057774,4797057,0.026234237
_1_UNCID_1455706.be67f169-2a2c-4938-a141-a839b295b87f.sorted_genome_alignments.bam,174367801,166610231,7757570,0.044489693
_1_UNCID_1455996.01fb6e45-0552-4af8-8723-3631dada7a90.sorted_genome_alignments.bam,201321556,194666512,6655044,0.033056788
_1_UNCID_1457457.a38ddef7-d9a7-47b2-9567-a7fdc77f2180.sorted_genome_alignments.bam,166723166,162425749,4297417,0.025775764
_1_UNCID_1457600.98b3eb13-0755-4015-87dd-4f6fabe4a16b.sorted_genome_alignments.bam,165934356,162164732,3769624,0.022717562
_1_UNCID_1457639.f4649515-f2fa-4ed4-ad69-d9f0a807093b.sorted_genome_alignments.bam,177508050,173105593,4402457,0.02480145
_1_UNCID_1457875.280de9cb-d098-46e8-b0ae-ccee52d8e5e4.sorted_genome_alignments.bam,192977700,188049276,4928424,0.025538827
_1_UNCID_1457896.4867f104-911a-4bda-8815-367bf28dff9d.sorted_genome_alignments.bam,192719122,187449425,5269697,0.027343924
_1_UNCID_1464290.536c12e8-e352-4496-ae7d-ffaa19a592c3.sorted_genome_alignments.bam,98979721,96314002,2665719,0.026931971
_1_UNCID_1464512.f6710a2a-ae08-46bf-95cc-d1cc140266e3.sorted_genome_alignments.bam,160103807,156218390,3885417,0.024268111
_1_UNCID_1464694.bd16fa1e-063c-41ab-a456-3ef2363fcda8.sorted_genome_alignments.bam,171690894,167629476,4061418,0.023655407
_1_UNCID_1465917.c436fa86-ae7e-490e-a52c-5004a8643b50.sorted_genome_alignments.bam,85071752,82399673,2672079,0.031409709
_1_UNCID_1467400.3ae6f6d4-ae90-4572-9bd5-ed8700570b96.sorted_genome_alignments.bam,260661408,251016235,9645173,0.037002689
_1_UNCID_1468357.61B0ADD8-AD93-4F2A-A95B-FA257934962F.sorted_genome_alignments.bam,174515363,169628889,4886474,0.028000251
_1_UNCID_1473945.3208F694-4779-4548-8CB4-74DF829B3345.sorted_genome_alignments.bam,128472852,121794425,6678427,0.051983177
_1_UNCID_1474207.AE3C4446-CB58-4B5B-9EB8-6C81E1BF4535.sorted_genome_alignments.bam,147892312,143730633,4161679,0.028139928
_1_UNCID_1474656.80DDBBC6-11FF-469A-96EC-A72E0E2EC9C4.sorted_genome_alignments.bam,129795671,125732319,4063352,0.031305759
_1_UNCID_1474839.DAFC2AF2-7B91-45A4-AE67-FE22AB060F06.sorted_genome_alignments.bam,134996476,126513657,8482819,0.062837337
_1_UNCID_1475510.D74030BF-DFA1-4F65-9596-FD505733139E.sorted_genome_alignments.bam,152431810,148602156,3829654,0.025123719
_1_UNCID_1475982.7D6EA81B-B8A5-4D3B-AA54-9BF51D8B698B.sorted_genome_alignments.bam,180417194,176118094,4299100,0.02382866
_1_UNCID_1481423.e5a426fd-cc12-48e8-8ff1-e79bfbc46035.sorted_genome_alignments.bam,163706789,159636927,4069862,0.024860679
_1_UNCID_1481764.b8788792-f82e-4255-8921-44d544678187.sorted_genome_alignments.bam,174622214,168595744,6026470,0.034511474
_1_UNCID_1481858.13c839d1-f77b-4bde-9bd5-8d5165d94346.sorted_genome_alignments.bam,146311650,143305070,3006580,0.02054915
_1_UNCID_1481938.f3d89fbe-2631-4c30-9922-bf25bb87ba92.sorted_genome_alignments.bam,191029843,186902827,4127016,0.021604038
_1_UNCID_1482115.ff1897e5-69e1-4df2-b3fb-48356c016788.sorted_genome_alignments.bam,192636290,185478169,7158121,0.037158736
_1_UNCID_1482203.274a8786-29f5-4e9c-8695-98970d3995be.sorted_genome_alignments.bam,169621351,165138012,4483339,0.026431454
_1_UNCID_1482309.7f4c9010-66f8-4c37-8f90-0094c7ec29a0.sorted_genome_alignments.bam,188387980,180896989,7490991,0.039763636
_1_UNCID_1482715.78a8e33e-fd10-4dcd-b8fd-aad93db18c45.sorted_genome_alignments.bam,220928619,209031497,11897122,0.053850524
_1_UNCID_1482750.95164448-cf02-457f-9b18-f0a19d674c78.sorted_genome_alignments.bam,192585460,188888109,3697351,0.019198495
_1_UNCID_1482776.fe4ca5c3-0767-4264-be28-2bb9891c0c02.sorted_genome_alignments.bam,181215309,176829943,4385366,0.024199755
_1_UNCID_1483330.87af91c1-5a24-4353-af16-5ea2d5efc089.sorted_genome_alignments.bam,162525920,153678532,8847388,0.054436782
_1_UNCID_1483396.5ed0843b-3268-4116-aca1-1cb5e0a5491a.sorted_genome_alignments.bam,191052222,182041363,9010859,0.047164377
_1_UNCID_1483464.67e611e7-f558-4576-a814-ddadbd8beb05.sorted_genome_alignments.bam,228314296,217590341,10723955,0.046970142
_1_UNCID_1483560.a425cd8c-638d-493b-866c-cf110ed18860.sorted_genome_alignments.bam,135829214,124204886,11624328,0.08558047
_1_UNCID_1483654.3a7576fc-165d-4c38-9376-7f3b20fca5b2.sorted_genome_alignments.bam,235653425,229879932,5773493,0.024499932
_1_UNCID_1484198.4e39dc31-be30-46cf-b9a9-8d9815f6f8ed.sorted_genome_alignments.bam,172148456,164466708,7681748,0.044622811
_1_UNCID_1487026.81574a03-ca03-4ead-8001-800d9d19c688.sorted_genome_alignments.bam,143153025,139726727,3426298,0.023934513
_1_UNCID_1487143.515a3b0a-6bc8-4840-a229-e01fd71e6826.sorted_genome_alignments.bam,176247350,172284089,3963261,0.022486925
_1_UNCID_1487581.bca39627-79a3-4777-822d-6539ee7c6c5a.sorted_genome_alignments.bam,156339709,150547110,5792599,0.037051361
_1_UNCID_1487609.fc492e26-626c-45af-a6b0-c15c33456a66.sorted_genome_alignments.bam,165391849,161022576,4369273,0.026417705
_1_UNCID_1487685.f38731b4-99fb-41bb-9574-f8e5dafe4b69.sorted_genome_alignments.bam,175832359,172407521,3424838,0.01947786
_1_UNCID_1487793.a0159a65-2664-495c-a373-7538e511ae73.sorted_genome_alignments.bam,180455061,173287412,7167649,0.039719856
_1_UNCID_1487847.fc40ab70-e5d5-469d-b03e-bfca7a1af911.sorted_genome_alignments.bam,178286758,173792571,4494187,0.025207632
_1_UNCID_1488039.8cce07d4-906f-4c8d-974b-1b83ca7a0f6a.sorted_genome_alignments.bam,169759512,166069272,3690240,0.021738046
_1_UNCID_1488448.d357734e-3f6c-46a8-890c-996d01a21ee1.sorted_genome_alignments.bam,169038450,165803147,3235303,0.01913945
_1_UNCID_1488843.c45dac60-e113-41e7-84a0-b76b627fb61d.sorted_genome_alignments.bam,169527999,163511985,6016014,0.035486846
_1_UNCID_1488908.7ce08d65-9113-4f4f-b0b3-c1237f093969.sorted_genome_alignments.bam,173217078,168494546,4722532,0.027263663
_1_UNCID_1489083.a03dc836-1cd6-4121-8bd0-d5a6f5d2320d.sorted_genome_alignments.bam,190990804,183514738,7476066,0.039143591
_1_UNCID_1489230.be9e9d23-c1bd-437c-8fb5-d9ce12e434d1.sorted_genome_alignments.bam,180031740,174733503,5298237,0.029429461
_1_UNCID_1489442.55a2df9f-9ea3-40b8-aab5-f3632e680307.sorted_genome_alignments.bam,169351712,163970114,5381598,0.031777642
_1_UNCID_1489532.696c6ba5-3bdf-4600-ac9f-e8326d6cd020.sorted_genome_alignments.bam,188636593,185016458,3620135,0.019191054
_1_UNCID_1489543.11fd48af-c06d-4fb0-9643-51cfe19a978f.sorted_genome_alignments.bam,175301902,170781801,4520101,0.025784666
_1_UNCID_1489568.e422ca09-f5a6-48c4-a7de-8c9478716a4b.sorted_genome_alignments.bam,183209234,177785478,5423756,0.029604163
_1_UNCID_1490088.be939a88-1ef0-4b56-be70-86fa7674b674.sorted_genome_alignments.bam,162709556,157708188,5001368,0.03073801
_1_UNCID_1490626.03e24ea8-ad5c-48d9-b1ea-a6d2c80778cf.sorted_genome_alignments.bam,195428035,191266550,4161485,0.021294207
_1_UNCID_1490769.99097576-fce3-48bc-a71b-13dcafea404e.sorted_genome_alignments.bam,163363229,159855404,3507825,0.021472549
_1_UNCID_1491191.2cdf1538-ff60-474d-8262-600a4f093eb3.sorted_genome_alignments.bam,239597166,230055734,9541432,0.039822808
_1_UNCID_1492534.f0a19728-adf9-48e7-b5d6-e0d2b89f2a0f.sorted_genome_alignments.bam,224686877,216793070,7893807,0.035132479
_1_UNCID_1493951.5604deee-573d-40ad-a311-e8d2e40ae8f6.sorted_genome_alignments.bam,91635912,89538672,2097240,0.02288666
_1_UNCID_1494237.01a172a5-59e7-4823-a832-5aa6afdd6acd.sorted_genome_alignments.bam,115261403,112819292,2442111,0.021187587
_1_UNCID_1494681.bd7708e4-e807-40e7-9b9c-8071edab66e4.sorted_genome_alignments.bam,158547694,153758732,4788962,0.030205182
_1_UNCID_1495237.3aff5e4a-437f-4bd7-bc51-bc5ef1c9e548.sorted_genome_alignments.bam,98947667,95508461,3439206,0.034757828
_1_UNCID_1495285.87e3c017-cc4e-4d8a-b22c-19449c88c598.sorted_genome_alignments.bam,91088897,85530268,5558629,0.061024221
_1_UNCID_1496505.51f3f731-2403-4c66-906c-205659c08675.sorted_genome_alignments.bam,154429487,145450222,8979265,0.058144757
_1_UNCID_1496506.f66999f5-dbb4-44a2-8795-57c848570e6b.sorted_genome_alignments.bam,176294339,170563144,5731195,0.03250924
_1_UNCID_1496707.1c50392e-8c36-4c70-9763-4342e4cb7df8.sorted_genome_alignments.bam,187420745,182496322,4924423,0.026274695
_1_UNCID_1496826.5a057036-4674-47df-96d4-ed7cd581d49b.sorted_genome_alignments.bam,198964913,191123664,7841249,0.03941021
_1_UNCID_1496957.2fa99516-a6f1-4164-8ee3-34e5d32b9998.sorted_genome_alignments.bam,209295725,203495333,5800392,0.027713858
_1_UNCID_1497385.4b0d3a57-d4d1-4792-a741-3c168513ce8b.sorted_genome_alignments.bam,184960562,179436339,5524223,0.029867032
_1_UNCID_1497716.a710a87a-2ef5-4b03-b7b7-02997ddd42f0.sorted_genome_alignments.bam,159776020,155106458,4669562,0.029225675
_1_UNCID_1497917.04fe445b-b08a-440d-a086-c3688facd9ab.sorted_genome_alignments.bam,175230242,169927126,5303116,0.030263703
_1_UNCID_1498183.927aff48-16ef-453a-8639-a44872ea7c1f.sorted_genome_alignments.bam,133648016,129132136,4515880,0.033789353
_1_UNCID_1498436.f505303f-d2bb-4d47-82f2-e4431e7802b6.sorted_genome_alignments.bam,155018672,151186423,3832249,0.024721209
_1_UNCID_1498828.5a07e774-3a79-4c90-a407-8b1f87e63b82.sorted_genome_alignments.bam,221965196,212790858,9174338,0.041332327
_1_UNCID_1499121.3b470500-2427-4540-bc8e-df91e42c3d26.sorted_genome_alignments.bam,233293705,223483930,9809775,0.042049034
_1_UNCID_1500059.bc6c762f-727f-43c8-a4bc-4c41351c7f13.sorted_genome_alignments.bam,216171476,203224801,12946675,0.059890765
_1_UNCID_1500385.20923583-7bb2-4024-93a8-f0a4a659d686.sorted_genome_alignments.bam,101701001,97338578,4362423,0.042894593
_1_UNCID_1500478.06f81efd-c0b7-4ecd-bbd9-3d0742966e83.sorted_genome_alignments.bam,114792332,112342225,2450107,0.021343821
_1_UNCID_1500521.823d244b-6905-481c-979b-1cc92331858d.sorted_genome_alignments.bam,143194125,139918232,3275893,0.022877286
_1_UNCID_1500840.d57a0ea8-ceb5-494e-8e1f-11c7f89c84c1.sorted_genome_alignments.bam,105169864,103011681,2158183,0.020520926
_1_UNCID_1502019.1906f4b3-d226-4570-bbce-f2cbbb1d5ec2.sorted_genome_alignments.bam,156450760,153018512,3432248,0.0219382
_1_UNCID_1502820.3cf6d88f-d583-448e-a3c1-fd8131738114.sorted_genome_alignments.bam,165671904,162386863,3285041,0.019828594
_1_UNCID_1503029.89defc7f-de01-491d-9c69-bd795b94a80c.sorted_genome_alignments.bam,126227402,122867820,3359582,0.026615314
_1_UNCID_1503593.36d4159e-b705-4672-8508-629d26b44cf4.sorted_genome_alignments.bam,136265898,133300656,2965242,0.021760705
_1_UNCID_1508016.e1adae95-dfa9-4279-8fc1-2f899f432360.sorted_genome_alignments.bam,218009794,202613596,15396198,0.070621589
_1_UNCID_1509151.927d20e2-da09-42ca-a70c-2b203a8297a6.sorted_genome_alignments.bam,142251634,138930219,3321415,0.023348871
_1_UNCID_1509215.8f248b27-4433-493d-87d7-e9e174317470.sorted_genome_alignments.bam,147879333,143637457,4241876,0.028684711
_1_UNCID_1509405.58c05288-0bc7-4e19-8055-5284c2714c21.sorted_genome_alignments.bam,157752308,154445179,3307129,0.020964061
_1_UNCID_1509440.129df624-1d84-49b8-ab0e-0001cc150607.sorted_genome_alignments.bam,161592271,157207720,4384551,0.02713342
_1_UNCID_1509453.951adcbd-7d7a-466c-bbac-7c7afb8b9df6.sorted_genome_alignments.bam,143220704,140117100,3103604,0.021670079
_1_UNCID_1509622.625da09e-ed21-4b10-95f2-c889171194d1.sorted_genome_alignments.bam,187020165,181568999,5451166,0.029147477
_1_UNCID_1510321.a990f055-6b58-49c2-8424-4a3f3f5f91f9.sorted_genome_alignments.bam,135147353,132483165,2664188,0.019713209
_1_UNCID_1526617.36c2684d-5952-4705-abda-655df65b246c.sorted_genome_alignments.bam,212697322,209431257,3266065,0.015355459
_1_UNCID_1531394.b353ec8f-70d1-40a6-bf94-12662bd11146.sorted_genome_alignments.bam,199623614,194724438,4899176,0.024542066
_1_UNCID_1531990.f2d1056f-1329-44e4-8269-0e7dde93d64a.sorted_genome_alignments.bam,131184490,52888428,78296062,0.596839321
_1_UNCID_1532241.f2ab5972-46e6-4d13-bf8e-dffc1dc8a9e9.sorted_genome_alignments.bam,129594239,109756987,19837252,0.15307202
_1_UNCID_1532559.f2a757d2-2574-4840-88ea-5ffd09d0103c.sorted_genome_alignments.bam,154107303,134835833,19271470,0.125052283
_1_UNCID_1534127.db5b5af5-c221-4268-a978-e12c550989e7.sorted_genome_alignments.bam,115635609,26123424,89512185,0.774088413
_1_UNCID_1534815.df36c4af-258e-4cfb-9550-d3580d097547.sorted_genome_alignments.bam,156638417,140742047,15896370,0.101484491
_1_UNCID_1535157.79ff57d5-3224-4195-aa64-32ccd6d23e27.sorted_genome_alignments.bam,204032565,199983107,4049458,0.019847116
_1_UNCID_1535704.a461340b-d5cd-4600-9046-f3942bec1c19.sorted_genome_alignments.bam,187147633,183205890,3941743,0.021062211
_1_UNCID_1538299.a748d693-fae0-4fb6-ab1e-a347b4e9b7d2.sorted_genome_alignments.bam,140426587,122204947,18221640,0.129759189
_1_UNCID_1538383.a0dfc338-c576-4a9c-8db3-3bbbcd5dc960.sorted_genome_alignments.bam,143911109,125262659,18648450,0.129583116
_1_UNCID_1539012.8dd4d862-180f-479b-8d87-0eaae4fc9236.sorted_genome_alignments.bam,125227056,104037668,21189388,0.169207747
_1_UNCID_1539842.6a85fda0-3e2d-4bd8-ba44-5ce821c39504.sorted_genome_alignments.bam,119460465,47921163,71539302,0.59885337
_1_UNCID_1539938.748dc9ed-758b-43c9-af66-111f6ab3d6ce.sorted_genome_alignments.bam,133381687,112594065,20787622,0.155850645
_1_UNCID_1540013.6f2fedb4-66e2-48fd-8744-cbd30075bb03.sorted_genome_alignments.bam,112315019,96757152,15557867,0.138519916
_1_UNCID_1540261.67b4bd07-77fd-4595-b2a0-5f3a3a43a221.sorted_genome_alignments.bam,117135327,103200856,13934471,0.118960448
_1_UNCID_1540546.6f54bcd2-99e9-4f9b-a9b8-6963b922f783.sorted_genome_alignments.bam,144914483,105288116,39626367,0.273446561
_1_UNCID_1541136.5f19c351-94d4-4164-aa7e-4a0f44640cbb.sorted_genome_alignments.bam,121081563,98215502,22866061,0.188848413
_1_UNCID_1541739.4aa70762-1a0e-4b38-be77-a89db0955193.sorted_genome_alignments.bam,108029589,90190467,17839122,0.165131814
_1_UNCID_1541769.616011aa-5aad-4078-85a6-e61f98d83363.sorted_genome_alignments.bam,162164074,141503577,20660497,0.127404896
_1_UNCID_1541896.497fcc98-1eeb-4696-88eb-22fc99627695.sorted_genome_alignments.bam,123029419,68893221,54136198,0.440026446
_1_UNCID_1542610.48724ea4-25f1-463c-883a-69897e7d9a41.sorted_genome_alignments.bam,137496825,114588259,22908566,0.1666116
_1_UNCID_1542970.39580733-5ff1-43a1-b9fd-53b6f6e879bd.sorted_genome_alignments.bam,149771446,123698120,26073326,0.174087429
_1_UNCID_1543190.28239a0e-9990-49ef-a159-ba63fb078c77.sorted_genome_alignments.bam,95182431,82126304,13056127,0.137169506
_1_UNCID_1543376.2de8f5dd-decd-47f4-856a-bda678ee6ab8.sorted_genome_alignments.bam,132203886,117830472,14373414,0.10872157
_1_UNCID_1543478.3053a2c5-4426-4d56-85b0-50567f1e81c9.sorted_genome_alignments.bam,149307753,126336925,22970828,0.153848863
_1_UNCID_1543634.2db5af77-d0af-4c3c-bd2a-779e0a7228e0.sorted_genome_alignments.bam,173906105,137342777,36563328,0.210247524
_1_UNCID_1544118.110100d2-bfb8-42d2-875f-9424a8bd2086.sorted_genome_alignments.bam,147430879,123741423,23689456,0.16068178
_1_UNCID_1552316.ae0546ae-4f2e-4824-94d6-91fefd7fddbb.sorted_genome_alignments.bam,158444492,154188352,4256140,0.026862026
_1_UNCID_1552620.5966170d-1c88-4b55-ad39-2ace3c9230d3.sorted_genome_alignments.bam,175856410,171138171,4718239,0.026830066
_1_UNCID_1559541.204579EC-D4C2-4A36-9231-F0C82F62DE12.sorted_genome_alignments.bam,203685714,198899736,4785978,0.023496876
_1_UNCID_1560027.701AEFEB-87D3-4F35-96D1-57A23EAAD37A.sorted_genome_alignments.bam,123456838,84511637,38945201,0.315456006
_1_UNCID_1560088.8900F950-C646-4CEC-9D10-F0C2D75FE7CA.sorted_genome_alignments.bam,173052502,164878281,8174221,0.047235497
_1_UNCID_1565370.9CE6D6B5-0457-4127-99C8-0A5632B8BEE2.sorted_genome_alignments.bam,189882401,185306957,4575444,0.024096198
_1_UNCID_1565726.5BB6BF4F-84AF-4B86-9292-E56153B2A401.sorted_genome_alignments.bam,199296476,194482249,4814227,0.024156107
_1_UNCID_1566591.bebddc30-e74e-426f-b5f8-ba739b8db54f.sorted_genome_alignments.bam,154005057,146652192,7352865,0.047744309
_1_UNCID_1567138.a48f9376-bff1-4939-8d52-349e471b650f.sorted_genome_alignments.bam,223783090,215125115,8657975,0.038689139
_1_UNCID_1567266.b520d7b8-846f-4ba1-93eb-4891a0d99e72.sorted_genome_alignments.bam,164554620,158615633,5938987,0.036091281
_1_UNCID_1567425.a40ec658-73b1-48d5-b9d1-51931e76bff0.sorted_genome_alignments.bam,177563321,172450324,5112997,0.028795345
_1_UNCID_1567656.11b3ce08-d237-4e4e-8656-a235d3964f8f.sorted_genome_alignments.bam,143235030,140267615,2967415,0.020717104
_1_UNCID_1568414.118ba2f8-3a61-41f3-9b4c-18a34181b1bb.sorted_genome_alignments.bam,203585562,198278704,5306858,0.026066966
_1_UNCID_1568826.20108871-61a3-4160-8a9d-c5e4481143a6.sorted_genome_alignments.bam,183336489,178103073,5233416,0.028545414
_1_UNCID_1569595.708e83be-4726-4eb6-a72c-ad855942551c.sorted_genome_alignments.bam,180192672,173006537,7186135,0.039880284
_1_UNCID_1571780.9b1118f0-743f-4186-b6cb-571ddb72bc74.sorted_genome_alignments.bam,241397156,231714987,9682169,0.040108878
_1_UNCID_1572775.b36262a1-0c6b-4112-b690-3e8d508f3415.sorted_genome_alignments.bam,144854409,136956076,7898333,0.05452601
_1_UNCID_1573000.1a331a89-0666-49c2-8f5c-915568d8cb31.sorted_genome_alignments.bam,152200908,147298816,4902092,0.032208034
_1_UNCID_1573104.f9e17a94-37a3-4bac-bbfe-0128fc3a644b.sorted_genome_alignments.bam,174793630,167451477,7342153,0.042004694
_1_UNCID_1573483.b497a736-d140-47f4-8429-f53a7c005334.sorted_genome_alignments.bam,183245284,179056809,4188475,0.022857205
_1_UNCID_1573578.16ced370-3e97-40a5-9743-6bdd7bbc37d3.sorted_genome_alignments.bam,210543422,200911285,9632137,0.045748933
_1_UNCID_1578375.1C09D4DA-0DC2-4640-84D3-C3D82CB9E7B9.sorted_genome_alignments.bam,191448693,186963365,4485328,0.023428355
_1_UNCID_1605059.ed74f54a-ccf8-48a9-a672-209613e7c326.sorted_genome_alignments.bam,154848052,150207120,4640932,0.029970878
_1_UNCID_1643025.6058cfd7-abc1-451e-a445-7c9833b512d7.sorted_genome_alignments.bam,225015803,217842274,7173529,0.031880112
_1_UNCID_1648398.a886bebc-9578-424a-910c-43ebff0d5696.sorted_genome_alignments.bam,104378081,100853501,3524580,0.033767434
_1_UNCID_1648401.31a34ec1-460d-4768-a8aa-03c81c3226be.sorted_genome_alignments.bam,106563648,104140907,2422741,0.022735154
_1_UNCID_1648583.642ac0c8-44f2-452b-98d8-3ad56c82e3b1.sorted_genome_alignments.bam,151315035,147783330,3531705,0.02334008
_1_UNCID_1650070.C4E3BE04-2A2C-4ABE-912E-C3D9602E29C4.sorted_genome_alignments.bam,188575884,178879425,9696459,0.051419401
_1_UNCID_1653114.67C6149C-47B1-4A72-BE1C-9CFD6EB66227.sorted_genome_alignments.bam,147820947,142841613,4979334,0.033684901
_1_UNCID_1653384.30E48AD0-AF7E-4030-95B2-1C3FD3D96D52.sorted_genome_alignments.bam,204584924,192021958,12562966,0.061407096
_1_UNCID_1654399.B174413D-E07A-4A7A-8CFE-43833A4890D9.sorted_genome_alignments.bam,169603123,157104195,12498928,0.073695152
_1_UNCID_1654528.5F1F0D7C-FC9B-43A3-9709-6682EAC9EC08.sorted_genome_alignments.bam,199925916,194459701,5466215,0.027341203
_1_UNCID_1654634.631E7034-363E-4334-B448-217FB137009E.sorted_genome_alignments.bam,190226258,181397517,8828741,0.046411789
_1_UNCID_1654729.29D6F5E8-46CB-4EFC-B230-F213F4B25A8C.sorted_genome_alignments.bam,204359349,198932263,5427086,0.026556583
_1_UNCID_1654821.108BCE52-0187-4F9F-9DCD-921450B2E9C3.sorted_genome_alignments.bam,181883343,175828355,6054988,0.033290503
_1_UNCID_1654855.9B3CC625-CE0D-4C2D-A240-6F8664AF5485.sorted_genome_alignments.bam,190394606,183987375,6407231,0.033652377
_1_UNCID_1655237.8285C4A6-98CC-4277-BBB9-45D38BD3951C.sorted_genome_alignments.bam,197349668,192249469,5100199,0.025843464
_1_UNCID_1655759.C2E04130-80EB-4DF2-8D7D-767512A8C196.sorted_genome_alignments.bam,231582826,226057133,5525693,0.023860547
_1_UNCID_1656335.a1ff456d-7a22-4200-a429-c2a41e5c3e04.sorted_genome_alignments.bam,137435276,131469235,5966041,0.043409823
_1_UNCID_1656884.6434CAA0-3816-472B-9A2A-6238C10131F7.sorted_genome_alignments.bam,164846475,158741531,6104944,0.037034119
_1_UNCID_1657075.656bb2ee-b7f9-4cee-a694-1217fecf25a7.sorted_genome_alignments.bam,170448174,158677679,11770495,0.069056152
_1_UNCID_1657131.D0EFB6CA-A89C-4692-B9EC-FC582971E846.sorted_genome_alignments.bam,183664130,169836813,13827317,0.075285887
_1_UNCID_1657698.aabf5831-8886-4570-9266-00cd858ba17b.sorted_genome_alignments.bam,199236151,189816694,9419457,0.047277851
_1_UNCID_1658355.4eadb0cd-c88e-4f3e-b3a1-d76d3b16aba0.sorted_genome_alignments.bam,248879012,237218614,11660398,0.046851673
_1_UNCID_1658689.c1d8d162-5154-4d6a-8166-6e4e8bf5cc8d.sorted_genome_alignments.bam,161098885,154662791,6436094,0.039951201
_1_UNCID_1658802.78F4DE91-9CB5-40C4-AF0D-F295468716FD.sorted_genome_alignments.bam,183884511,176281644,7602867,0.04134588
_1_UNCID_1659429.0E538879-75BE-4F5B-8EC1-A513546AF04B.sorted_genome_alignments.bam,169481794,165454013,4027781,0.023765272
_1_UNCID_1659561.5b31fb5f-9321-43d8-9b5f-600e8ba2f6cc.sorted_genome_alignments.bam,185045610,177553931,7491679,0.040485581
_1_UNCID_1659641.45ce60c9-d18f-43a2-b240-8dc7d854cd27.sorted_genome_alignments.bam,211021594,201716763,9304831,0.044094212
_1_UNCID_1660347.3B8BD89B-9D4E-49A9-BC74-8D6C712D5DD8.sorted_genome_alignments.bam,203883165,194398523,9484642,0.046519986
_1_UNCID_1660368.1B4E42C0-C100-404F-843D-A27EA314858A.sorted_genome_alignments.bam,188747687,184255527,4492160,0.023799815
_1_UNCID_1660573.F1526B61-BC90-46BE-BFBE-9279A247EF66.sorted_genome_alignments.bam,169224936,165532391,3692545,0.021820336
_1_UNCID_1661160.A5D1CA87-47C3-4602-A591-9E4F4077417E.sorted_genome_alignments.bam,194629772,188289751,6340021,0.032574775
_1_UNCID_1661936.17123AF6-1425-4125-9579-00C6800227C7.sorted_genome_alignments.bam,226366002,217511899,8854103,0.039114102
_1_UNCID_1662110.dfb5da30-7995-4132-8bc9-439b0f4f7c4c.sorted_genome_alignments.bam,180648583,156039864,24608719,0.136224257
_1_UNCID_1662593.9ED1D311-747A-434E-9AB4-5DF6BC6B75DE.sorted_genome_alignments.bam,335561747,323754804,11806943,0.035185605
_1_UNCID_1662670.cde3fda7-c23f-480b-bc20-ac27bcfe4536.sorted_genome_alignments.bam,246079063,210804654,35274409,0.143345836
_1_UNCID_1664011.a1d00776-9535-4361-af77-8896e51465fe.sorted_genome_alignments.bam,300602568,273528255,27074313,0.090066805
_1_UNCID_1664337.3e7df498-0263-483e-98e8-e09324b5fae8.sorted_genome_alignments.bam,167736255,163624668,4111587,0.024512214
_1_UNCID_1664788.40EA4BB8-CD20-4475-B9D2-4A611975AEB8.sorted_genome_alignments.bam,180070146,170022956,10047190,0.055795979
_1_UNCID_1664923.C578FB16-0105-4E86-B582-440DFEE16791.sorted_genome_alignments.bam,161634128,155545622,6088506,0.037668443
_1_UNCID_1665087.6366C684-E20D-4E51-916B-9CA2FBBBA85F.sorted_genome_alignments.bam,205658369,195572643,10085726,0.049041165
_1_UNCID_1665269.953f918b-a82a-408f-b080-d0cb4441e1ef.sorted_genome_alignments.bam,182354833,176435501,5919332,0.032460516
_1_UNCID_1665614.D0B1F7B1-C604-46A9-B2E3-FD4285E56C8C.sorted_genome_alignments.bam,138568393,125349958,13218435,0.095392858
_1_UNCID_1666133.a57566b4-dd26-46bd-a00f-82136bc2a9be.sorted_genome_alignments.bam,252731372,221754124,30977248,0.122569857
_1_UNCID_1667562.6F54279A-F0B1-4E9D-9E71-7F91CEF40BA2.sorted_genome_alignments.bam,206210098,199898973,6311125,0.030605315
_1_UNCID_1669050.89e158ef-3b5a-4d90-9206-b2200a5a343e.sorted_genome_alignments.bam,141930462,138726997,3203465,0.022570666
_1_UNCID_1669065.6878010a-30d5-44ef-bd70-99f532a584d5.sorted_genome_alignments.bam,198007592,189910737,8096855,0.040891639
_1_UNCID_1669086.38948BD8-BC9A-4E38-9F7A-F72D3531050E.sorted_genome_alignments.bam,224288045,216359088,7928957,0.03535167
_1_UNCID_1669121.886e8f4f-107d-4ebd-a312-7cdbacabd35e.sorted_genome_alignments.bam,238981774,229193607,9788167,0.040957797
_1_UNCID_1669228.65a188b3-1fc9-4021-bc3e-158c0cce2c8e.sorted_genome_alignments.bam,174133917,169924780,4209137,0.024171839
_1_UNCID_1669304.9e8a108f-c2a6-4947-9512-72609d13ade1.sorted_genome_alignments.bam,175196551,170476117,4720434,0.026943647
_1_UNCID_1669424.ef3a0956-e7bf-4f1b-bc54-7e21fd318bbd.sorted_genome_alignments.bam,197599513,192387733,5211780,0.02637547
_1_UNCID_1669520.622F0488-00C2-4F4F-8D5E-6CC9AB5B0E11.sorted_genome_alignments.bam,201151238,192293156,8858082,0.044036925
_1_UNCID_1670742.f4a540b2-5ad6-442b-b454-cdb23a4cbacc.sorted_genome_alignments.bam,162633895,158416923,4216972,0.025929232
_1_UNCID_1671420.8bae571a-8285-48dd-aea3-9eb002c0610b.sorted_genome_alignments.bam,202126925,193731898,8395027,0.041533442
_1_UNCID_1673019.12391798-07e4-44bd-9689-db2f95f6d710.sorted_genome_alignments.bam,124038004,120973787,3064217,0.024703856
_1_UNCID_1673191.cb18ceb5-73e7-44d7-8ab0-96b832e980bd.sorted_genome_alignments.bam,148591371,144988435,3602936,0.024247276
_1_UNCID_1673479.a00de36d-7c6d-453a-b791-08c752ccfefc.sorted_genome_alignments.bam,179419133,175533161,3885972,0.021658627
_1_UNCID_1673778.09d1b9e5-a828-4e12-8a66-2a90c18d2f3e.sorted_genome_alignments.bam,183244358,175056404,8187954,0.044683253
_1_UNCID_1674395.fa1917b0-c3e1-412d-b063-e74b5cafb8dc.sorted_genome_alignments.bam,234578090,229286197,5291893,0.022559196
_1_UNCID_1674773.7bf79330-52fa-4111-88fe-b3ea62bcc63a.sorted_genome_alignments.bam,268208653,256854492,11354161,0.042333314
_1_UNCID_1674886.E35790F7-26DF-4D0A-9474-88F13372D606.sorted_genome_alignments.bam,167417443,158959506,8457937,0.050520046
_1_UNCID_1674980.d5c39754-79c3-432c-b496-34a394662e17.sorted_genome_alignments.bam,277496077,272053475,5442602,0.019613257
_1_UNCID_1676597.B045331F-5CB5-4BE4-896F-E4C60D5AAD8F.sorted_genome_alignments.bam,103120943,100187305,2933638,0.028448518
_1_UNCID_1676772.381B7A17-FCAC-45CF-90E8-8663262EC2AC.sorted_genome_alignments.bam,130547436,127363829,3183607,0.024386592
_1_UNCID_1677380.fa65871c-a168-4697-a2a8-740bc3521555.sorted_genome_alignments.bam,212992519,206653895,6338624,0.029759843
_1_UNCID_1703909.baa1261d-78ae-4a47-8459-2513361ba6de.sorted_genome_alignments.bam,166393660,161711452,4682208,0.028139341
_1_UNCID_1708257.7af273bb-bede-495c-8a07-0a1d5d23a0eb.sorted_genome_alignments.bam,187383073,181971132,5411941,0.028881696
_1_UNCID_1708383.bc33e129-174b-4193-b65a-844e06984a81.sorted_genome_alignments.bam,164637003,159355848,5281155,0.03207757
_1_UNCID_1709241.97fd79a1-7275-47c2-bd10-b62eb0622856.sorted_genome_alignments.bam,195392547,189194200,6198347,0.031722535
_1_UNCID_1709279.4b80a4f6-c58b-4955-b390-53c9d722ebfa.sorted_genome_alignments.bam,151996738,147079197,4917541,0.032352938
_1_UNCID_1711732.c59486e3-0de6-4fd2-adef-b3b369d41e7c.sorted_genome_alignments.bam,186169820,178994152,7175668,0.038543669
_1_UNCID_1720053.75871924-05ce-4e57-8b04-74093b412822.sorted_genome_alignments.bam,163592049,153187359,10404690,0.063601441
_1_UNCID_1721243.06c5b3d6-24c7-4d53-8871-7a9b19377c20.sorted_genome_alignments.bam,173979972,164497016,9482956,0.054506021
_1_UNCID_1722396.811B2337-58EC-416A-9C72-7E89A05459CE.sorted_genome_alignments.bam,167747225,160628548,7118677,0.042436929
_1_UNCID_1722828.58d4d6ea-cb30-47f9-87ff-d2dec6e3385e.sorted_genome_alignments.bam,99977029,94418365,5558664,0.055599412
_1_UNCID_1722994.4e27ce05-b76a-4d5a-b070-78c508f509a3.sorted_genome_alignments.bam,210948553,202763897,8184656,0.038799299
_1_UNCID_1723708.4300d79a-b4c8-4d95-8a42-4d5d8962eadc.sorted_genome_alignments.bam,105108494,98851853,6256641,0.059525551
_1_UNCID_1724405.801bb661-2677-48a6-80b9-de57224cf5ef.sorted_genome_alignments.bam,192957298,184794860,8162438,0.042301784
_1_UNCID_1726949.5ee3613b-e8d8-44fb-a17b-1d5e59ed5fb8.sorted_genome_alignments.bam,162926086,154125653,8800433,0.05401488
_1_UNCID_1727552.5c5d18f0-dc25-4d65-9ea7-f90d69db0ce8.sorted_genome_alignments.bam,266551651,257073020,9478631,0.035560204
_1_UNCID_1727647.e8cc9981-3f57-49cc-9779-72d1c50bc59a.sorted_genome_alignments.bam,192417296,187457635,4959661,0.025775547
_1_UNCID_1727738.2b684237-e6b2-4f87-882e-3fa8ffbb829e.sorted_genome_alignments.bam,184203419,179417391,4786028,0.025982297
_1_UNCID_1727937.d42c9589-3960-4964-be28-83d275bdc672.sorted_genome_alignments.bam,210090259,204445378,5644881,0.026868837
_1_UNCID_1728401.17f52efc-8576-41cc-9ae0-e76c860ea47c.sorted_genome_alignments.bam,171300276,164828387,6471889,0.037780961
_1_UNCID_1729569.1e9eb42f-6c0c-4bfe-8ffe-f300d2700697.sorted_genome_alignments.bam,210342588,205289667,5052921,0.024022339
_1_UNCID_1730291.47d13480-7771-450a-ab70-07c8ca2eb14f.sorted_genome_alignments.bam,168074323,163625470,4448853,0.026469558
_1_UNCID_1730460.3b6f54f6-1812-474f-aced-f6790e59611c.sorted_genome_alignments.bam,188280088,177058549,11221539,0.059600243
_1_UNCID_1771542.cb2d5668-d44b-49dc-8941-79615d2fb6c2.sorted_genome_alignments.bam,144943934,137220385,7723549,0.053286459
_1_UNCID_1771657.9ad4cb9a-b29f-41cc-beab-46fad52897f4.sorted_genome_alignments.bam,182972741,170644249,12328492,0.067378845
_1_UNCID_1771799.7f374230-9b8d-4fda-a4d3-29c77ba5bedf.sorted_genome_alignments.bam,164165126,152670696,11494430,0.07001749
_1_UNCID_1776022.1c78c6f8-4e3c-40f1-afb2-b83a316b4c1a.sorted_genome_alignments.bam,142041989,137630767,4411222,0.031055761
_1_UNCID_1779734.139abcca-ef3c-4520-9829-ebf4915d6b92.sorted_genome_alignments.bam,177323324,172494075,4829249,0.027234144
_1_UNCID_1779947.f6b30464-1e34-4b52-baff-544f5fc8f52f.sorted_genome_alignments.bam,180779221,174500725,6278496,0.034730186
_1_UNCID_1780670.0cc201f9-d974-4441-b052-1fc4279131c8.sorted_genome_alignments.bam,94426999,89838208,4588791,0.048596175
_1_UNCID_1780998.6dca96d6-fdfa-4f4d-91d4-f29ad13c959f.sorted_genome_alignments.bam,136452460,129706649,6745811,0.049437079
_1_UNCID_1781103.ecf539d8-a411-43d8-8ce4-97a19c6ed6c5.sorted_genome_alignments.bam,125201513,120829302,4372211,0.034921391
_1_UNCID_1781143.c809549e-bd06-4b47-a3ff-dd2dbb2dfd2c.sorted_genome_alignments.bam,107008630,103962145,3046485,0.028469526
_1_UNCID_1781488.4cca2f70-fb21-4bfa-b544-c8e7ff4cf58a.sorted_genome_alignments.bam,103916664,100911860,3004804,0.028915516
_1_UNCID_1781897.e68b253d-6149-4c42-a5b3-1ddc2448759b.sorted_genome_alignments.bam,230037571,223854269,6183302,0.026879531
_1_UNCID_1784456.86414f87-c2a2-4ecb-92eb-7663492ba76b.sorted_genome_alignments.bam,141593038,137218132,4374906,0.030897748
_1_UNCID_1785118.72540fd3-40fd-44bb-8114-38b71afa16d0.sorted_genome_alignments.bam,128964831,125439848,3524983,0.027332901
_1_UNCID_1794096.966a397b-871a-4604-b515-4b90779b5134.sorted_genome_alignments.bam,120114450,114979185,5135265,0.042753099
_1_UNCID_1796006.0d76a939-8917-41f8-b61f-d87b0a4fa568.sorted_genome_alignments.bam,115914283,111202210,4712073,0.040651358
_1_UNCID_1796140.9fbb6479-13b9-4202-8c32-27981e2658a2.sorted_genome_alignments.bam,115882055,110157021,5725034,0.049403974
_1_UNCID_1796254.a2ba7b50-7ff5-420d-be38-49b2050298f3.sorted_genome_alignments.bam,135855006,130460823,5394183,0.039705442
_1_UNCID_1796287.b9ea9694-d656-4fa2-8f93-f651ad81483f.sorted_genome_alignments.bam,112988580,107106414,5882166,0.052059828
_1_UNCID_1801929.29e4210f-709c-457d-a570-7054ce29ef99.sorted_genome_alignments.bam,114758039,110890002,3868037,0.033706022
_1_UNCID_1802235.0eb5967b-472f-446b-8b04-a6c7480b166a.sorted_genome_alignments.bam,117381813,113268417,4113396,0.035042873
_1_UNCID_1802422.e4a168d2-b3ca-47c3-af94-93c4a6d90560.sorted_genome_alignments.bam,137855530,131662404,6193126,0.044924756
_1_UNCID_1803936.bdc32766-c722-43b9-946b-5204fd535f87.sorted_genome_alignments.bam,70899877,67405179,3494698,0.049290607
_1_UNCID_1804228.f017e087-41c2-495b-82bd-8d425a4aacf4.sorted_genome_alignments.bam,118882183,113039075,5843108,0.04915041
_1_UNCID_1804266.4e92fe80-4985-4b69-bab6-aece3c61c695.sorted_genome_alignments.bam,129622899,124540666,5082233,0.039207833
_1_UNCID_1804268.e931ef71-b983-438e-8fce-d08b3d37fb61.sorted_genome_alignments.bam,141326562,136410582,4915980,0.034784544
_1_UNCID_1804304.a5315ab1-d2f9-4d83-a1d5-7c903573d695.sorted_genome_alignments.bam,137733384,132851294,4882090,0.035445945
_1_UNCID_1804865.5693546f-76cc-460e-ae90-01d44f010cda.sorted_genome_alignments.bam,155844745,150893677,4951068,0.031769233
_1_UNCID_1804890.a4bf07a3-893a-462a-bd60-821fab35608d.sorted_genome_alignments.bam,132880655,127717015,5163640,0.03885923
_1_UNCID_1804970.2ff064bb-9e08-497e-a83a-7360cf80f62d.sorted_genome_alignments.bam,136968328,132943243,4025085,0.029386976
_1_UNCID_1805000.4a01323f-408b-4e74-8686-ee6d4d076ee8.sorted_genome_alignments.bam,131937375,126200762,5736613,0.043479818
_1_UNCID_1805267.9fa69546-20fc-49d2-bac2-7db3587e0a0a.sorted_genome_alignments.bam,134183925,129557787,4626138,0.034476097
_1_UNCID_1806122.7c355987-c70f-43f1-94cc-f4d12afe0132.sorted_genome_alignments.bam,207273186,201102107,6171079,0.029772684
_1_UNCID_1806653.7fdcbf9d-e485-4b2b-8b9e-dba41ceed97b.sorted_genome_alignments.bam,158995089,154283284,4711805,0.029634909
_1_UNCID_1806672.20d25e27-b509-45eb-a734-9b8d6a40c632.sorted_genome_alignments.bam,174015809,169184061,4831748,0.027766144
_1_UNCID_1808344.2e83ed1e-fbff-4729-8dfa-c070aa13c78e.sorted_genome_alignments.bam,178916344,174318794,4597550,0.025696646
_1_UNCID_1808443.3f4f3e8c-af8c-405e-8fd4-c971f394e35f.sorted_genome_alignments.bam,190897996,186310547,4587449,0.024030891
_1_UNCID_1808450.e35ae11f-244b-42bf-b506-1dc1f612b414.sorted_genome_alignments.bam,180706942,175217317,5489625,0.030378606
_1_UNCID_1808459.c2624390-7f99-4346-b10d-568de512a8f9.sorted_genome_alignments.bam,189409493,184881956,4527537,0.023903432
_1_UNCID_1810186.c9016384-8eed-48c1-9fb0-cdd96cd66b81.sorted_genome_alignments.bam,211935059,205108151,6826908,0.032212264
_1_UNCID_1811161.a08a4bad-be55-45b1-b4a9-c447ecc3fbd5.sorted_genome_alignments.bam,84107348,80611479,3495869,0.041564371
_1_UNCID_1811374.23447051-b9ad-4eb7-845c-2c4c1a71301a.sorted_genome_alignments.bam,89281690,86559776,2721914,0.030486811
_1_UNCID_1812610.a323e90d-02b3-4f8f-8d70-f3ca2957e4d5.sorted_genome_alignments.bam,163783529,158003687,5779842,0.035289519
_1_UNCID_1815382.f68cffac-4db9-470c-b726-01fb876a381a.sorted_genome_alignments.bam,171218157,165010122,6208035,0.036258041
_1_UNCID_1815495.1b95fcab-d55c-49b8-b3eb-0b156ca02812.sorted_genome_alignments.bam,175198098,168044154,7153944,0.040833457
_1_UNCID_1815638.f0e775db-aafa-45e0-8428-82d7456b4185.sorted_genome_alignments.bam,177290090,170132232,7157858,0.040373706
_1_UNCID_1815639.00759cb3-e0d6-47eb-948f-5ed3fc9f944f.sorted_genome_alignments.bam,155891770,152032341,3859429,0.024757106
_1_UNCID_1815835.3dbb7586-0e8d-41ff-aa57-ab701b892784.sorted_genome_alignments.bam,160758641,155949155,4809486,0.029917434
_1_UNCID_1816105.71dbf432-2bbf-4e76-8625-f863b08b78ce.sorted_genome_alignments.bam,196596412,191242035,5354377,0.027235375
_1_UNCID_1816178.5007c6f5-2134-4d0e-8d53-13a0f1439d9e.sorted_genome_alignments.bam,264276326,250667337,13608989,0.051495301
_1_UNCID_1821206.20e8a6eb-4785-42f2-bb0c-bbdf5beb6c26.sorted_genome_alignments.bam,123273810,117994546,5279264,0.042825512
_1_UNCID_1821308.c27a2180-0dec-43ec-bf0f-2cb0acaea022.sorted_genome_alignments.bam,205840145,198256224,7583921,0.036843741
_1_UNCID_1829938.842A5261-5E7F-4AD7-A426-0CE48E937919.sorted_genome_alignments.bam,225230673,219844082,5386591,0.023915886
_1_UNCID_1841141.fab24bb5-a75b-4840-bcc3-713a0359d797.sorted_genome_alignments.bam,175075013,170392622,4682391,0.026745056
_1_UNCID_1842734.97a9402f-537a-4767-bee3-72e1bebcdd97.sorted_genome_alignments.bam,178145713,172470251,5675462,0.031858538
_1_UNCID_1845152.211b5190-b873-4c7c-858e-d0b321ac8ffb.sorted_genome_alignments.bam,166497585,160369837,6127748,0.036803825
_1_UNCID_1845481.53bce93f-fa43-4596-839b-5d7d258de40c.sorted_genome_alignments.bam,177582465,172575125,5007340,0.028197266
_1_UNCID_1848725.3476ee8f-8cbe-4c6e-a3f7-f53facfe585a.sorted_genome_alignments.bam,169773739,165030873,4742866,0.027936394
_1_UNCID_1848726.dcc36700-cd11-4235-a1a7-960c93fd88a8.sorted_genome_alignments.bam,174418721,165726225,8692496,0.049836944
_1_UNCID_1848859.E5949631-EBAF-4EC2-AAC8-B0A6FD51D946.sorted_genome_alignments.bam,208289006,199316374,8972632,0.043077799
_1_UNCID_1849025.EEEF0334-DE2A-4206-84AD-CD18E349635E.sorted_genome_alignments.bam,185606287,177669490,7936797,0.042761466
_1_UNCID_1849126.22FE5CAC-0623-4D0A-A158-F15FB5477D8F.sorted_genome_alignments.bam,240141452,234898939,5242513,0.021830937
_1_UNCID_1849148.EEEF0334-DE2A-4206-84AD-CD18E349635E.sorted_genome_alignments.bam,233374115,224888547,8485568,0.036360365
_1_UNCID_1849232.bc8680ed-09c6-4406-90ca-af7085fefd53.sorted_genome_alignments.bam,221095247,206749247,14346000,0.064886062
_1_UNCID_1850054.22FE5CAC-0623-4D0A-A158-F15FB5477D8F.sorted_genome_alignments.bam,301430074,281313792,20116282,0.066736148
_1_UNCID_1856232.11cbdb5a-82fd-471a-9b33-c5c1b9393716.sorted_genome_alignments.bam,147502663,140946509,6556154,0.044447699
_1_UNCID_1860072.8706ced2-3f6d-412e-872b-2d5c08996ee1.sorted_genome_alignments.bam,153272043,149397277,3874766,0.025280318
_1_UNCID_1860132.26cdb816-44f0-4ff6-a674-93ec31d64fed.sorted_genome_alignments.bam,201898760,195416145,6482615,0.032108246
_1_UNCID_1860175.935241d0-0054-4eb4-8dba-e85ca47cc100.sorted_genome_alignments.bam,177537459,172372360,5165099,0.02909301
_1_UNCID_1860383.ac7f9c26-b3d9-481c-87cf-8b5cb14f0cbf.sorted_genome_alignments.bam,137993845,133560681,4433164,0.03212581
_1_UNCID_1860852.a5f2493d-c615-4c87-908b-d2f78e697b52.sorted_genome_alignments.bam,189892457,184014208,5878249,0.030955674
_1_UNCID_1860977.f334d507-bf76-4cd0-80eb-6135b697b9e9.sorted_genome_alignments.bam,100880349,97187320,3693029,0.036608012
_1_UNCID_1861135.4fd1e10d-c21a-49f8-9d77-a5aa7850d883.sorted_genome_alignments.bam,131222319,126756254,4466065,0.03403434
_1_UNCID_1863588.47888c0a-0fd8-4bc2-844a-dfea0ce21bed.sorted_genome_alignments.bam,98163710,94226447,3937263,0.04010915
_1_UNCID_1863890.1315e98d-1927-4702-9132-e02e56b2d2f1.sorted_genome_alignments.bam,125740207,121925530,3814677,0.030337766
_1_UNCID_1864070.0b0bbc77-a9f3-4298-ba21-587d10209b0b.sorted_genome_alignments.bam,138550884,133991986,4558898,0.032904142
_1_UNCID_1867136.3476ee8f-8cbe-4c6e-a3f7-f53facfe585a.sorted_genome_alignments.bam,398608127,386825297,11782830,0.029559934
_1_UNCID_1867305.a6ce566a-b5c9-4f72-a0d0-1ad705e7cd5f.sorted_genome_alignments.bam,112494680,108555051,3939629,0.035020581
_1_UNCID_1867589.ada6b8cf-fdd9-4de9-8a4b-5e8fbaaf995d.sorted_genome_alignments.bam,143442390,139188567,4253823,0.029655271
_1_UNCID_1867645.c4bd435f-a171-401b-abc5-1d90b03e2d9b.sorted_genome_alignments.bam,149503506,144754360,4749146,0.031766118
_1_UNCID_1868590.33af00ec-d17e-4318-87a1-865323c3db38.sorted_genome_alignments.bam,149106732,144306878,4799854,0.032190726
_1_UNCID_1869069.a7ba7d79-2b00-4472-9840-2acf2e96e34c.sorted_genome_alignments.bam,163329983,155368930,7961053,0.048742141
_1_UNCID_1869411.99cb42da-b846-4463-b13a-79a08f5be5ea.sorted_genome_alignments.bam,154970636,150011826,4958810,0.031998385
_1_UNCID_1870804.96dcf96c-1cea-400c-a441-e56139008de4.sorted_genome_alignments.bam,98719437,85364810,13354627,0.135278598
_1_UNCID_1874203.62a57095-75de-4282-86e7-16e71f24b874.sorted_genome_alignments.bam,128078402,124216678,3861724,0.030151251
_1_UNCID_1874459.de926d40-12cd-4aba-bb2e-10d2f7768f49.sorted_genome_alignments.bam,137578461,132935888,4642573,0.033744912
_1_UNCID_1879333.254c611f-7808-4745-9155-f2d578b29df2.sorted_genome_alignments.bam,157930013,152557495,5372518,0.034018347
_1_UNCID_1880628.1ec66ae2-e78a-4eb8-891a-7f8b6b061dca.sorted_genome_alignments.bam,166381456,160548144,5833312,0.035059869
_1_UNCID_1880847.09c1d9fb-fb0f-4cb7-8a02-00e98e478eec.sorted_genome_alignments.bam,162789038,157520859,5268179,0.032362001
_1_UNCID_1880865.50cf3cc2-9fc8-4b5c-a3ad-051cd27a2030.sorted_genome_alignments.bam,149989903,145327339,4662564,0.031085852
_1_UNCID_1880909.3b668d39-d66d-472f-ba4a-e53fe34041e6.sorted_genome_alignments.bam,152220199,145908125,6312074,0.041466731
_1_UNCID_1885458.5a6bed81-2364-4681-b659-af68a1028512.sorted_genome_alignments.bam,150347876,141422856,8925020,0.059362461
_1_UNCID_1885875.d620baa1-c329-46c6-a56a-dc08dfa23470.sorted_genome_alignments.bam,157540785,152757514,4783271,0.030362112
_1_UNCID_1885943.68ec8441-f60a-4c80-8a9f-7609a0f81430.sorted_genome_alignments.bam,154165987,147264390,6901597,0.044767313
_1_UNCID_1886222.24f42719-6ad5-48fb-b27d-5812c3447b46.sorted_genome_alignments.bam,185102713,178040086,7062627,0.038155178
_1_UNCID_1889523.40ec3184-5b50-47b0-95eb-865fe3df4513.sorted_genome_alignments.bam,122150593,116951268,5199325,0.042564877
_1_UNCID_1891102.1cc4f319-fc1d-46bb-9fbb-469d66bd23f2.sorted_genome_alignments.bam,135554943,131388234,4166709,0.030738156
_1_UNCID_1891176.7e48e392-4196-4188-bb39-bba65e88c2d5.sorted_genome_alignments.bam,135689319,129114520,6574799,0.048454801
_1_UNCID_1891530.4cda696b-42da-43fd-9f6f-95dfc748a0ca.sorted_genome_alignments.bam,145989273,141243136,4746137,0.032510176
_1_UNCID_1891750.07401514-29ef-43a8-8a7f-a4e147852470.sorted_genome_alignments.bam,140820041,136049367,4770674,0.033877806
_1_UNCID_1896790.07384291-d5cc-44d8-a025-f10636c91691.sorted_genome_alignments.bam,162504176,155802307,6701869,0.041241211
_1_UNCID_1897068.1eda4d9f-e9a1-4ee7-8c71-559c8940b751.sorted_genome_alignments.bam,185462237,178473078,6989159,0.037685079
_1_UNCID_1897158.35c918eb-2a20-4e32-93d4-ae2c80d6cee7.sorted_genome_alignments.bam,157997209,151376376,6620833,0.041904747
_1_UNCID_1897246.ac3b2403-e941-4b8a-8051-f29055c2428a.sorted_genome_alignments.bam,176329334,167174863,9154471,0.051916892
_1_UNCID_1898118.a49c5cb5-9a31-456d-b55d-904081633729.sorted_genome_alignments.bam,104239000,99641252,4597748,0.044107752
_1_UNCID_1898901.ba92f078-da12-4519-a22e-8646d6263e0f.sorted_genome_alignments.bam,134729679,129924031,4805648,0.035668815
_1_UNCID_1900515.51d59e9b-2f54-4a54-b5f5-81376be2eb82.sorted_genome_alignments.bam,123677454,118484187,5193267,0.04199041
_1_UNCID_1900747.3e9ed7f0-3324-4c3c-85e2-dadb05025b94.sorted_genome_alignments.bam,167821872,161363747,6458125,0.038482022
_1_UNCID_1901224.b0c0055f-55c8-447a-9590-fd1ae77c7128.sorted_genome_alignments.bam,165051880,159425673,5626207,0.034087506
_1_UNCID_1901771.3721b7dc-c503-4dc0-87be-f22a7e4a4900.sorted_genome_alignments.bam,166727061,161925881,4801180,0.028796645
_1_UNCID_1901989.2d914586-8139-4f9c-be79-99722e36b46a.sorted_genome_alignments.bam,147388671,143369655,4019016,0.027268147
_1_UNCID_1902282.39eb1ae5-70cd-4b7b-94a9-7b070a34f107.sorted_genome_alignments.bam,160126473,152087430,8039043,0.050204334
_1_UNCID_1905230.a0e0a895-ce81-44a6-a21e-453e727acdbb.sorted_genome_alignments.bam,91315235,85677778,5637457,0.061736215
_1_UNCID_1905492.50d1ad39-3545-422e-b8fa-440e68eeebf3.sorted_genome_alignments.bam,118123702,112785134,5338568,0.045194723
_1_UNCID_1905554.e776b3c7-2afe-4f44-8596-4c0de62fd46d.sorted_genome_alignments.bam,120060045,113963899,6096146,0.05077581
_1_UNCID_1906020.e0da883a-782b-4dd1-944f-b0b79ae11fa8.sorted_genome_alignments.bam,161090132,154456500,6633632,0.04117963
_1_UNCID_1910807.1bc29a8a-19a4-4b79-ad7e-a64633b2c487.sorted_genome_alignments.bam,85734353,81541636,4192717,0.048903582
_1_UNCID_1911128.13380c2f-2f59-40ac-ae0c-9f3dab833e39.sorted_genome_alignments.bam,98837028,94297951,4539077,0.045924863
_1_UNCID_1911817.39dcdd85-0535-43fa-a0bf-e3a9e324eea2.sorted_genome_alignments.bam,64354224,61769727,2584497,0.040160487
_1_UNCID_1911987.adda0fb6-b939-4fac-a005-3696d05d1971.sorted_genome_alignments.bam,120240353,115988066,4252287,0.035364891
_1_UNCID_1912939.bbbac47c-0764-4bdb-857d-bd218e9d76ca.sorted_genome_alignments.bam,101615603,97149447,4466156,0.043951479
_1_UNCID_1913048.e049e194-d224-41cf-99b6-a4e7490674f9.sorted_genome_alignments.bam,57028375,51591440,5436935,0.095337365
_1_UNCID_1913938.3e1695a2-9716-466c-89a8-91a3c996cdbe.sorted_genome_alignments.bam,111694662,107232123,4462539,0.039953019
_1_UNCID_1915806.b6530750-0410-43ec-bb79-f862ca3424a6.sorted_genome_alignments.bam,153893435,149346932,4546503,0.02954319
_1_UNCID_1918045.a44ef83c-ef8e-4b10-bba2-86111df19873.sorted_genome_alignments.bam,198455953,192471775,5984178,0.030153684
_1_UNCID_1918328.d5887688-b311-4ddc-84d4-538750849401.sorted_genome_alignments.bam,212742718,205317288,7425430,0.034903333
_1_UNCID_1919199.24214ac8-46a2-44c2-9ce8-8514b9c61181.sorted_genome_alignments.bam,117685874,111770273,5915601,0.050266024
_1_UNCID_1919733.faec0e24-6bcd-4388-b227-b8d4b73bb110.sorted_genome_alignments.bam,150984690,143077895,7906795,0.05236819
_1_UNCID_1919904.f69543ea-f20b-4182-91c4-f5bad36be325.sorted_genome_alignments.bam,143891930,136440333,7451597,0.051786066
_1_UNCID_1919924.66016ff6-5367-4560-a7d3-20f536f22ece.sorted_genome_alignments.bam,134299699,129523681,4776018,0.035562388
_1_UNCID_1920325.40c82f91-98b7-4c3f-8885-3ea4e383e7be.sorted_genome_alignments.bam,116534512,109908439,6626073,0.056859319
_1_UNCID_1920715.e58c5f71-33ca-4443-890e-49b85916f080.sorted_genome_alignments.bam,136964133,129016689,7947444,0.058025731
_1_UNCID_1922361.7eb83c83-31e0-435b-8866-9d2764098800.sorted_genome_alignments.bam,122775870,117053679,5722191,0.046606805
_1_UNCID_1926300.aa9d8e32-4e9d-409f-81b0-9c6e2b6af130.sorted_genome_alignments.bam,172621005,168638755,3982250,0.023069325
_1_UNCID_1927246.a36865ec-a5fa-4277-a887-325373acadb1.sorted_genome_alignments.bam,141381080,133581660,7799420,0.055165939
_1_UNCID_1927796.4763b4dd-1eef-4503-9381-4baa57cc690f.sorted_genome_alignments.bam,160747811,152253085,8494726,0.052845049
_1_UNCID_1928835.de707f3a-13c6-44ed-b034-7069fe1b9caf.sorted_genome_alignments.bam,140177894,135831203,4346691,0.031008391
_1_UNCID_1936408.6d3cfe9f-b39f-4ff5-a5fb-1d6cf16b7f65.sorted_genome_alignments.bam,190329306,159195719,31133587,0.163577473
_1_UNCID_1943522.b1ad5501-06e7-48c7-9fa9-f76527ae39f1.sorted_genome_alignments.bam,126861894,123902305,2959589,0.02332922
_1_UNCID_1947997.defb83d5-ba61-435f-a8bf-98daaa1c546f.sorted_genome_alignments.bam,124744123,120498440,4245683,0.034035134
_1_UNCID_1949427.e350f73a-df75-4956-a50d-f60a4295b85a.sorted_genome_alignments.bam,110881198,106533617,4347581,0.039209362
_1_UNCID_1950512.352dc94a-fc74-4292-890c-4ed9c22dcfbc.sorted_genome_alignments.bam,107208452,103681630,3526822,0.032896865
_1_UNCID_1950639.9ffa7c18-fb07-4665-b4ec-be1d1825b104.sorted_genome_alignments.bam,128624079,123058497,5565582,0.043270141
_1_UNCID_1950770.66dc3d95-050b-49df-b8fc-743aec0e9e36.sorted_genome_alignments.bam,110998105,106725850,4272255,0.038489441
_1_UNCID_1953132.ba050b6a-1b01-494c-8efc-ab0bd107a724.sorted_genome_alignments.bam,108954720,103601657,5353063,0.049131079
_1_UNCID_1953845.5d441f3d-7d25-4217-a6d3-7ed6ca78c216.sorted_genome_alignments.bam,113469409,108653893,4815516,0.042438892
_1_UNCID_1954027.8d03eb0d-b6f2-4b28-aa26-4de13bd37270.sorted_genome_alignments.bam,70830282,68254956,2575326,0.03635911
_1_UNCID_1954254.c2c0b6ee-f0d3-431c-8cc4-9eca5173df37.sorted_genome_alignments.bam,71885515,68205842,3679673,0.051187962
_1_UNCID_1955167.b19357df-ef0e-4a01-932c-3dc537ef75ea.sorted_genome_alignments.bam,84867980,81654660,3213320,0.037862572
_1_UNCID_1957265.ae83a679-8155-4f3a-9c9b-a3b73c8cd332.sorted_genome_alignments.bam,91590897,87978163,3612734,0.039444247
_1_UNCID_1957455.9ea1bff8-51a1-4773-851c-5c8da0e79565.sorted_genome_alignments.bam,112091341,107782034,4309307,0.038444602
_1_UNCID_1958432.18c3431e-1dfa-48d9-a207-3ef74d283426.sorted_genome_alignments.bam,141704379,134933042,6771337,0.047784952
_1_UNCID_1958884.758c51d4-1ece-4434-976e-50813e9076aa.sorted_genome_alignments.bam,158257172,152302212,5954960,0.037628374
_1_UNCID_1959221.fa5377b9-8285-4101-8378-2dbe0820eaa2.sorted_genome_alignments.bam,146200694,140530138,5670556,0.038786109
_1_UNCID_1963628.4f8a59d0-d4e5-4015-9bec-46fccd7d139e.sorted_genome_alignments.bam,54684534,52531110,2153424,0.039379032
_1_UNCID_1964007.ddf657f3-c764-4003-9de5-3384931c711b.sorted_genome_alignments.bam,86862463,83642551,3219912,0.037069085
_1_UNCID_1964527.fc475e1d-25de-46e4-9191-9e5ee16f0371.sorted_genome_alignments.bam,124096278,120423157,3673121,0.029598962
_1_UNCID_1964804.17a290d7-8577-4d11-8842-86c2f48e1cac.sorted_genome_alignments.bam,63849735,61160303,2689432,0.042121271
_1_UNCID_1964805.1dd50bb6-84d4-4e07-ba01-802f470b46dd.sorted_genome_alignments.bam,128943004,124805706,4137298,0.032086254
_1_UNCID_1965621.c32dabac-90ce-4b8c-b08c-85a1a2fe8ccf.sorted_genome_alignments.bam,163663846,157123389,6540457,0.039962748
_1_UNCID_1965669.ff0e31ac-ee03-495a-97e0-a5283fd1c3ae.sorted_genome_alignments.bam,123607142,120111190,3495952,0.028282767
_1_UNCID_1966755.99e76a2e-9162-4345-9155-cc7267c0325b.sorted_genome_alignments.bam,117129573,113417069,3712504,0.031695702
_1_UNCID_1966903.11e82091-a9fb-4b7b-b0a2-7908e50e2c60.sorted_genome_alignments.bam,111535562,106997312,4538250,0.040688816
_1_UNCID_1967570.f282d6e9-6a6a-4515-8efd-d5fff0367ee8.sorted_genome_alignments.bam,112969170,109631310,3337860,0.029546645
_1_UNCID_1967635.b41dfa6b-a221-4e03-95d7-428781787067.sorted_genome_alignments.bam,112894719,108906451,3988268,0.035327321
_1_UNCID_1970928.fa279a9c-78d8-4727-a559-b7eca7a119b8.sorted_genome_alignments.bam,127581537,119484840,8096697,0.063462921
_1_UNCID_1970973.279e2d3b-f060-4afa-a26e-673a4af821d4.sorted_genome_alignments.bam,123185593,115263098,7922495,0.064313487
_1_UNCID_1971947.5dc20b99-8440-4d30-a803-1e10cdb29dbe.sorted_genome_alignments.bam,138984606,132767636,6216970,0.044731357
_1_UNCID_1972035.d8f9dd84-aa5a-4f16-af01-8f82699bcd66.sorted_genome_alignments.bam,108192806,74857974,33334832,0.308105809
_1_UNCID_1972452.2bb3a670-627e-4aa7-8dfc-88f6cc06d1a7.sorted_genome_alignments.bam,109658555,104141369,5517186,0.050312408
_1_UNCID_1972532.2b0670d8-a2b4-4e1b-a3b3-4ec277e0078f.sorted_genome_alignments.bam,114816658,109495055,5321603,0.046348701
_1_UNCID_1973575.9d42a9c4-305b-4e25-a260-82805d6b059a.sorted_genome_alignments.bam,106430340,100363252,6067088,0.057005249
_1_UNCID_1975882.6addf668-7b4d-4e3d-9086-b95818648be2.sorted_genome_alignments.bam,85082180,82103401,2978779,0.03501061
_1_UNCID_1976143.e608cf6c-42d1-4562-b4c6-fe84fd69193c.sorted_genome_alignments.bam,107547401,104245397,3302004,0.030702778
_1_UNCID_1976436.b7e0eaf4-ff94-413e-8c1c-6b95c9167eb1.sorted_genome_alignments.bam,143133940,138075140,5058800,0.03534312
_1_UNCID_1976526.59b6740e-5e20-4993-9a1e-9b2ef87e4ab6.sorted_genome_alignments.bam,149828186,145067975,4760211,0.031771132
_1_UNCID_1977345.c19b30b4-b9cc-41cb-ac23-b27a1b6e6889.sorted_genome_alignments.bam,141397471,137863393,3534078,0.024993927
_1_UNCID_1981122.fe14ca77-d5f6-4951-be78-6e65efdfc8aa.sorted_genome_alignments.bam,118722295,115339120,3383175,0.028496543
_1_UNCID_1981248.10bc3c22-c4ff-4d44-a44b-dc8dd2cbec2d.sorted_genome_alignments.bam,150737715,146845146,3892569,0.025823458
_1_UNCID_1981392.8b04f9ea-ffb8-4a51-a20e-64e6889f6d5f.sorted_genome_alignments.bam,114892672,110007217,4885455,0.042521903
_1_UNCID_1981440.e948362f-2ae6-437b-a01b-6a1026a8da72.sorted_genome_alignments.bam,121074797,117620072,3454725,0.028533808
_1_UNCID_1982909.97f5e1fa-9706-4237-9e18-437b59dea594.sorted_genome_alignments.bam,141527989,137666721,3861268,0.027282716
_1_UNCID_1983349.3eec1382-92cb-44c8-b45d-38eda989e956.sorted_genome_alignments.bam,154012681,148676987,5335694,0.034644511
_1_UNCID_1983640.77d1e365-4ccc-4b1a-aa0d-cda00b246ba4.sorted_genome_alignments.bam,95520863,89579383,5941480,0.062200862
_1_UNCID_1983679.72a23d60-178c-4cd2-9204-c00aebc935b6.sorted_genome_alignments.bam,159528111,154085987,5442124,0.034113887
_1_UNCID_1984170.bea8760d-cd7c-4d02-8032-cf32505fda56.sorted_genome_alignments.bam,123218448,118454941,4763507,0.038659041
_1_UNCID_1987133.112e7329-5135-4307-bda5-d041bc04f0ea.sorted_genome_alignments.bam,102740062,99391749,3348313,0.03259014
_1_UNCID_1987225.02a65cb0-158c-478b-b72e-d6bae04429c7.sorted_genome_alignments.bam,106802849,102013055,4789794,0.044847062
_1_UNCID_1987228.dbffd0f0-d063-45a2-8cdb-e6ffa6c9e66d.sorted_genome_alignments.bam,116196959,110169120,6027839,0.051876048
_1_UNCID_1987326.72ea067a-e5ae-43f3-97b8-2283b35df8d6.sorted_genome_alignments.bam,90118820,86232370,3886450,0.043125842
_1_UNCID_1988054.2c6af71f-b876-4475-a94a-61e99075123f.sorted_genome_alignments.bam,109826637,105605438,4221199,0.038435111
_1_UNCID_1990250.39408ce7-3fca-4e7e-8016-e8586b7bafad.sorted_genome_alignments.bam,127572533,122436061,5136472,0.04026315
_1_UNCID_1990828.b31f6ff5-bd06-43d7-966e-426b787222e8.sorted_genome_alignments.bam,150459366,142885836,7573530,0.050336049
_1_UNCID_1990842.7d313d92-13f0-49f2-bff6-20e4fdd09337.sorted_genome_alignments.bam,144321065,136848127,7472938,0.051779953
_1_UNCID_1991265.5f83fb8f-01d8-4deb-89d1-2fe9fb69255e.sorted_genome_alignments.bam,152091021,145255125,6835896,0.044946085
_1_UNCID_2009232.a117b181-a01e-49a7-a82b-13f4a385dd45.sorted_genome_alignments.bam,117206592,112845621,4360971,0.037207557
_1_UNCID_2010389.627117b2-d9b5-4549-92e3-8677ddfdd1c9.sorted_genome_alignments.bam,146775664,141288775,5486889,0.037382825
_1_UNCID_2028279.e0dd6dc3-dcae-478c-99f3-e060272c14ef.sorted_genome_alignments.bam,144688127,139987489,4700638,0.03248807
_1_UNCID_2028454.a475576d-57c5-41ee-bac3-a1b1b8c1305c.sorted_genome_alignments.bam,126379151,122278142,4101009,0.032450044
_1_UNCID_2029205.e2f4f6ea-e643-421e-96ec-3618bb46b91d.sorted_genome_alignments.bam,138094566,132992611,5101955,0.036945371
_1_UNCID_2031449.168e440a-b356-45c7-849c-43823703417e.sorted_genome_alignments.bam,131553173,126495192,5057981,0.038448187
_1_UNCID_2031700.b1ee7148-ddae-404a-b796-004539c02aa7.sorted_genome_alignments.bam,159955348,152163137,7792211,0.048714914
_1_UNCID_2032932.cfc3065f-652c-458b-926f-24092edb803f.sorted_genome_alignments.bam,119548819,112498049,7050770,0.058978165
_1_UNCID_2033081.70a9e739-6f24-44b7-97cc-7197097a4f83.sorted_genome_alignments.bam,166479260,160485760,5993500,0.036001482
_1_UNCID_2033471.c6312f6d-cc5f-4a05-a9de-e1063505d29b.sorted_genome_alignments.bam,121430081,117043102,4386979,0.036127613
_1_UNCID_2033686.4ad4e642-d5fc-459e-8553-bb1c9795c09d.sorted_genome_alignments.bam,140626045,135417931,5208114,0.037035202
_1_UNCID_2034165.f1106aed-99c5-4504-9297-7e4e6c722182.sorted_genome_alignments.bam,132156096,126108619,6047477,0.045760106
_1_UNCID_2034538.ed2e8014-4042-45fe-ae9d-78606344955b.sorted_genome_alignments.bam,130637907,125581225,5056682,0.038707616
_1_UNCID_2034601.a133035a-7076-4fe7-b260-f866b409aba4.sorted_genome_alignments.bam,137450000,132647055,4802945,0.034943216
_1_UNCID_2034744.ad229cea-5cac-422d-a773-370ed37152e9.sorted_genome_alignments.bam,177171515,170790478,6381037,0.036016156
_1_UNCID_2038198.e121ae32-63c2-4b13-b135-d1837fc10999.sorted_genome_alignments.bam,105459327,99790569,5668758,0.053753027
_1_UNCID_2038609.32791ace-3fb3-43cb-8f98-278ac1e18a25.sorted_genome_alignments.bam,132054467,128312583,3741884,0.028335914
_1_UNCID_2039375.922a7345-64a7-43e8-9c11-bb0bd85dd847.sorted_genome_alignments.bam,140357799,135768814,4588985,0.032694906
_1_UNCID_2043768.c3db032d-a822-4eca-8891-2c4d13a5866a.sorted_genome_alignments.bam,127039634,113984394,13055240,0.102765095
_1_UNCID_2044208.635a7c2c-7731-48c1-948d-4d7ecf05c472.sorted_genome_alignments.bam,118591555,108790513,9801042,0.082645362
_1_UNCID_2044315.96af7552-6f51-4abe-8394-b9e966a70228.sorted_genome_alignments.bam,131870547,122496261,9374286,0.071087034
_1_UNCID_2045428.041c71a0-06d5-44a5-8930-7f1dd2a638d1.sorted_genome_alignments.bam,122517864,117802776,4715088,0.038484902
_1_UNCID_2045487.d1c8d59f-1ab1-4450-8d3f-b7bc6e05cd7f.sorted_genome_alignments.bam,147619230,141807461,5811769,0.039369999
_1_UNCID_2045632.a888330c-d169-457b-b888-34aaee3957d3.sorted_genome_alignments.bam,133677859,128996315,4681544,0.035021088
_1_UNCID_2045700.c5a7673a-c45e-4789-a2c8-32889f39c102.sorted_genome_alignments.bam,128019566,122919319,5100247,0.03983959
_1_UNCID_2046051.b881706f-5ee8-43da-a691-53c036d94494.sorted_genome_alignments.bam,132986196,129047906,3938290,0.029614277
_1_UNCID_2054920.90199c77-d6ef-4a7a-b08c-28bed0c888b1.sorted_genome_alignments.bam,134550320,130486606,4063714,0.030202188
_1_UNCID_2055232.a8be2bbb-f0a6-40e6-af7a-ee9289e8ad44.sorted_genome_alignments.bam,142501547,137855389,4646158,0.032604264
_1_UNCID_2055265.5a3d8ba7-dea1-4155-9345-c542719b29f4.sorted_genome_alignments.bam,117026519,113453974,3572545,0.030527653
_1_UNCID_2055444.cc3a055a-6e86-43d1-9266-b16c172b27d6.sorted_genome_alignments.bam,147523516,143154090,4369426,0.029618505
_1_UNCID_2055506.428ca7a1-6f08-4426-8f2d-28939166df70.sorted_genome_alignments.bam,131691045,126614688,5076357,0.038547473
_1_UNCID_2061928.ac66c676-f950-4565-82ac-a9d98adbcde9.sorted_genome_alignments.bam,161966749,154313869,7652880,0.047249698
_1_UNCID_2063181.b7a68734-2faf-41d2-9338-83ebacd3f044.sorted_genome_alignments.bam,126030077,121883209,4146868,0.032903796
_1_UNCID_2063381.af593182-a2e2-4bbf-9a11-35746bf4be9e.sorted_genome_alignments.bam,149342196,142015381,7326815,0.049060582
_1_UNCID_2064653.0d7719a9-58ac-4c27-99d3-0a6321c03ef6.sorted_genome_alignments.bam,140419102,135490077,4929025,0.03510224
_1_UNCID_2066410.789b2b10-3286-44ba-af24-a8f176a51ad8.sorted_genome_alignments.bam,168602628,162474970,6127658,0.036343787
_1_UNCID_2075246.3d8fc38f-1005-47c9-adb7-62525f5ccfad.sorted_genome_alignments.bam,134268027,129930801,4337226,0.032302746
_1_UNCID_2075414.d9e4265e-0f8f-459a-915e-70fdc963668f.sorted_genome_alignments.bam,153334359,146725732,6608627,0.043099453
_1_UNCID_2075621.b9af6223-4001-41ad-adc1-be15c76d8150.sorted_genome_alignments.bam,147108838,136619725,10489113,0.071301719
_1_UNCID_2077486.ee0873f1-b89d-44ef-9aad-d40c5a8999f1.sorted_genome_alignments.bam,121737127,113454158,8282969,0.068039794
_1_UNCID_2077531.4341d180-bcb4-47e5-83b4-df5ecc4f7eec.sorted_genome_alignments.bam,114315573,110123515,4192058,0.036670927
_1_UNCID_2078068.60fc2e50-f36c-4074-879b-b5773d75a466.sorted_genome_alignments.bam,114196207,99215759,14980448,0.13118166
_1_UNCID_2081797.dff668bd-b423-4ab8-961c-93c0bc093763.sorted_genome_alignments.bam,126621582,118614217,8007365,0.063238548
_1_UNCID_2083136.a2367aee-0cd5-473e-b799-77970c0ceea3.sorted_genome_alignments.bam,117792869,113333025,4459844,0.037861749
_1_UNCID_2083783.13d4c229-cf05-4fca-a52d-798dc7894ba1.sorted_genome_alignments.bam,106245283,102687232,3558051,0.033489026
_1_UNCID_2084829.602123eb-3790-4882-b8b1-f118838d3027.sorted_genome_alignments.bam,115665522,112054093,3611429,0.031223038
_1_UNCID_2085465.658b2281-9818-48dc-846d-8cad2bae42f0.sorted_genome_alignments.bam,114966595,110364154,4602441,0.040032855
_1_UNCID_2085515.38bb0662-ec22-4b4f-9264-69957e582b33.sorted_genome_alignments.bam,71545457,69371126,2174331,0.030390902
_1_UNCID_2087163.e55857c5-0581-471c-ba7a-cd9b83afbc14.sorted_genome_alignments.bam,119118897,114543129,4575768,0.038413452
_1_UNCID_2087307.8bc81bd5-9814-4a83-b78d-6d5722a1a53d.sorted_genome_alignments.bam,125485522,121719131,3766391,0.030014546
_1_UNCID_2087690.f9cc97ae-9b1a-46fa-ab38-c46bccf84380.sorted_genome_alignments.bam,124846445,121573146,3273299,0.0262186
_1_UNCID_2088599.ce3fabfc-8842-4c41-bf9a-e1c75872c8c0.sorted_genome_alignments.bam,145240518,139826383,5414135,0.037277029
_1_UNCID_2088790.49d9e652-b4e1-4858-b21e-256c17623f50.sorted_genome_alignments.bam,178987177,173566647,5420530,0.03028446
_1_UNCID_2089085.8022301e-d815-4601-922b-027399c9d279.sorted_genome_alignments.bam,120803138,117151482,3651656,0.030228155
_1_UNCID_2089435.20da407e-268c-4a10-9d1f-751974e09067.sorted_genome_alignments.bam,123013095,119215344,3797751,0.030872738
_1_UNCID_2096680.d1b0c4db-59b7-47ac-b26f-fb14c5aac200.sorted_genome_alignments.bam,122432780,118087678,4345102,0.035489695
_1_UNCID_2096712.66770b06-2cd6-4773-b8e8-5b38faa4f5a4.sorted_genome_alignments.bam,145520771,140958980,4561791,0.03134804
_1_UNCID_2096842.ac9729e9-6565-4e11-8828-ff43b752a5b6.sorted_genome_alignments.bam,134961838,130609418,4352420,0.032249264
_1_UNCID_2097801.ed262c5b-6993-4bcf-a5f7-41c3866ddfc7.sorted_genome_alignments.bam,261809019,254321863,7487156,0.028597777
_1_UNCID_2100124.cdb1c4a5-5d21-4ab7-aeb3-e65dc5d739c6.sorted_genome_alignments.bam,118070196,113890691,4179505,0.035398476
_1_UNCID_2100445.76ba2e2d-7799-4a6c-8074-0320ad7196b6.sorted_genome_alignments.bam,172093765,165269620,6824145,0.039653645
_1_UNCID_2101089.ee589fc8-daf6-4da9-9708-f18a86b96b22.sorted_genome_alignments.bam,114860033,108998671,5861362,0.051030475
_1_UNCID_2101535.1a270e7a-4611-41ee-9bfe-c123a45049f5.sorted_genome_alignments.bam,129353310,121288254,8065056,0.06234905
_1_UNCID_2102668.621db48c-a6ba-4cd6-8c58-24a87d4b44b4.sorted_genome_alignments.bam,142965209,133530549,9434660,0.065992699
_1_UNCID_2103029.18ffe99a-7e67-4ecc-9729-5aaa6efc7fbf.sorted_genome_alignments.bam,160129633,153646654,6482979,0.040485817
_1_UNCID_2110014.d793a609-add1-4029-87fe-1e5c8cf0e173.sorted_genome_alignments.bam,168489227,150702596,17786631,0.10556539
_1_UNCID_2113822.159474f4-6c46-4f61-9ff7-06534563a45e.sorted_genome_alignments.bam,140512665,136281616,4231049,0.030111513
_1_UNCID_2113942.8aba6f2e-3772-4c3d-a3bf-3dd214c36235.sorted_genome_alignments.bam,154630458,147398629,7231829,0.046768464
_1_UNCID_2114254.ba2489c7-7b74-4495-8c3a-b6c00886d438.sorted_genome_alignments.bam,150370121,141674871,8695250,0.05782565
_1_UNCID_2114997.e3acad0b-f296-4aed-b08f-e88a3d5f9bf3.sorted_genome_alignments.bam,135927361,130532459,5394902,0.039689596
_1_UNCID_2115430.6028a290-48e8-400f-9ab6-39beda6051cd.sorted_genome_alignments.bam,90113609,80502354,9611255,0.106657087
_1_UNCID_2115513.4a0b6e3c-a167-4ca6-876b-6fb82fa8fdb6.sorted_genome_alignments.bam,101999995,98918415,3081580,0.03021157
_1_UNCID_2115650.c394bf58-ce01-4ad3-a0f7-f2c5a251356d.sorted_genome_alignments.bam,137347084,132636472,4710612,0.034297139
_1_UNCID_2120618.5db439d8-0190-4417-abf8-59b8cf25a168.sorted_genome_alignments.bam,101103205,98181035,2922170,0.028902842
_1_UNCID_2120745.1d0f2179-a8a3-4a29-ace9-b627d0338b10.sorted_genome_alignments.bam,109254777,106405392,2849385,0.026080187
_1_UNCID_2120877.327ce5b0-ebfe-42f0-a277-a730dc467831.sorted_genome_alignments.bam,131779364,125450920,6328444,0.048023027
_1_UNCID_2120945.61f2a72b-a643-4c06-bdeb-ce77d4ce9bc1.sorted_genome_alignments.bam,128151279,123555181,4596098,0.035864628
_1_UNCID_2121201.44dfb04b-bb65-43b6-98b3-b34fba958e37.sorted_genome_alignments.bam,157857757,152225411,5632346,0.035679881
_1_UNCID_2121534.f8dc8adc-22a6-4b4d-afd7-53a7c766c8cf.sorted_genome_alignments.bam,111027780,107262372,3765408,0.033914107
_1_UNCID_2121586.165b20b1-cf41-442d-b08c-03bda738830a.sorted_genome_alignments.bam,126923295,121787429,5135866,0.040464329
_1_UNCID_2121873.cad49182-6517-442a-af4a-962e110826f9.sorted_genome_alignments.bam,136131420,130589918,5541502,0.040707002
_1_UNCID_2135257.7fae0485-2028-47e3-a3e1-248257fcc02e.sorted_genome_alignments.bam,133778640,129376594,4402046,0.032905447
_1_UNCID_2135629.79922276-6e00-4f17-851f-554f52f71520.sorted_genome_alignments.bam,127608818,123506929,4101889,0.032144244
_1_UNCID_2135717.613b606c-0d1e-49ff-bd2b-30fa17b14fb6.sorted_genome_alignments.bam,112703095,109581701,3121394,0.027695726
_1_UNCID_2136578.702fd339-2f1b-4db8-8948-8a58f69f53fb.sorted_genome_alignments.bam,125738815,121537785,4201030,0.033410765
_1_UNCID_2136730.d48d8c30-082c-4cbe-a26e-db4f9652b5c2.sorted_genome_alignments.bam,119601658,114104921,5496737,0.045958702
_1_UNCID_2138027.b75312b2-f817-4bcd-a334-4639e3a0dba6.sorted_genome_alignments.bam,139821127,135684980,4136147,0.029581703
_1_UNCID_2139948.275381ab-7622-430a-8405-f849e6109e6f.sorted_genome_alignments.bam,131730862,126734355,4996507,0.037929661
_1_UNCID_2140005.9e1ca236-58c8-46bd-adca-241462b17a91.sorted_genome_alignments.bam,143959624,138216549,5743075,0.039893651
_1_UNCID_2143482.cfa39c30-f619-4cf8-8460-31d5e5a3b3ba.sorted_genome_alignments.bam,60187003,57763541,2423462,0.040265537
_1_UNCID_2144143.6991a561-ff49-4546-9bc7-74cca88916ae.sorted_genome_alignments.bam,90478650,87208385,3270265,0.036144052
_1_UNCID_2144833.68b2e310-e0a0-4867-b9cf-69b43cbdabce.sorted_genome_alignments.bam,154739275,149837041,4902234,0.031680606
_1_UNCID_2144956.39336e11-24de-43be-913a-c764310d1eee.sorted_genome_alignments.bam,142179575,137482321,4697254,0.033037474
_1_UNCID_2145822.59eb3b91-d706-45de-9bbe-92b32629c58c.sorted_genome_alignments.bam,164240342,158375183,5865159,0.03571083
_1_UNCID_2146603.3b07667b-295b-41c9-a3b7-28ebb409fef1.sorted_genome_alignments.bam,143104910,139204341,3900569,0.02725671
_1_UNCID_2147208.6f7cf94c-44f1-4ad0-816b-6100e53ea887.sorted_genome_alignments.bam,138384154,133126351,5257803,0.037994256
_1_UNCID_2152357.cdb932bf-d02c-4c3c-9e71-22eb12623977.sorted_genome_alignments.bam,123231072,118550847,4680225,0.037979261
_1_UNCID_2152515.0b2f7f33-54eb-4f55-8e46-8ba8ec2cbc46.sorted_genome_alignments.bam,123410423,119564235,3846188,0.031165828
_1_UNCID_2152696.44c5a1b9-e7e0-41ae-85e2-d1f05915ce3c.sorted_genome_alignments.bam,149381179,144335214,5045965,0.033779122
_1_UNCID_2157042.92e94724-a03e-4b58-91b2-f309ab8dc943.sorted_genome_alignments.bam,169966449,164187408,5779041,0.034001069
_1_UNCID_2157174.b7290db7-112b-494e-80f7-bb05860f6c7e.sorted_genome_alignments.bam,183030414,177952764,5077650,0.027742111
_1_UNCID_2159430.c2ea4b59-2525-4c6c-a46a-a8d0bdeef9f3.sorted_genome_alignments.bam,120104412,113529178,6575234,0.054745982
_1_UNCID_2162321.e8483323-cee6-48ca-bc8d-e7b2f9e0707b.sorted_genome_alignments.bam,143325252,128299054,15026198,0.104839851
_1_UNCID_2162439.a35b6840-486a-4384-a714-48f1c4fe4f04.sorted_genome_alignments.bam,95465077,74554545,20910532,0.21903855
_1_UNCID_2166269.05173547-1e4d-4a6d-ac36-9aaa92488a73.sorted_genome_alignments.bam,144412207,133832561,10579646,0.073260053
_1_UNCID_2172094.1b57a251-d1ee-4635-b3f8-8109ddbabf7d.sorted_genome_alignments.bam,117382542,109972453,7410089,0.063127692
_1_UNCID_2172298.d6c9e56e-c040-40ff-a71b-74bd4a2d431c.sorted_genome_alignments.bam,163915753,157885168,6030585,0.036790759
_1_UNCID_2172485.631b5e57-557b-48d1-a263-5c1b456e73b2.sorted_genome_alignments.bam,166180226,159814332,6365894,0.038307169
_1_UNCID_2172835.97ce2468-dfb0-41c5-903c-577728feff95.sorted_genome_alignments.bam,159393001,153567397,5825604,0.036548681
_1_UNCID_2173180.894b867a-591d-4d05-b008-db1a90b18a60.sorted_genome_alignments.bam,149289577,141947516,7342061,0.049179997
_1_UNCID_2173211.43a88718-f528-4d0b-88e6-f2ade6854c53.sorted_genome_alignments.bam,134249152,127247219,7001933,0.052156255
_1_UNCID_2176601.1323e58e-5e3f-459a-99ff-e7a6748d3d77.sorted_genome_alignments.bam,162519696,154094021,8425675,0.051844024
_1_UNCID_2177194.9fe289f4-0f5f-4d72-935c-4fb3f44fa91a.sorted_genome_alignments.bam,150058247,118109424,31948823,0.212909478
_1_UNCID_2191715.5bd733ff-70b7-4ddb-aa98-61bb8135763f.sorted_genome_alignments.bam,140079031,134950527,5128504,0.036611504
_1_UNCID_2191848.f5c72291-4c3f-456f-97a3-d93878744b54.sorted_genome_alignments.bam,141879705,134061733,7817972,0.055102821
_1_UNCID_2191919.84dff8b1-e381-4f41-a05c-04524aca78b3.sorted_genome_alignments.bam,158211909,151295967,6915942,0.043713157
_1_UNCID_2191931.c6930a35-3476-46a0-adde-da76ee758390.sorted_genome_alignments.bam,154411621,148287138,6124483,0.039663355
_1_UNCID_2192030.f6788ba9-322e-49b0-93e4-f1b451f2a985.sorted_genome_alignments.bam,149108105,142222516,6885589,0.046178503
_1_UNCID_2192319.95db81b0-d9e6-4cbf-b13f-7c1b92c26484.sorted_genome_alignments.bam,184415760,175328007,9087753,0.049278614
_1_UNCID_2193887.978a0c93-bd16-46a9-abfa-3875885aa873.sorted_genome_alignments.bam,179879455,172063904,7815551,0.043448825
_1_UNCID_2194464.5837b10d-8c02-4d07-9763-8a4f32e294fc.sorted_genome_alignments.bam,169135845,160890022,8245823,0.048752664
_1_UNCID_2194840.12c36b7c-f302-4cea-bb4f-5a01211e00e9.sorted_genome_alignments.bam,195820026,186811592,9008434,0.04600364
_1_UNCID_2194904.bbd01868-6fc1-42e7-b375-f0ac1a54a43c.sorted_genome_alignments.bam,135696087,129460053,6236034,0.045955887
_1_UNCID_2195091.28b805ba-baf4-4f8b-9cc2-afa64b286cae.sorted_genome_alignments.bam,141611111,134307185,7303926,0.051577351
_1_UNCID_2195110.94b8cbb1-6de6-41cb-a72d-afb71c226ddc.sorted_genome_alignments.bam,142550580,124329152,18221428,0.127824299
_1_UNCID_2196686.b19f2e13-dbd8-4c99-a380-50f423efdb1f.sorted_genome_alignments.bam,127968943,123708926,4260017,0.03328946
_1_UNCID_2197108.de1e3b30-f266-466c-919c-719e1284cbae.sorted_genome_alignments.bam,142265713,138983576,3282137,0.023070471
_1_UNCID_2197186.d9671d1d-eba7-4421-b086-d0105db3d654.sorted_genome_alignments.bam,172691203,168368761,4322442,0.025029891
_1_UNCID_2197327.4bd96ac4-c448-4a08-b955-fa7d721a4c43.sorted_genome_alignments.bam,133666734,129671800,3994934,0.029887272
_1_UNCID_2198839.cc2146d0-356a-4fe2-92c4-a9437066c17c.sorted_genome_alignments.bam,127205489,123216743,3988746,0.031356713
_1_UNCID_2199227.aceec37c-273e-44da-8f26-78769d4ad0a2.sorted_genome_alignments.bam,129081175,125293459,3787716,0.029343675
_1_UNCID_2199304.918b2ee5-9464-4c41-bd7b-5e2023369336.sorted_genome_alignments.bam,131260800,127641480,3619320,0.027573503
_1_UNCID_2199621.0c2f310b-fa59-4f6f-894a-dad920214004.sorted_genome_alignments.bam,149845790,146320353,3525437,0.023527101
_1_UNCID_2200046.682a10fe-c5d5-4180-82c5-871fb0c746b7.sorted_genome_alignments.bam,125481856,120924996,4556860,0.036314892
_1_UNCID_2200141.fa54a53c-dbec-4d0b-9cad-97d260220427.sorted_genome_alignments.bam,143988928,139632961,4355967,0.030252097
_1_UNCID_2200388.42e29d02-5e77-43db-99cc-28a7528e3bc4.sorted_genome_alignments.bam,133785409,129130444,4654965,0.034794265
_1_UNCID_2201602.5470bc52-157f-4f5a-906c-ecdb76adbe1d.sorted_genome_alignments.bam,125058897,117595265,7463632,0.059680936
_1_UNCID_2201622.35b14152-9bce-46e6-b019-9a5f3fcd39e4.sorted_genome_alignments.bam,142887166,134387379,8499787,0.059486007
_1_UNCID_2201719.4d96d00b-92bf-4803-af0c-1114fefff985.sorted_genome_alignments.bam,134269877,130630610,3639267,0.027104121
_1_UNCID_2202502.8ffd73aa-e354-4b10-ab5a-924ba17de6f8.sorted_genome_alignments.bam,152759762,142967527,9792235,0.064102188
_1_UNCID_2202765.eee78dec-0b18-48ea-a793-56dd12dc3d3f.sorted_genome_alignments.bam,155955895,151544293,4411602,0.028287498
_1_UNCID_2207559.1c56c507-a52a-4d92-9c99-45d4fca1227d.sorted_genome_alignments.bam,110119029,106360993,3758036,0.034127035
_1_UNCID_2207602.f4348174-cbab-4cee-ada4-1af9a74a54b6.sorted_genome_alignments.bam,107287022,104111209,3175813,0.029601092
_1_UNCID_2207615.4734a6ac-072f-49a1-a71e-511b2ea1379c.sorted_genome_alignments.bam,128714868,124974532,3740336,0.029059083
_1_UNCID_2207709.955f96ed-4e08-4e20-8f6e-ae48c69c9538.sorted_genome_alignments.bam,139292062,135288392,4003670,0.028742988
_1_UNCID_2207861.3b0a96b3-d04d-43b6-8942-43e61e4e972c.sorted_genome_alignments.bam,151242483,147596578,3645905,0.024106355
_1_UNCID_2208264.561c16c8-aee4-4b58-8cf7-c7f583994c99.sorted_genome_alignments.bam,181049801,174391759,6658042,0.036774644
_1_UNCID_2208691.95832411-6737-427c-a31b-c05eed122861.sorted_genome_alignments.bam,97677467,94669919,3007548,0.030790602
_1_UNCID_2208725.bf937849-d6f2-45e2-85c3-5e1f8b74daa7.sorted_genome_alignments.bam,94401169,91031541,3369628,0.03569477
_1_UNCID_2208737.be02b9cb-0788-47d7-8ffd-d5ec3c73b801.sorted_genome_alignments.bam,112978653,105930493,7048160,0.062384883
_1_UNCID_2208802.96151de8-daec-4622-b1fe-639c452050b6.sorted_genome_alignments.bam,96930772,91564366,5366406,0.055363285
_1_UNCID_2208838.3a506fcf-a545-44de-978b-acb98eb596f6.sorted_genome_alignments.bam,103370422,99830949,3539473,0.034240675
_1_UNCID_2208894.0533a544-e28c-4629-9748-cb35dfc68f5b.sorted_genome_alignments.bam,108775990,99417361,9358629,0.086035797
_1_UNCID_2214812.2b22fd4d-014d-441f-a4d3-1502f03e931c.sorted_genome_alignments.bam,121699504,116847479,4852025,0.039868897
_1_UNCID_2214863.1fa23ae6-21a9-42f5-82f2-329417aed225.sorted_genome_alignments.bam,127850677,119676790,8173887,0.063933076
_1_UNCID_2215015.daf79c8a-16b5-4d69-aaad-93d25ddcaac4.sorted_genome_alignments.bam,134156206,128873845,5282361,0.039374705
_1_UNCID_2215153.b6ac852c-a2ba-4ac5-a364-6cedd7ffac49.sorted_genome_alignments.bam,112229534,106219260,6010274,0.053553408
_1_UNCID_2215697.5288e310-1d21-4a55-9e20-196749059d9d.sorted_genome_alignments.bam,151425977,144930273,6495704,0.042896893
_1_UNCID_2215711.b968551d-6bca-4ebb-b16c-b25132be0965.sorted_genome_alignments.bam,158686394,152284504,6401890,0.04034303
_1_UNCID_2217244.c1101cac-e120-44ea-aa0f-d70f7bf4f837.sorted_genome_alignments.bam,141978612,135341987,6636625,0.046743836
_1_UNCID_2217507.d2853a6d-4853-42cc-9f5e-9cf057095dcf.sorted_genome_alignments.bam,115741131,111678769,4062362,0.035098689
_1_UNCID_2217773.52925e7c-35c6-405c-982d-28a8a5ce1201.sorted_genome_alignments.bam,156023545,149198014,6825531,0.043746801
_1_UNCID_2221552.8adec7c9-1c95-419b-9876-a3f9d068d392.sorted_genome_alignments.bam,114862998,110070361,4792637,0.041724812
_1_UNCID_2221868.40024e0a-a264-4dd8-9138-9a468b9c12ca.sorted_genome_alignments.bam,124023782,114545472,9478310,0.076423327
_1_UNCID_2222034.6fbec533-7f89-4d12-b04c-cf92942c3f33.sorted_genome_alignments.bam,127158423,116425414,10733009,0.084406591
_1_UNCID_2223321.6b96fce2-199f-463c-982e-4ed8179ddd90.sorted_genome_alignments.bam,131131819,123230720,7901099,0.060253103
_1_UNCID_2223520.1643e566-9e21-4231-85bf-a663df99119c.sorted_genome_alignments.bam,136368038,132618226,3749812,0.027497734
_1_UNCID_2223881.9e8f4ed7-78c0-436a-9333-5fb281fda266.sorted_genome_alignments.bam,200674189,194496228,6177961,0.030786027
_1_UNCID_2224091.f11c2ee8-9bf1-4a41-b154-7fb31af15298.sorted_genome_alignments.bam,107027598,92013163,15014435,0.140285639
_1_UNCID_2224152.49a33b4d-4b1e-4b30-b0ba-a7c7d594db41.sorted_genome_alignments.bam,149776027,139695732,10080295,0.06730246
_1_UNCID_2226530.6df846f2-9a09-4fdb-adbf-a57f51b45b32.sorted_genome_alignments.bam,120394182,113110827,7283355,0.060495905
_1_UNCID_2226728.44f905d0-bc1d-4949-92b6-081732922f86.sorted_genome_alignments.bam,130485974,116852032,13633942,0.104485881
_1_UNCID_2226738.2f92a836-af62-4c9f-88b3-a7715faf1b4d.sorted_genome_alignments.bam,125287701,118398272,6889429,0.054988869
_1_UNCID_2227001.fc806364-a970-42e5-bd0b-d103ac437221.sorted_genome_alignments.bam,120512376,112857661,7654715,0.063518082
_1_UNCID_2231605.c87fa518-41c5-417a-88ac-0b300f1a8732.sorted_genome_alignments.bam,77680571,75397181,2283390,0.029394609
_1_UNCID_2232273.227c6e50-7801-4fb6-91d3-eda4313024bb.sorted_genome_alignments.bam,155374126,150945900,4428226,0.028500408
_1_UNCID_2232403.c1ce17a6-3e8b-41b7-97bc-9213b352ce84.sorted_genome_alignments.bam,171136404,166904431,4231973,0.024728654
_1_UNCID_2233867.4bcf4c7b-dd71-45dd-9bb3-21a65b4d65ac.sorted_genome_alignments.bam,177601728,169106466,8495262,0.047833217
_1_UNCID_2234488.3648cb64-1da6-455b-8259-95574dde606f.sorted_genome_alignments.bam,149321965,144801511,4520454,0.030273202
_1_UNCID_2244738.74b2fff7-243f-4eb5-9c67-2ab77b3ca059.sorted_genome_alignments.bam,103766302,100015722,3750580,0.036144489
_1_UNCID_2244903.c564836c-e7fd-48cc-8896-7d18028039f7.sorted_genome_alignments.bam,143827996,139944972,3883024,0.026997692
_1_UNCID_2245199.265dd9bb-8b5e-4cad-a43e-f21ae0953f22.sorted_genome_alignments.bam,133710642,129566280,4144362,0.030995005
_1_UNCID_2245620.9bf3daf6-37b4-4dea-92e9-6ed6e54f69f6.sorted_genome_alignments.bam,174447612,170047812,4399800,0.025221325
_1_UNCID_2246125.5e38ec7f-6d2a-4e9c-98ee-fc00832d2aeb.sorted_genome_alignments.bam,178541743,174197658,4344085,0.024330921
_1_UNCID_2247688.5abdff9b-a6a9-4564-9ac3-98a563f65fe6.sorted_genome_alignments.bam,148351343,144031929,4319414,0.02911611
_1_UNCID_2247812.7b08f556-fe8b-42bc-9127-9881403170e8.sorted_genome_alignments.bam,135754195,129642428,6111767,0.045020833
_1_UNCID_2248012.9ec15bb0-29a1-4285-8d6b-f9e5fa1b5126.sorted_genome_alignments.bam,126946392,121728390,5218002,0.04110398
_1_UNCID_2248094.38755f31-a099-45fa-bb17-d78773e405ca.sorted_genome_alignments.bam,152714113,147603499,5110614,0.033465237
_1_UNCID_2248420.9d5cd723-da40-47ce-a413-20057593905d.sorted_genome_alignments.bam,194407701,188973933,5433768,0.027950374
_1_UNCID_2248621.ff7431a9-243a-4651-80bb-096379925bbe.sorted_genome_alignments.bam,169421490,162638248,6783242,0.040037672
_1_UNCID_2250735.5a2bb92e-0429-42c3-90af-816fff63e202.sorted_genome_alignments.bam,144212541,138322305,5890236,0.040844132
_1_UNCID_2251762.f992d081-e919-4f45-9c43-70a3de5d51f9.sorted_genome_alignments.bam,209744271,203368973,6375298,0.030395576
_1_UNCID_2251951.424af09f-832e-46ee-967d-d4113f0078b6.sorted_genome_alignments.bam,273690092,266363151,7326941,0.02677094
_1_UNCID_2251999.40d7a5eb-3372-4665-b3fd-005cadab9139.sorted_genome_alignments.bam,209415260,200772850,8642410,0.041269247
_1_UNCID_2253515.a3f81069-d0a9-49af-bd22-24c6142241b6.sorted_genome_alignments.bam,104916185,101306658,3609527,0.03440391
_1_UNCID_2253609.b2ae2c3b-87c2-47e1-9d66-ae23a3f83919.sorted_genome_alignments.bam,112060681,108274031,3786650,0.033791067
_1_UNCID_2253853.a21c9103-6289-40c6-b6a1-5a87c039dbbc.sorted_genome_alignments.bam,123531968,119159842,4372126,0.035392669
_1_UNCID_2253910.e9e998be-4353-441e-83ec-d8c010b0dc79.sorted_genome_alignments.bam,133747869,129887628,3860241,0.028862075
_1_UNCID_2253948.331785a5-59ba-441f-81dc-384d7f80905b.sorted_genome_alignments.bam,123861185,120071954,3789231,0.030592562
_1_UNCID_2266684.329903de-677b-453d-a2be-00f59bc22184.sorted_genome_alignments.bam,134673858,129712393,4961465,0.036840595
_1_UNCID_2266846.e2dbf718-1895-4749-b0aa-5fd8acc2f9bc.sorted_genome_alignments.bam,150460641,145232552,5228089,0.03474722
_1_UNCID_2267184.265c0257-54b6-4b79-8c9a-d56ca8bbdb48.sorted_genome_alignments.bam,194040760,187497049,6543711,0.033723384
_1_UNCID_2268947.58e03221-6257-4bf1-984f-ee7a92418c13.sorted_genome_alignments.bam,162271835,156450231,5821604,0.035875628
_1_UNCID_2269118.ede9effc-6462-4ecc-9be3-2ec0bb4d7c2f.sorted_genome_alignments.bam,244526060,234961809,9564251,0.039113422
_1_UNCID_2271019.059686a6-baf9-4609-a26f-2d0fa3b7a685.sorted_genome_alignments.bam,129902765,125454948,4447817,0.034239587
_1_UNCID_2271047.a4d5d968-7d95-4f41-b0ce-b2dcc9a073ea.sorted_genome_alignments.bam,132486246,127248248,5237998,0.039536164
_1_UNCID_2271365.05b85bc7-87db-49bb-85cf-e494554ab191.sorted_genome_alignments.bam,158204690,152455133,5749557,0.036342519
_1_UNCID_2271564.bc32671c-a95d-4a44-a42a-dcc617cf68f1.sorted_genome_alignments.bam,202989128,195048701,7940427,0.039117499
_1_UNCID_2273532.ff504261-6803-4f5f-920c-7e82fa5ac9e3.sorted_genome_alignments.bam,106582185,99514110,7068075,0.066315726
_1_UNCID_2273730.97e6f1c1-f080-4b0d-b53e-17282379ec92.sorted_genome_alignments.bam,191300665,172470248,18830417,0.09843362
_1_UNCID_2275587.4b5b01c8-6080-4354-af1d-20035f19f9fd.sorted_genome_alignments.bam,251936938,223993807,27943131,0.110913196
_1_UNCID_2275903.5783ffe1-9d1f-4a51-9099-f1c74cbecc76.sorted_genome_alignments.bam,246445028,224160793,22284235,0.090422741
_1_UNCID_2276224.f523f957-9d71-49a4-8c2d-b6a1301f49ed.sorted_genome_alignments.bam,127504272,121548167,5956105,0.046712984
_1_UNCID_2276497.c5284e5c-9566-4248-a168-362eb039ffe7.sorted_genome_alignments.bam,148740941,142052008,6688933,0.044970356
_1_UNCID_2277852.46bc5230-2912-4e5e-a5c0-7a2f5aa6b682.sorted_genome_alignments.bam,122659875,113552617,9107258,0.074248062
_1_UNCID_2278704.c0393618-b453-496b-b53b-c774054f9238.sorted_genome_alignments.bam,199513853,192440295,7073558,0.035453969
_1_UNCID_2278969.5f7fa5f2-7ba5-47ba-8748-68caf2d08950.sorted_genome_alignments.bam,250405196,235984897,14420299,0.057587859
_1_UNCID_2278974.406d5669-f183-45eb-9a5c-df6fe081d1fe.sorted_genome_alignments.bam,250339614,241073473,9266141,0.037014282
_1_UNCID_2279025.7ee68b4e-e81d-438d-97b2-d89fe7405a74.sorted_genome_alignments.bam,255662970,243038335,12624635,0.04937999
_1_UNCID_2279079.8a59f553-05f9-4f5e-bb4e-2b119e6af0e5.sorted_genome_alignments.bam,229353504,193655399,35698105,0.155646652
_1_UNCID_2279131.00683b30-d386-48a8-ad29-4f4698864c66.sorted_genome_alignments.bam,210577043,200163410,10413633,0.049452841
_1_UNCID_2279132.bfc09e68-6bea-41d3-be16-5691731c5b69.sorted_genome_alignments.bam,215808882,207351582,8457300,0.039188841
_1_UNCID_2281141.ca1b7ca7-5c8b-442d-ab3d-29bd16de1229.sorted_genome_alignments.bam,114926370,109867293,5059077,0.044020158
_1_UNCID_2281185.314e00aa-9786-4634-a845-45860853daa9.sorted_genome_alignments.bam,129506150,124419689,5086461,0.039275826
_1_UNCID_2281343.773d237c-995c-4e0b-aaf1-3b78763ae704.sorted_genome_alignments.bam,149047257,138146101,10901156,0.073138924
_1_UNCID_2281484.9cfe7287-c1aa-4fc0-8d4f-dc72655b2810.sorted_genome_alignments.bam,149636317,143886329,5749988,0.03842642
_1_UNCID_2282998.bf92b8cc-9a5c-4e96-917c-c264fe588f8d.sorted_genome_alignments.bam,155811825,148663405,7148420,0.045878546
_1_UNCID_2283356.323b6c3b-a058-4bea-a4fa-38752f26ca6c.sorted_genome_alignments.bam,189676768,183799644,5877124,0.030984944
_1_UNCID_2296579.fa83e8b5-f08b-4453-987e-b7e0d0b3dd65.sorted_genome_alignments.bam,252118711,244396813,7721898,0.030628024
_1_UNCID_2303184.83393025-bd1c-430a-8438-fe8e79ae9dc5.sorted_genome_alignments.bam,170980910,165373549,5607361,0.032795246
_1_UNCID_2303561.fceb1551-4b16-45de-8ba0-7906aa3fe841.sorted_genome_alignments.bam,194413657,187655772,6757885,0.034760341
_1_UNCID_2305651.f6660fcd-6277-4eb7-8135-5aea56fedd7c.sorted_genome_alignments.bam,128112746,119362923,8749823,0.068297834
_1_UNCID_2305674.1fbb2486-5c98-42af-a8b7-3c771a30702c.sorted_genome_alignments.bam,120673836,111528833,9145003,0.075782815
_1_UNCID_2306208.785bc0fb-25a2-4f44-a897-685faec6f2eb.sorted_genome_alignments.bam,150057714,144325173,5732541,0.038202241
_1_UNCID_2307029.5d19bc28-408e-4dc6-bc4b-95b28fa0dddc.sorted_genome_alignments.bam,131471010,125114315,6356695,0.048350545
_1_UNCID_2307298.8038ffb4-38d5-437a-9457-4943c0202a8a.sorted_genome_alignments.bam,152025155,140850405,11174750,0.073505927
_1_UNCID_2307359.69b30673-9ec0-4c05-b75c-12bcb1f7268f.sorted_genome_alignments.bam,179524798,171267391,8257407,0.045995913
_1_UNCID_2307384.cb8ca883-8695-48c3-9ab4-2f3a84e562ef.sorted_genome_alignments.bam,133526453,126860402,6666051,0.049923074
_1_UNCID_2308919.f5bb6d6f-70b2-495b-9638-2527ba6b8aa1.sorted_genome_alignments.bam,146039069,138610285,7428784,0.05086847
_1_UNCID_2310113.2bcd9fc6-533c-4de0-99a4-a1bc98f322b0.sorted_genome_alignments.bam,99470578,96251002,3219576,0.032367119
_1_UNCID_2310667.34d35700-4cb9-4d28-a3f3-93a8e784714d.sorted_genome_alignments.bam,177258391,171299389,5959002,0.033617602
_1_UNCID_2314230.0ec4c319-53cc-41d8-8a80-210462506a28.sorted_genome_alignments.bam,114342352,105912379,8429973,0.073725727
_1_UNCID_2314384.94399af6-33b3-4622-a5b1-d2e446061980.sorted_genome_alignments.bam,144863819,139034627,5829192,0.040239116
_1_UNCID_2315486.5cb12edf-25a1-40f6-831a-5fb1f56676e1.sorted_genome_alignments.bam,152880271,147000015,5880256,0.038463145
_1_UNCID_2316004.a221ced7-2d41-402a-b066-b1b3d7750fab.sorted_genome_alignments.bam,134587712,129332765,5254947,0.039044775
_1_UNCID_2316201.cea2838e-aee1-4e60-a2a8-95f64a3004e3.sorted_genome_alignments.bam,159840637,153454096,6386541,0.039955678
_1_UNCID_2322203.041bbea8-d1fe-4f96-be85-67a95e651044.sorted_genome_alignments.bam,134265500,128044320,6221180,0.046334911
_1_UNCID_2322827.f3b04f74-8565-45f4-8a14-c0400c954ac4.sorted_genome_alignments.bam,170082663,162480242,7602421,0.044698389
_1_UNCID_2322874.a661f07b-e207-4221-b9f2-a5704be3650b.sorted_genome_alignments.bam,196808448,188229981,8578467,0.0435879
_1_UNCID_2324048.e9c00f20-f657-4322-8294-d71ee0469c76.sorted_genome_alignments.bam,108350657,90364095,17986562,0.166003257
_1_UNCID_2324098.75aa1caf-bfa3-4365-a066-31a968ad3d9b.sorted_genome_alignments.bam,118406657,110252004,8154653,0.068869886
_1_UNCID_2324987.08199c9b-9dc5-4f59-a1b8-324bd0a5f7c3.sorted_genome_alignments.bam,181656670,173014059,8642611,0.047576624
_1_UNCID_2325467.d8e252a9-d0a7-4c62-a0ab-3631df93f0e5.sorted_genome_alignments.bam,148156876,138840196,9316680,0.062883885
_1_UNCID_2326304.89b94310-c189-405f-8d43-5c52922f2eea.sorted_genome_alignments.bam,172251212,166652433,5598779,0.032503568
_1_UNCID_2326787.811d94b6-2802-44ff-915f-7344886d93bb.sorted_genome_alignments.bam,156921861,149288714,7633147,0.04864298
_1_UNCID_2330052.5c27c4d4-b3e7-4e44-a2c4-764b665d1bc0.sorted_genome_alignments.bam,118202540,113167745,5034795,0.042594643
_1_UNCID_2330211.cf481f1e-9bb2-4682-ac16-31b0db7f444e.sorted_genome_alignments.bam,109021484,102819689,6201795,0.05688599
_1_UNCID_2330436.d071f7d9-cc1c-4b7d-8555-b8aab5730bb6.sorted_genome_alignments.bam,152829241,142361048,10468193,0.068496009
_1_UNCID_2330855.02221ced-8f59-4a00-ae01-6096648b34fc.sorted_genome_alignments.bam,187330373,179441354,7889019,0.042112867
_1_UNCID_2331929.21409174-cb24-46a1-9228-a89d1ba65643.sorted_genome_alignments.bam,143390264,134525800,8864464,0.061820543
_1_UNCID_2331961.8bd3266c-43d0-46d0-bbf9-19050864f11d.sorted_genome_alignments.bam,145408360,137040466,8367894,0.057547544
_1_UNCID_2333645.b44ca533-fb1e-4f34-b85c-a8b47f972332.sorted_genome_alignments.bam,119315418,97689707,21625711,0.181248252
_1_UNCID_2333720.76a648cc-8673-478f-a2f5-c0830378f1e4.sorted_genome_alignments.bam,145903058,139863025,6040033,0.041397576
_1_UNCID_2333894.6c13f651-a7da-46b9-b422-7fa8f314b901.sorted_genome_alignments.bam,168249861,161811323,6438538,0.038267717
_1_UNCID_2333930.44347235-2162-41f1-892e-1cf85f157ece.sorted_genome_alignments.bam,162602868,155509288,7093580,0.043625184
_1_UNCID_2334671.2ad4f620-2c9a-4bc0-a24d-fddfee88ba32.sorted_genome_alignments.bam,176555955,166606699,9949256,0.056351857
_1_UNCID_2334764.65d83a07-9c2e-4033-a1c0-65125af90793.sorted_genome_alignments.bam,151970470,145212155,6758315,0.044471238
_1_UNCID_2339486.e53c6e65-37e8-4523-b336-d1bc89381a80.sorted_genome_alignments.bam,150828058,144144720,6683338,0.044310973
_1_UNCID_2339651.abec519f-1747-400d-944d-7e53d12d6dea.sorted_genome_alignments.bam,183991854,176793123,7198731,0.03912527
_1_UNCID_2340231.1073a603-5546-48b8-b6aa-9a16f909547b.sorted_genome_alignments.bam,146863914,129895120,16968794,0.115540935
_1_UNCID_2346444.5db0c888-986f-4a3e-af64-c15ad413e14d.sorted_genome_alignments.bam,148358281,138599418,9758863,0.065779024
_1_UNCID_2346972.227414c4-de4e-4f7a-8940-0c2df8f38344.sorted_genome_alignments.bam,110476476,99608301,10868175,0.098375468
_1_UNCID_2347224.60639da6-4bbf-4285-b986-6ff31650ac45.sorted_genome_alignments.bam,134756781,126492453,8264328,0.061327734
_1_UNCID_2347880.91c99cc3-23be-4cde-8a24-695d5ba5a1d8.sorted_genome_alignments.bam,177774031,170171612,7602419,0.042764508
_1_UNCID_2347955.7dca9b4f-3310-40a9-8abe-5ea72d04265c.sorted_genome_alignments.bam,191959511,181398146,10561365,0.055018712
_1_UNCID_2349377.2485d73e-282b-4049-9d1c-7a5f020a4348.sorted_genome_alignments.bam,189160690,183179180,5981510,0.031621316
_1_UNCID_2349384.7b1862eb-f21c-4ef4-93c5-e81e353bf5a2.sorted_genome_alignments.bam,122410239,109782474,12627765,0.103159385
_1_UNCID_2349730.33849579-965e-47e7-8fbe-016db46b3d77.sorted_genome_alignments.bam,140522889,130799586,9723303,0.069193731
_1_UNCID_2350470.aa0da5cf-b997-4e3e-83eb-b01e7488b714.sorted_genome_alignments.bam,159537698,151368131,8169567,0.051207753
_1_UNCID_2350564.569343fd-89ab-4f06-a7e6-6312ac306dc8.sorted_genome_alignments.bam,169642939,161922273,7720666,0.045511272
_1_UNCID_2352160.738ae7fd-6fa8-4aa4-b01f-34a519dc279f.sorted_genome_alignments.bam,161866598,154711286,7155312,0.044204994
_1_UNCID_2353832.afe373b9-f1c1-412d-9506-091749d47534.sorted_genome_alignments.bam,112920595,100911890,12008705,0.106346455
_1_UNCID_2355051.a4930af3-d4d3-4b2d-85e8-580aab3be266.sorted_genome_alignments.bam,120381340,111292408,9088932,0.07550117
_1_UNCID_2355052.3bf80885-2228-4f74-8a56-88114fcc17c0.sorted_genome_alignments.bam,103542497,99275829,4266668,0.041206926
_1_UNCID_2357635.b7b762cd-ac84-4ced-a058-36f8a9468b21.sorted_genome_alignments.bam,127578848,121032733,6546115,0.051310347
_1_UNCID_2357700.e8900d00-89cd-43b6-8806-1693c33c8499.sorted_genome_alignments.bam,135172803,126452235,8720568,0.06451422
_1_UNCID_2357764.21363134-c998-4af5-8052-59fa30f18176.sorted_genome_alignments.bam,172219533,163306662,8912871,0.051752962
_1_UNCID_2357832.28107f81-2e82-4bc9-99e4-f1b24444c811.sorted_genome_alignments.bam,128016274,122139895,5876379,0.045903375
_1_UNCID_2357916.a6976ea0-4858-4432-85f2-33a18784b499.sorted_genome_alignments.bam,177987896,168409331,9578565,0.053815822
_1_UNCID_2362086.a02050d3-7dd0-4c74-afe4-54835d396984.sorted_genome_alignments.bam,154485007,150106532,4378475,0.028342394
_1_UNCID_2362192.9a738f7b-2a84-47af-bba4-b79a945872e2.sorted_genome_alignments.bam,143684901,134883234,8801667,0.061256729
_1_UNCID_2362439.9a429f7d-2445-468f-b5e4-cb8ea5059ff2.sorted_genome_alignments.bam,127222329,118935966,8286363,0.06513293
_1_UNCID_2362442.5e413540-8945-45ce-a033-8901ee56eb7d.sorted_genome_alignments.bam,152937725,147995140,4942585,0.032317631
_1_UNCID_2363756.79cbef95-e0ce-40bd-8c93-5d2383ad4cbe.sorted_genome_alignments.bam,84645278,77834586,6810692,0.08046157
_1_UNCID_2364376.a9efcdd6-eb6e-40c9-9bc2-0297d1ec8f6b.sorted_genome_alignments.bam,226991891,210608911,16382980,0.072174296
_1_UNCID_2366728.734756ba-8004-4b24-837a-75f326d1df08.sorted_genome_alignments.bam,131111099,127013993,4097106,0.031249116
_1_UNCID_2366790.2addf84e-ba23-45e5-beb1-99a8217d3c30.sorted_genome_alignments.bam,133597695,127819083,5778612,0.04325383
_1_UNCID_2366862.274eebbb-f481-4c6b-bae3-da27efdef3d5.sorted_genome_alignments.bam,139645868,133825701,5820167,0.041678047
_1_UNCID_2366898.0275d061-9d9e-4f3e-9fcd-44566dd9ccd9.sorted_genome_alignments.bam,131525216,126462210,5063006,0.038494565
_1_UNCID_2367037.270574c4-6a67-4639-9fd8-7734044ac317.sorted_genome_alignments.bam,128867594,124192746,4674848,0.036276366
_1_UNCID_2367069.57cb9b37-a93a-4b21-bac5-e588e56612b4.sorted_genome_alignments.bam,140922084,136372833,4549251,0.03228203
_1_UNCID_2367168.d2589a77-5a81-4e9b-8ca8-5adebb259b54.sorted_genome_alignments.bam,163869754,158414871,5454883,0.033287918
_1_UNCID_2367239.534e617a-bcbe-4e5e-b4e9-4b979f6dfa54.sorted_genome_alignments.bam,125093754,119661543,5432211,0.043425118
_1_UNCID_2369341.9393f6bc-5b3c-4cad-8141-8076f9d4ffce.sorted_genome_alignments.bam,117156089,106507028,10649061,0.090896351
_1_UNCID_2369726.62120496-0ec0-445b-8cf7-5335dc6eb2ae.sorted_genome_alignments.bam,163556233,157320969,6235264,0.038123059
_1_UNCID_2369751.15419dae-0aa7-437b-8508-1078b88552fc.sorted_genome_alignments.bam,151612989,141596983,10016006,0.066062981
_1_UNCID_2369842.41ef5f02-a15e-4d02-90a5-474f1de0659f.sorted_genome_alignments.bam,192086249,184833722,7252527,0.037756617
_1_UNCID_2373586.5802832e-0c7c-4ca1-b556-906a20be861e.sorted_genome_alignments.bam,106495438,95419114,11076324,0.104007497
_1_UNCID_2373644.6eed26fc-d4c7-4fb9-99c0-54ea55e09091.sorted_genome_alignments.bam,121325676,116887446,4438230,0.036581127
_1_UNCID_2374206.30bf9d46-b868-43c0-a605-e6808c036d77.sorted_genome_alignments.bam,138412835,133461720,4951115,0.035770635
_1_UNCID_2375240.7fa1bbfe-f0e7-40d9-97fb-992b97729f96.sorted_genome_alignments.bam,118017725,113279226,4738499,0.04015074
_1_UNCID_2377933.2ea07252-37a1-4c62-924c-6674242fe238.sorted_genome_alignments.bam,126586485,117458652,9127833,0.072107484
_1_UNCID_2378067.78959883-a07c-41e2-8002-6032b710e4b3.sorted_genome_alignments.bam,140587985,134916038,5671947,0.040344465
_1_UNCID_2378077.a75fa2d5-0c31-45a7-831a-357443c12483.sorted_genome_alignments.bam,133264160,128642009,4622151,0.034684127
_1_UNCID_2378322.f15ef4cf-2f81-4c1d-b89c-2f88e33c324d.sorted_genome_alignments.bam,178854757,171157358,7697399,0.04303715
_1_UNCID_2380667.83478c86-d662-4b9c-b5fa-c09cf1c6d00d.sorted_genome_alignments.bam,119438791,110456328,8982463,0.075205575
_1_UNCID_2380697.749030db-8f34-4348-a3b2-143600d7aad2.sorted_genome_alignments.bam,128352252,119453491,8898761,0.069330774
_1_UNCID_2380700.1d3edb73-2445-43e4-b33e-be68b26c63f3.sorted_genome_alignments.bam,115412018,99671685,15740333,0.13638383
_1_UNCID_2381197.b095864c-bcf7-41cc-b49f-a76b1adfe6d1.sorted_genome_alignments.bam,179872467,173895383,5977084,0.033229566
_1_UNCID_2384033.b80146b3-ebce-461c-9c30-f089c7039828.sorted_genome_alignments.bam,126931690,117732442,9199248,0.072474006
_1_UNCID_2385817.0c31e1a3-2920-48f3-8609-f2e7ecd5ec51.sorted_genome_alignments.bam,123774946,117472558,6302388,0.050918124
_1_UNCID_2386080.da8e08c7-6006-4e66-ae0f-7047177ca02a.sorted_genome_alignments.bam,152154859,138641050,13513809,0.088816151
_1_UNCID_2386245.c47f8609-65d3-4cca-b599-58add67672c7.sorted_genome_alignments.bam,175380415,169245390,6135025,0.034981243
_1_UNCID_2387537.f8fba04c-cd45-4f85-8b75-dcf5426b7637.sorted_genome_alignments.bam,112266832,106405842,5860990,0.052205891
_1_UNCID_2388491.585bed4d-5d57-4308-ab8e-7a0f97e48153.sorted_genome_alignments.bam,110223967,98368955,11855012,0.10755385
_1_UNCID_2388836.3380e6d8-52a0-4b19-acb1-2fb686cbd5df.sorted_genome_alignments.bam,136386080,128826930,7559150,0.055424645
_1_UNCID_2389011.0f3672e4-ab71-4cb6-9d46-3ae57b58e249.sorted_genome_alignments.bam,149133387,142953594,6179793,0.041438025
_1_UNCID_2391586.56336ee0-a1f8-4426-adec-b1c92d96891f.sorted_genome_alignments.bam,152372697,146567509,5805188,0.03809861
_1_UNCID_2391725.4dc2d981-d303-4dd8-8ef5-1d1bcd0e8250.sorted_genome_alignments.bam,168324487,162279743,6044744,0.035911258
_1_UNCID_2393714.bd94eed7-220d-4a0f-a09b-17a90c5545e7.sorted_genome_alignments.bam,101919021,95353766,6565255,0.064416386
_1_UNCID_2394061.02fea7d7-d604-41c2-9506-a62824140df4.sorted_genome_alignments.bam,129934449,124884710,5049739,0.038863743
_1_UNCID_2394102.7dae2f3c-56cb-425a-8d7f-7113e1cfc72e.sorted_genome_alignments.bam,141175320,131936247,9239073,0.065443967
_1_UNCID_2394390.fbf9c35e-9b03-4c5e-a065-0265ae35a409.sorted_genome_alignments.bam,174703686,169074839,5628847,0.032219395
_1_UNCID_2396300.8e9f7a7a-3115-4687-9fce-a97e4c3c9cde.sorted_genome_alignments.bam,122064504,116359185,5705319,0.046740197
_1_UNCID_2396395.bf6f4d8e-7aa4-42ae-961d-4686984fc871.sorted_genome_alignments.bam,136062331,125834328,10228003,0.075171452
_1_UNCID_2396780.136abc20-19ec-4049-96f9-7fe8dcda7029.sorted_genome_alignments.bam,119822512,114104540,5717972,0.047720348
_1_UNCID_2400243.10d307ce-8b3b-4486-b199-d2722a964a35.sorted_genome_alignments.bam,136531656,130555306,5976350,0.043772632
_1_UNCID_2400403.549b2c27-188c-4c0b-b451-4507ef46a561.sorted_genome_alignments.bam,130181565,125963784,4217781,0.032399219
_1_UNCID_2400553.e7549428-1144-41c1-98cd-d077fc258567.sorted_genome_alignments.bam,149698904,145106222,4592682,0.030679463
_1_UNCID_2400656.721a570e-56ea-4054-98c1-9ac2105c33ca.sorted_genome_alignments.bam,175112494,167730401,7382093,0.04215629
_1_UNCID_2402904.aba4cde6-c407-4cfb-922e-5b4402aae727.sorted_genome_alignments.bam,133759318,127336430,6422888,0.048018247
_1_UNCID_2402950.0d0edd5c-226b-4dae-a881-24dba9d3caab.sorted_genome_alignments.bam,134156800,119931270,14225530,0.106036593
_1_UNCID_2403115.387f62fd-dfeb-4f05-88d1-64d8de9a031a.sorted_genome_alignments.bam,157229806,149982654,7247152,0.046092736
_1_UNCID_2403738.42285149-d0bc-418b-8802-ad59565516a0.sorted_genome_alignments.bam,147632507,139963275,7669232,0.051948125
_1_UNCID_2407876.56d2252e-b66f-405f-9d97-7ea5432f1f68.sorted_genome_alignments.bam,124494965,118592367,5902598,0.047412343
_1_UNCID_2409251.b21b7604-5292-4f80-b0d9-8a99b9c0c1a6.sorted_genome_alignments.bam,130165583,121332119,8833464,0.067863285
_1_UNCID_2411562.35e62a79-9fa0-4ff9-a8c3-d163817d7f08.sorted_genome_alignments.bam,114059474,104424978,9634496,0.084469055
_1_UNCID_2411648.cd61bf43-fca1-49b2-824e-133484a6e069.sorted_genome_alignments.bam,134842793,127428480,7414313,0.054984867
_1_UNCID_2411985.4fe2d3b0-ccf5-41e3-8f47-77a31a35d573.sorted_genome_alignments.bam,169646230,160567854,9078376,0.053513574
_1_UNCID_2414607.971dec7f-6cb5-4575-85f7-be59097ae606.sorted_genome_alignments.bam,137606326,132756585,4849741,0.03524359
_1_UNCID_2414720.6cec0faf-100b-48b0-9221-fb1be7ff8597.sorted_genome_alignments.bam,144084026,138369094,5714932,0.039663883
_1_UNCID_2414962.8e52e933-592c-47f1-8cba-96d8377ca455.sorted_genome_alignments.bam,154094109,148331440,5762669,0.037397075
_1_UNCID_2415289.79a31785-793f-4878-8c09-64c8fb0c53e3.sorted_genome_alignments.bam,152432225,146339443,6092782,0.039970433
_1_UNCID_2415293.8ad86426-f87c-420c-8fd9-8881623aecff.sorted_genome_alignments.bam,93057576,79908646,13148930,0.141298866
_1_UNCID_2415954.cc064dfb-026a-45a9-bf02-f57f473f21a0.sorted_genome_alignments.bam,118858704,110875134,7983570,0.067168577
_1_UNCID_2415984.6bbab751-d2f5-4a62-9021-f2f5a0373682.sorted_genome_alignments.bam,180007965,170698586,9309379,0.051716484
_1_UNCID_2417470.2500a26b-6578-4e5c-b0a8-4d6d55e59aec.sorted_genome_alignments.bam,162093046,152005650,10087396,0.062232133
_1_UNCID_2417534.66bd13a6-ab73-4e2d-b449-53473e98c262.sorted_genome_alignments.bam,147606484,139696054,7910430,0.053591345
_1_UNCID_2417762.a319e9a7-08e6-4844-8a7e-28d3d2a16292.sorted_genome_alignments.bam,158816266,152963149,5853117,0.036854644
_1_UNCID_2419774.3fc3245f-c169-420d-8ef1-c94f8e4d60e1.sorted_genome_alignments.bam,64145203,57593475,6551728,0.102139017
_1_UNCID_2419815.00196819-0436-454b-9a45-5c893f49cd85.sorted_genome_alignments.bam,122331147,119149175,3181972,0.026011135
_1_UNCID_2420014.e9239415-58f5-43d3-a6f3-4af8f1fdaca4.sorted_genome_alignments.bam,83735479,80790411,2945068,0.035171089
_1_UNCID_2420116.b254a7db-7145-437a-8dc2-6fcaa71f829a.sorted_genome_alignments.bam,146066642,141478659,4587983,0.031410204
_1_UNCID_2420301.bf132f39-343c-4731-af22-13d8ade18469.sorted_genome_alignments.bam,151959365,143718512,8240853,0.054230636
_1_UNCID_2420309.19f34360-c74e-42db-8a78-8f77467b550e.sorted_genome_alignments.bam,125214710,120789368,4425342,0.03534203
_1_UNCID_2420513.3370d066-cf84-4229-8096-51968a875d6e.sorted_genome_alignments.bam,143967342,137624606,6342736,0.044056769
_1_UNCID_2423332.c7a91960-bc5e-4c46-85c8-d12773d427a7.sorted_genome_alignments.bam,110309286,101672382,8636904,0.078297162
_1_UNCID_2423588.8c12f89b-3254-4526-9f2b-86ec89b7d78b.sorted_genome_alignments.bam,124794994,121608471,3186523,0.025534061
_1_UNCID_2425743.9e3e9e0a-6d26-46e9-b1b9-8c459f7d409f.sorted_genome_alignments.bam,103283058,100207512,3075546,0.029777836
_1_UNCID_2426070.5e4add74-9256-46f4-90af-c77f267e0ff3.sorted_genome_alignments.bam,159206373,153569194,5637179,0.035407998
_1_UNCID_2426745.fbf538f3-1061-4aec-9e74-b219c92fb08e.sorted_genome_alignments.bam,147245989,142386614,4859375,0.033001748
_1_UNCID_2427869.b3801610-6fb1-40b7-8c08-0de07484ce45.sorted_genome_alignments.bam,146032864,142789655,3243209,0.022208761
_1_UNCID_2428461.c2ba5489-694e-43df-b9dd-48ab79041995.sorted_genome_alignments.bam,150091425,144366166,5725259,0.038145144
_1_UNCID_2431534.42b44ed6-6b89-478f-a045-0e52d49ed062.sorted_genome_alignments.bam,153923364,147138832,6784532,0.044077337
_1_UNCID_2431596.dd6114ab-b5af-4cfd-93f8-67429b2a6c94.sorted_genome_alignments.bam,157099634,144238175,12861459,0.081868167
_1_UNCID_2433707.ebb77266-2b85-4413-b433-4c8db194467a.sorted_genome_alignments.bam,137789689,132167384,5622305,0.040803525
_1_UNCID_2433843.5d587eff-228f-49e0-a132-da031a81ad0b.sorted_genome_alignments.bam,141996611,135062673,6933938,0.048831715
_1_UNCID_2434401.9c8a31ca-d2c2-4d73-b677-e73c9fae28ee.sorted_genome_alignments.bam,161604862,155053872,6550990,0.040537085
_1_UNCID_2435170.70405221-1713-427e-828b-8d974646403f.sorted_genome_alignments.bam,156304539,151000571,5303968,0.033933551
_1_UNCID_2439430.01d666b4-9605-422a-bfba-231b0d6ef20f.sorted_genome_alignments.bam,132825902,101625249,31200653,0.23489886
_1_UNCID_2439774.d8b053f6-2674-43ec-9c36-ed652fe5ff7e.sorted_genome_alignments.bam,186178937,176300803,9878134,0.053057205
_1_UNCID_2439788.f99240d0-32ea-438a-b350-862202b18a30.sorted_genome_alignments.bam,149892393,143424338,6468055,0.043151323
_1_UNCID_2440907.654a532f-71be-4ce2-9102-e73dde083ab1.sorted_genome_alignments.bam,160327753,149731807,10595946,0.066089281
_1_UNCID_2441303.acb24854-1e1a-4de8-a52f-f0c742cb82a1.sorted_genome_alignments.bam,154994659,148839160,6155499,0.039714265
_1_UNCID_2441518.013e625d-9dec-4e92-8130-1e99fe7a86e0.sorted_genome_alignments.bam,169224487,160304668,8919819,0.052709978
_1_UNCID_2441836.d1d352f8-4919-4288-8e6a-bbf550a7236b.sorted_genome_alignments.bam,159914037,149193925,10720112,0.067036717
_1_UNCID_2441875.0ef096ea-6cd6-4094-8e08-1de30f7a4de2.sorted_genome_alignments.bam,148881664,139838320,9043344,0.060741825
_1_UNCID_2442268.9b25ee3f-911e-4738-867e-57fe517d06ef.sorted_genome_alignments.bam,134151560,127792119,6359441,0.047404898
_1_UNCID_2443099.5a4d2d74-6bf6-455c-87ad-5b51725bd04f.sorted_genome_alignments.bam,175720880,168085017,7635863,0.0434545
_1_UNCID_2445484.42017e68-f474-4c5c-8849-9d85534f73cf.sorted_genome_alignments.bam,121886670,114800916,7085754,0.058133953
_1_UNCID_2445663.7cdb2990-a8b2-4a0c-b7ed-80e65fef466a.sorted_genome_alignments.bam,132583491,124436718,8146773,0.061446361
_1_UNCID_2445722.60f5dada-7b3d-49b8-8a96-f2143e1d4c71.sorted_genome_alignments.bam,124487496,118190586,6296910,0.050582671
_1_UNCID_2448489.278783a2-646d-4669-b153-c0ba3deab9cf.sorted_genome_alignments.bam,161247725,151728961,9518764,0.059031927
_1_UNCID_2448577.58746677-c72b-4f75-bf2b-d4428d58aec5.sorted_genome_alignments.bam,137414875,123450470,13964405,0.101622222
_1_UNCID_2449337.f0e75793-ab5e-4581-8b76-c19dc530f4a2.sorted_genome_alignments.bam,142634873,136922456,5712417,0.040049231
_1_UNCID_2455918.0386cc4d-0318-4293-a22e-869c3b34fa63.sorted_genome_alignments.bam,142181873,133647888,8533985,0.06002161
_1_UNCID_2457437.2d6460c3-a507-4a6c-b22f-8c73c2ec2480.sorted_genome_alignments.bam,129920532,122877556,7042976,0.054209877
_1_UNCID_2457546.6ccdfcb6-5eb7-45ea-b931-ea0b29cae029.sorted_genome_alignments.bam,138849700,128709856,10139844,0.073027482
_1_UNCID_2457782.a27a9d35-4804-4b24-8889-4128e4434487.sorted_genome_alignments.bam,100256082,91796441,8459641,0.084380327
_1_UNCID_2457816.68de1f6b-2f05-4663-ab38-266e6070c155.sorted_genome_alignments.bam,166082010,160195432,5886578,0.035443803
_1_UNCID_2461941.2e80aebe-77b5-496c-bde9-494b9b94ee3f.sorted_genome_alignments.bam,144684683,140075044,4609639,0.031859896
_1_UNCID_2468669.c2a2d7ab-c8d6-4481-9e91-1f16969e8105.sorted_genome_alignments.bam,101123336,88127295,12996041,0.128516735
_1_UNCID_2468780.d9954580-b237-40a2-b4a3-3ce2482f8da2.sorted_genome_alignments.bam,117185407,102373771,14811636,0.126394885
_1_UNCID_2469446.c4cd3829-e7e0-4f1e-8796-856fddcf50ae.sorted_genome_alignments.bam,140764791,136022050,4742741,0.033692665
_1_UNCID_2469828.1893be96-6727-4bfa-aa28-2a2df326c464.sorted_genome_alignments.bam,183895546,177720560,6174986,0.033578769
_1_UNCID_2471826.3dbec12a-6679-44a6-a51f-eb08c83b1d0d.sorted_genome_alignments.bam,157949865,152345365,5604500,0.035482778
_1_UNCID_2472075.de01d9b6-e29d-495e-815a-c7d2a7c15af3.sorted_genome_alignments.bam,119086250,115710444,3375806,0.028347572
_1_UNCID_2472261.d10a636b-9077-4863-b993-4d5bddd549eb.sorted_genome_alignments.bam,125315338,119919653,5395685,0.04305686
_1_UNCID_2473405.79b6d16e-cc87-416d-8440-2aa9ad3ed3d3.sorted_genome_alignments.bam,130290685,125675298,4615387,0.035423768
_1_UNCID_2476653.0ff237d2-9283-44c7-bfae-c2020c73b94c.sorted_genome_alignments.bam,142061209,136647307,5413902,0.038109643
_1_UNCID_2478263.1727eb06-107a-4b21-97d7-20cabf1826ac.sorted_genome_alignments.bam,150270184,144721090,5549094,0.036927445
_1_UNCID_2478521.2974a881-8198-4c55-89b9-822b8f8c94b0.sorted_genome_alignments.bam,153487485,147461645,6025840,0.039259488
_1_UNCID_2480597.ea7b4780-98ae-4fd1-9178-d026f5347d9f.sorted_genome_alignments.bam,119878731,117103168,2775563,0.02315309
_1_UNCID_2481257.b3079945-f405-4810-b7cc-efa81b3b46ad.sorted_genome_alignments.bam,96113741,89472507,6641234,0.069097654
_1_UNCID_2481766.2bb8de70-7555-4409-b667-c11b1fb716b5.sorted_genome_alignments.bam,124671011,118702009,5969002,0.047878027
_1_UNCID_2481955.7cbc59c1-c767-4b50-a6fe-fc3e3365b5cf.sorted_genome_alignments.bam,139069499,135248048,3821451,0.027478714
_1_UNCID_2482591.1330c062-9641-4d39-a09f-18aebaa90550.sorted_genome_alignments.bam,125107845,116704142,8403703,0.067171671
_1_UNCID_2486642.839b34c9-e6d8-460e-9b4b-c5da69a2aee0.sorted_genome_alignments.bam,112367600,106302821,6064779,0.053972666
_1_UNCID_2487040.64842a3f-2584-4d55-9e6c-bb976485476a.sorted_genome_alignments.bam,170649250,162750012,7899238,0.046289322
_1_UNCID_2487213.924c4803-0337-4423-ab6c-7aa43a5f7874.sorted_genome_alignments.bam,164437925,155930208,8507717,0.051738168
_1_UNCID_2487766.a32fcc87-5473-43d5-9e4b-bad78719156c.sorted_genome_alignments.bam,191019180,183717201,7301979,0.038226418
_1_UNCID_2488056.fb3c0c98-a0f4-43d0-be73-4f4007723507.sorted_genome_alignments.bam,133875822,119540461,14335361,0.107079537
_1_UNCID_2488420.5dece5bd-86aa-4309-b150-5d44b1b377f0.sorted_genome_alignments.bam,114554037,111432834,3121203,0.027246556
_1_UNCID_2488748.bb0ad6bf-8c87-43c5-b030-a4d14a7ec097.sorted_genome_alignments.bam,116625052,108650646,7974406,0.068376441
_1_UNCID_2489710.ede7cca5-c3f8-43e0-9354-b99821de60c0.sorted_genome_alignments.bam,100643551,97056282,3587269,0.035643307
_1_UNCID_2489789.71067e68-a2f8-4895-a0d5-3255e8e1e3cb.sorted_genome_alignments.bam,153490970,148573070,4917900,0.032040321
_1_UNCID_2494319.263c3285-8412-426e-a042-1e4266190a03.sorted_genome_alignments.bam,68018825,66306570,1712255,0.025173252
_1_UNCID_2499562.1f2f6aa8-f3d0-4baf-9171-02433078d74b.sorted_genome_alignments.bam,153751167,148893447,4857720,0.031594687
_1_UNCID_2500149.07cf4544-6ba1-4535-8bf5-18d5bf9e4123.sorted_genome_alignments.bam,150878017,144871722,6006295,0.039808947
_1_UNCID_2501051.717093f1-916b-4d01-a74c-18af938563c0.sorted_genome_alignments.bam,161152818,155267768,5885050,0.036518443
_1_UNCID_2501299.52041760-a4d7-43e0-b2be-6b7055fe49ed.sorted_genome_alignments.bam,116448471,112777715,3670756,0.031522578
_1_UNCID_2502401.9bd649f6-9b08-4d26-87b9-a6901a00f2ba.sorted_genome_alignments.bam,125358543,122034147,3324396,0.026519102
_1_UNCID_2502800.c048b775-7679-424f-a008-8f7def9c0523.sorted_genome_alignments.bam,110255126,105577639,4677487,0.042424213
_1_UNCID_2503288.73a57b9f-d780-4556-bf25-b75c2f75340e.sorted_genome_alignments.bam,103666692,100545333,3121359,0.030109565
_1_UNCID_2503778.f2a5dbac-1f1f-48c0-8cb7-2b5df939c7c7.sorted_genome_alignments.bam,107876966,103094379,4782587,0.044333718
_1_UNCID_2504338.b76b37cf-c9af-419d-a7c4-f97747de2946.sorted_genome_alignments.bam,105063876,102004211,3059665,0.029121951
_1_UNCID_2506018.4151ec0a-ecb0-4b7f-bd88-24ff382d2010.sorted_genome_alignments.bam,135402581,128136672,7265909,0.053661525
_1_UNCID_2506030.cb797021-9c9f-483c-88b8-0dc876fea489.sorted_genome_alignments.bam,149476798,144876965,4599833,0.03077289
_1_UNCID_2506785.d637192a-b7cc-4791-a3ac-318519c9e262.sorted_genome_alignments.bam,152008004,143975974,8032030,0.05283952
_1_UNCID_2507421.defc682b-c70e-40b5-9d8b-3dd146bc7c0e.sorted_genome_alignments.bam,178032052,171997979,6034073,0.033893183
_1_UNCID_2509304.59d6c567-d73c-4572-ae55-385b9f0ed8bf.sorted_genome_alignments.bam,74123581,67750130,6373451,0.085984122
_1_UNCID_2509570.e1ab65b5-ee17-4e86-93aa-446c8f387ef1.sorted_genome_alignments.bam,111314143,107344378,3969765,0.035662719
_1_UNCID_2509904.959e5067-014b-4a33-92d6-6827383efb00.sorted_genome_alignments.bam,129210419,122991341,6219078,0.048131397
_1_UNCID_2510405.417805b3-9c10-4724-ab87-480c773f7d16.sorted_genome_alignments.bam,91895294,81389246,10506048,0.11432629
_1_UNCID_2511545.90e6e8a1-98b3-4f38-92ef-df460d78d657.sorted_genome_alignments.bam,137958807,131753098,6205709,0.044982333
_1_UNCID_2511828.6bda7fe9-c8e8-4f79-8e4b-015ca56760b0.sorted_genome_alignments.bam,112270771,108708239,3562532,0.031731607
_1_UNCID_2511939.a9321523-588e-40f2-95d2-2501fd1b23ee.sorted_genome_alignments.bam,131983968,125923099,6060869,0.045921252
_1_UNCID_2523288.7380308b-caff-4600-9688-96d6b0211229.sorted_genome_alignments.bam,102651939,95911886,6740053,0.065659286
_1_UNCID_2524079.bb1cc93d-af4e-4ef6-a787-778af409441a.sorted_genome_alignments.bam,170210585,163909877,6300708,0.037017134
_1_UNCID_2524424.1430486f-bc85-4701-ac2c-c8f83d913f4d.sorted_genome_alignments.bam,174443307,168804950,5638357,0.032322002
_1_UNCID_2527433.6fcc3918-f4b0-42ab-b00c-027175606cbd.sorted_genome_alignments.bam,111660363,105528142,6132221,0.054918512
_1_UNCID_2528055.63a3bd41-6a68-4eb5-ad4f-0fd05be97ac1.sorted_genome_alignments.bam,106551870,103073581,3478289,0.032644092
_1_UNCID_2532147.b4468779-3068-40d2-809c-7b513d0a752f.sorted_genome_alignments.bam,165544077,159476130,6067947,0.03665457
_1_UNCID_2532330.25e408b2-3a9c-4f25-b698-19d8f468acb7.sorted_genome_alignments.bam,148386687,137739475,10647212,0.071753149
_1_UNCID_2532497.76e1d88a-43db-40eb-a62c-40cb044a6f97.sorted_genome_alignments.bam,143623981,140245318,3378663,0.023524365
_1_UNCID_2532857.38acdbd8-a886-47aa-8714-f5cdc5b28dbf.sorted_genome_alignments.bam,140368579,134445095,5923484,0.042199501
_1_UNCID_2533255.bff9c976-fbde-499d-8ffa-ec0cf369151d.sorted_genome_alignments.bam,235163248,228156611,7006637,0.029794779
_1_UNCID_2535027.020c941f-5fc2-4804-8de6-a20d2b5d6d60.sorted_genome_alignments.bam,126874498,118697475,8177023,0.064449697
_1_UNCID_2536494.9f1ac770-6106-40f8-9f7e-2538d1b3336a.sorted_genome_alignments.bam,133586528,121917663,11668865,0.087350612
_1_UNCID_2536534.bd5dc5da-bd55-45d8-a045-93d99b737f0a.sorted_genome_alignments.bam,126662856,121861613,4801243,0.03790569
_1_UNCID_2537327.c2d180ee-5ca5-47bd-876f-f82831085da4.sorted_genome_alignments.bam,119850194,114103051,5747143,0.047952722
_1_UNCID_2537993.f322aedd-a561-4b14-b2e3-f60087b705f7.sorted_genome_alignments.bam,139913417,136338293,3575124,0.025552403
_1_UNCID_2538263.c720ac3f-9cb8-4a5c-aa7a-0fb852e11360.sorted_genome_alignments.bam,117004023,114246013,2758010,0.023571925
_1_UNCID_2538606.be27b78a-f543-497a-96d8-44e21898b502.sorted_genome_alignments.bam,149957889,142708352,7249537,0.048343819
_1_UNCID_2539336.f147b580-725f-401a-ad5f-9baabe99aac9.sorted_genome_alignments.bam,128902038,117307971,11594067,0.089944792
_1_UNCID_2540223.2ecf5221-4137-4793-8717-943087045547.sorted_genome_alignments.bam,119362685,107154482,12208203,0.10227822
_1_UNCID_2540886.291236cf-5510-489b-bcc4-ba5d2ecd647e.sorted_genome_alignments.bam,134026247,127680080,6346167,0.047350181
_1_UNCID_2542066.89dda655-46b4-4415-b2aa-48afc708c774.sorted_genome_alignments.bam,126223110,121355573,4867537,0.038562962
_1_UNCID_2542222.8077c0b3-255d-437e-969d-c1b588edc28d.sorted_genome_alignments.bam,107564813,99144286,8420527,0.078283286
_1_UNCID_2543772.cf410999-4cac-4f7b-9062-bfd807c50355.sorted_genome_alignments.bam,120086984,115813234,4273750,0.035588786
_1_UNCID_2545080.a9eb4088-1eb0-47ac-867b-df97fbeb318c.sorted_genome_alignments.bam,126004474,116936800,9067674,0.071963111
_1_UNCID_2545475.20c1d8e8-3bb4-4d6b-ae70-659cf0ea07de.sorted_genome_alignments.bam,108979403,103213473,5765930,0.052908438
_1_UNCID_2545963.50731ae0-4466-47c1-9e65-42227a3fc252.sorted_genome_alignments.bam,196163719,185680415,10483304,0.053441605
_1_UNCID_2547968.a790f7ac-9316-4ce4-983a-16d1c3513960.sorted_genome_alignments.bam,109533891,86160926,23372965,0.213385691
_1_UNCID_2548051.919d8bde-c3b7-4cd9-8463-938afdb89ad7.sorted_genome_alignments.bam,118123654,110843451,7280203,0.06163205
_1_UNCID_2548123.f0b52bcf-d7b4-4daa-82bb-e13e2d753be9.sorted_genome_alignments.bam,160455616,155095702,5359914,0.03340434
_1_UNCID_2548191.7355574a-71bd-48a1-adaa-1390d173fca3.sorted_genome_alignments.bam,151508152,137404009,14104143,0.093091644
_1_UNCID_2553067.01c6644f-c721-4f5e-afbc-c220218941d8.sorted_genome_alignments.bam,144235181,135856429,8378752,0.058090904
_1_UNCID_2559857.fd80bdb7-d293-49e0-8b72-0dd50fbeaac1.sorted_genome_alignments.bam,162177059,149449132,12727927,0.078481674
_1_UNCID_2560486.9d7ac93a-ca45-44ed-a326-5e404e0d3b85.sorted_genome_alignments.bam,143070380,139364795,3705585,0.025900434
_1_UNCID_2561340.763a76b6-9065-4a53-8c9e-e39580d908d9.sorted_genome_alignments.bam,129114387,105670762,23443625,0.181572523
_1_UNCID_2562367.0a0fb835-dda7-464d-b83c-a2bd68402c6b.sorted_genome_alignments.bam,137014095,128081444,8932651,0.065195125
_1_UNCID_2562578.72a3ee9c-134d-4338-8287-c0fd9dc493ff.sorted_genome_alignments.bam,152297841,141785063,10512778,0.069027755
_1_UNCID_2562663.56b27734-cf5d-49e0-8d28-768b16db4769.sorted_genome_alignments.bam,116675978,102809380,13866598,0.118847069
_1_UNCID_2563068.97c340e4-54be-4016-a335-be29ba5e8e94.sorted_genome_alignments.bam,136069071,131702242,4366829,0.032092738
_1_UNCID_2563487.c3d39ee9-f15a-4f10-a04c-1a42e612e387.sorted_genome_alignments.bam,140959692,136524892,4434800,0.031461476
_1_UNCID_2564329.e971e2c8-4056-41a3-a44c-9ef5c1f33896.sorted_genome_alignments.bam,127761755,121931536,5830219,0.045633523
_1_UNCID_2564356.cb1516d5-4cd5-4a6d-95fa-852ac03f8935.sorted_genome_alignments.bam,166141755,156605560,9536195,0.057397943
_1_UNCID_2564598.e6e92830-45a9-4a95-ab45-2c36bdbe827b.sorted_genome_alignments.bam,167674112,159125187,8548925,0.05098536
_1_UNCID_2565415.44f37fd7-4c70-4646-b915-b7be1e078935.sorted_genome_alignments.bam,174730877,168297400,6433477,0.036819348
_1_UNCID_2567598.3120e347-ccc1-4bbf-b7b7-4410c6a04a58.sorted_genome_alignments.bam,117284865,114293209,2991656,0.025507605
_1_UNCID_2567615.cda2e47c-642f-41f6-90b9-cfa2ab50d603.sorted_genome_alignments.bam,118626492,115305382,3321110,0.02799636
_1_UNCID_2567793.3e60d1aa-5f53-45db-846a-a3b9fee599e0.sorted_genome_alignments.bam,156679857,153157881,3521976,0.022478805
_1_UNCID_2568024.4c83be26-b925-4bd0-9100-66d4773d5c9d.sorted_genome_alignments.bam,131530149,124320509,7209640,0.054813593
_1_UNCID_2573750.c7769eb8-4803-48f5-9adb-0babd1eaf3cb.sorted_genome_alignments.bam,103158210,93425793,9732417,0.09434457
_1_UNCID_2573929.d9ce56d9-fb5b-4fae-8c97-2f55c62e69d8.sorted_genome_alignments.bam,132394351,123074704,9319647,0.070393086
_1_UNCID_2574151.4841039e-5dbb-4beb-8e25-4a74cee5a988.sorted_genome_alignments.bam,177334154,171593305,5740849,0.032373059
_1_UNCID_2574186.5d7724a8-30d2-4e28-8aaf-edc559242673.sorted_genome_alignments.bam,167812064,160424515,7387549,0.044022753
_1_UNCID_2574214.e31dee43-3967-482e-9d1a-a7194f9e45b0.sorted_genome_alignments.bam,168398953,162367470,6031483,0.03581663
_1_UNCID_2574741.ec4e62ad-3d63-4597-b046-8700bf9b1d08.sorted_genome_alignments.bam,225436807,218869266,6567541,0.029132514
_1_UNCID_2576064.f5fabbfc-8ba3-4f8a-a897-166e33d1c406.sorted_genome_alignments.bam,143424497,140186923,3237574,0.022573368
_1_UNCID_2577003.dbf42b22-c8c8-4a8f-af91-6537374be50e.sorted_genome_alignments.bam,193353904,187382065,5971839,0.030885536
_1_UNCID_2579405.4c9aaba5-af19-4d28-9c52-4b74afcc6e1a.sorted_genome_alignments.bam,140967306,131374859,9592447,0.068047317
_1_UNCID_2579544.bde7f675-08a0-443c-83e6-0f8662456c1c.sorted_genome_alignments.bam,184995646,179350820,5644826,0.030513291
_1_UNCID_2579590.3a51010c-83f1-4568-9d6e-19cf38390700.sorted_genome_alignments.bam,184256897,177339127,6917770,0.037544158
_1_UNCID_2581187.c7827f06-b69b-4cb9-bbd8-233f334e0671.sorted_genome_alignments.bam,114810837,100408475,14402362,0.125444273
_1_UNCID_2583781.22727b4c-d2ab-4ebf-a681-d2dd20eb4f43.sorted_genome_alignments.bam,164918182,150356407,14561775,0.088296965
_1_UNCID_2583863.5f66ae56-8f05-412a-8c47-0e7012849f64.sorted_genome_alignments.bam,148201094,141119681,7081413,0.047782461
_1_UNCID_2583962.fade0b33-a012-4897-b35a-c37d7ce0f1b6.sorted_genome_alignments.bam,187724974,181038340,6686634,0.03561931
_1_UNCID_2583996.a845552b-4b27-4a58-98e4-a98c2d75f72a.sorted_genome_alignments.bam,149898356,138141592,11756764,0.078431574
_1_UNCID_2584225.0a0d8685-150d-4c74-9223-d56776efecee.sorted_genome_alignments.bam,132328811,120921833,11406978,0.086201772
_1_UNCID_2585196.cfca77a9-fcfb-4ab5-b969-2ae55a0cbd32.sorted_genome_alignments.bam,156698994,150294681,6404313,0.04087016
_1_UNCID_2585687.b84ec9ed-f2ee-49c8-bbd3-6ea4b89fba98.sorted_genome_alignments.bam,132568543,121295448,11273095,0.085035973
_1_UNCID_2586872.ef359d54-bde8-418b-be08-59f9e8012dc8.sorted_genome_alignments.bam,186902842,183428271,3474571,0.018590252
_1_UNCID_2587446.5ce73c79-ddb8-4a1e-a588-d950c0f96536.sorted_genome_alignments.bam,84455345,80824641,3630704,0.04298963
_1_UNCID_2588951.29605016-26f0-4146-a99d-b4d0381c9dc2.sorted_genome_alignments.bam,219097268,211547645,7549623,0.03445786
_1_UNCID_2597522.46993591-8ffa-4e54-ba85-d013a7c190c9.sorted_genome_alignments.bam,104930567,90405372,14525195,0.138426727
_1_UNCID_2597576.467116b0-ec2a-469f-9ae8-cc15866bedb5.sorted_genome_alignments.bam,132933975,129417114,3516861,0.026455697
_1_UNCID_2597585.b6649d04-50b1-4b90-9cb4-241b61f5a637.sorted_genome_alignments.bam,143936338,136925071,7011267,0.048710889
_1_UNCID_2598087.2ec4509d-db7c-4328-a36e-ef1bd0e78cd1.sorted_genome_alignments.bam,168712671,164792019,3920652,0.023238634
_1_UNCID_2598137.8b9e2071-144f-4d4b-8585-780f83cf48bb.sorted_genome_alignments.bam,141789115,135287969,6501146,0.045850812
_1_UNCID_2598211.1a19fe1f-f3a0-4a9d-9863-9a086f9e0683.sorted_genome_alignments.bam,180288791,177118074,3170717,0.017586878
_1_UNCID_2599784.476a57b4-654c-48b3-929b-37996cd93f45.sorted_genome_alignments.bam,132929706,124599784,8329922,0.062664112
_1_UNCID_2601069.fc1359a0-6ebb-4b99-983d-53b4343e43d2.sorted_genome_alignments.bam,163533421,157411988,6121433,0.037432306
_1_UNCID_2602691.b1f45874-aafd-44c9-81f8-99a3bff043a6.sorted_genome_alignments.bam,154551571,148426675,6124896,0.039630112
_1_UNCID_2603202.fe001be4-0c13-4754-8888-3961c98ccfe9.sorted_genome_alignments.bam,148715744,138134656,10581088,0.07114975
_1_UNCID_2603379.4e00654c-d213-42fa-85d2-1d639b92dfef.sorted_genome_alignments.bam,127318056,123867571,3450485,0.027101301
_1_UNCID_2603900.5ee92f6c-a5d5-42bc-b960-e6202e481308.sorted_genome_alignments.bam,142426456,138925793,3500663,0.024578741
_1_UNCID_2604329.79cb4563-e251-4def-91c2-23f44d85e682.sorted_genome_alignments.bam,133663061,129803601,3859460,0.028874544
_1_UNCID_2605151.d9904f57-fde7-48bc-8c96-484d51017ff0.sorted_genome_alignments.bam,131364130,125281868,6082262,0.046300782
_1_UNCID_2605173.10fc92d3-3589-458a-bc19-0d2d43fda9ab.sorted_genome_alignments.bam,138561093,131720627,6840466,0.04936787
_1_UNCID_2609724.a8358182-9a5c-4272-b0e3-1cfc5b4cb2aa.sorted_genome_alignments.bam,86561826,84200529,2361297,0.027278734
_1_UNCID_2610599.7abd8a6e-f225-445a-be96-544c468485d6.sorted_genome_alignments.bam,93168319,91048805,2119514,0.0227493
_1_UNCID_2610664.86eaf28f-b478-4422-ab92-55d057ff26b5.sorted_genome_alignments.bam,110066788,107255340,2811448,0.025543109
_1_UNCID_2610756.0aad6d2a-1699-4403-8d45-f0b315ec89c7.sorted_genome_alignments.bam,118718558,116136191,2582367,0.021752008
_1_UNCID_2610789.dd8d3665-ec9d-45be-b7b9-a85dac3585e2.sorted_genome_alignments.bam,110030381,107156726,2873655,0.026116923
_1_UNCID_2610886.6e7b59c2-e4a6-4e28-b2a7-4ef6787347b9.sorted_genome_alignments.bam,123454644,117362716,6091928,0.049345475
_1_UNCID_2610948.11785b0e-04c6-4cf5-80c6-2c4ffcb206f6.sorted_genome_alignments.bam,118471159,116000847,2470312,0.02085159
_1_UNCID_2611257.a4d4156e-4491-49a6-b60d-c5506cd2508c.sorted_genome_alignments.bam,149562109,146820664,2741445,0.01832981
_1_UNCID_2611621.579ab171-5760-4016-8f8e-b0886732e63f.sorted_genome_alignments.bam,139605539,136465563,3139976,0.022491772
_1_UNCID_2611969.78648fc3-86d0-4cbe-b36c-b9a4f228b9aa.sorted_genome_alignments.bam,176745403,172429780,4315623,0.024417173
_1_UNCID_2612202.b69eba12-3967-435d-a9f5-fbab59f94e80.sorted_genome_alignments.bam,128398563,125705182,2693381,0.020976722
_1_UNCID_2612371.44f2b780-26e6-472f-9d2e-08622163421d.sorted_genome_alignments.bam,136562816,132254893,4307923,0.031545359
_1_UNCID_2612876.2e81aa42-67f0-4a4b-911d-a6772e8f0d8b.sorted_genome_alignments.bam,92331789,83614157,8717632,0.094416366
_1_UNCID_2613162.4ea2dbaf-5774-451e-ae74-b5f8170a8352.sorted_genome_alignments.bam,187812414,183282291,4530123,0.024120466
_1_UNCID_2614071.8778e5a4-d61f-4fe0-a917-1f8036f85907.sorted_genome_alignments.bam,235024390,224977131,10047259,0.042749857
_1_UNCID_2614079.a63b38f7-5d53-4556-a7dc-4e6c3f75ec9b.sorted_genome_alignments.bam,198895341,190286794,8608547,0.043281793
_1_UNCID_2614219.bb755636-09e2-43e0-a957-79928a6e4f73.sorted_genome_alignments.bam,128477362,112356977,16120385,0.125472572
_1_UNCID_2614344.81f85c7b-5262-466b-b4fb-a4fe9febfe0a.sorted_genome_alignments.bam,178145928,169614569,8531359,0.047889722
_1_UNCID_2614549.ec7657a0-88da-482a-90d1-1fd03578e11b.sorted_genome_alignments.bam,218576943,205998857,12578086,0.057545347
_1_UNCID_2615298.3d8c5a1e-618c-4a68-b9d7-d01a86ccf88b.sorted_genome_alignments.bam,183715524,177417443,6298081,0.034281703
_1_UNCID_2619072.7ac6a0a3-3c2a-4e47-a248-690ac73d4593.sorted_genome_alignments.bam,87424912,78929092,8495820,0.097178479
_1_UNCID_2619194.2c10e17e-58c2-445c-9306-ca22625bdc38.sorted_genome_alignments.bam,97809133,94558874,3250259,0.033230629
_1_UNCID_2619296.087f71fd-fbd5-47c6-92ed-23286b2ed945.sorted_genome_alignments.bam,102687064,99542909,3144155,0.030618803
_1_UNCID_2619689.ece2a45a-7c07-44a2-baca-4a62aa38592f.sorted_genome_alignments.bam,70576345,64521108,6055237,0.085796976
_1_UNCID_2619847.3c6ca697-64ab-43d8-99ab-10ecbc0e8313.sorted_genome_alignments.bam,133891551,129693108,4198443,0.031357042
_1_UNCID_2620442.ec4f5770-275f-494f-af91-b82e62f19f1a.sorted_genome_alignments.bam,68351112,64819954,3531158,0.051662042
_1_UNCID_2621203.6eb18bd6-15f9-42fb-a8d0-91c7fb0342ff.sorted_genome_alignments.bam,109999956,104447341,5552615,0.050478338
_1_UNCID_2621251.45f7bba9-5bf4-4b9c-b749-996e4b8d5582.sorted_genome_alignments.bam,116755119,111971726,4783393,0.04096945
_1_UNCID_2622524.c924c2a8-ab41-4499-bb30-79705cc17d45.sorted_genome_alignments.bam,65953943,64127299,1826644,0.027695751
_1_UNCID_2622542.02bb3468-c1a4-405e-b721-68569b1b70d2.sorted_genome_alignments.bam,65603585,63844579,1759006,0.026812651
_1_UNCID_2622674.c677782e-02d1-42cf-ba27-cc1d1b90b915.sorted_genome_alignments.bam,78668868,70739580,7929288,0.100793213
_1_UNCID_2622792.16689efe-1dcc-46f8-9c81-c8d7d81306a6.sorted_genome_alignments.bam,86307148,84339692,1967456,0.02279598
_1_UNCID_2622806.686f7d99-e94c-41a1-a22d-7fa1622828cb.sorted_genome_alignments.bam,91991018,89618190,2372828,0.025794127
_1_UNCID_2622944.c072af8c-0013-4d19-a4cb-d441111c7391.sorted_genome_alignments.bam,86779331,78833117,7946214,0.091568049
_1_UNCID_2623112.653f5c38-8795-4ed9-8c4a-aaf5597eee8c.sorted_genome_alignments.bam,111684100,106370272,5313828,0.047579091
_1_UNCID_2623220.69c20a0f-f982-4974-b4ba-88b1cb9d72e5.sorted_genome_alignments.bam,97643619,94234221,3409398,0.034916752
_1_UNCID_2624610.66ea9a6e-0bfa-4eab-a96d-a8982d433d9c.sorted_genome_alignments.bam,124390239,121523975,2866264,0.023042515
_1_UNCID_2624649.435de9a0-3c2b-4b4f-87d1-92f37a0765b5.sorted_genome_alignments.bam,140063429,136535585,3527844,0.025187474
_1_UNCID_2624837.34f3d207-0bfe-4699-b01b-d145942ba488.sorted_genome_alignments.bam,157391165,153262341,4128824,0.026232883
_1_UNCID_2632842.09c2a2ad-2174-4ebc-b356-628af5e05799.sorted_genome_alignments.bam,84501892,79164411,5337481,0.063164041
_1_UNCID_2632892.d3633d63-7cbe-4014-b051-211240a29ac8.sorted_genome_alignments.bam,117591030,112002050,5588980,0.047528965
_1_UNCID_2632909.d432f7df-7104-486f-9ea9-1d16865333cd.sorted_genome_alignments.bam,136937363,128197556,8739807,0.063823392
_1_UNCID_2633119.d8259ddb-5f41-43ea-889c-1e7dba9d32bc.sorted_genome_alignments.bam,103977368,101668127,2309241,0.022209073
_1_UNCID_2633171.7b57fc63-9575-4b1f-8705-5b3cf5426997.sorted_genome_alignments.bam,149472679,141929740,7542939,0.050463664
_1_UNCID_2633645.e23ff6ac-2fdf-4838-aaa3-27e012bbf6ed.sorted_genome_alignments.bam,167445757,162207670,5238087,0.031282292
_1_UNCID_2633763.b1bab5f2-614b-436b-b53f-b2910b70c487.sorted_genome_alignments.bam,152319851,147739426,4580425,0.030071097
_1_UNCID_2634463.a126ebd8-a7e3-4ea6-92a4-cf8a3a99b19b.sorted_genome_alignments.bam,121380068,118604961,2775107,0.022862955
_1_UNCID_2634859.2f48ea8f-6e03-4f00-acc5-e9bc491ad673.sorted_genome_alignments.bam,97857115,95961856,1895259,0.019367616
_1_UNCID_2635179.92c6186a-1ba5-4125-809c-e55150463c57.sorted_genome_alignments.bam,75865928,74289477,1576451,0.020779433
_1_UNCID_2635274.24ef9702-a1e5-4276-abb2-87088861d471.sorted_genome_alignments.bam,85821305,83868163,1953142,0.022758242
_1_UNCID_2635626.12037b1a-ef64-4ea7-99c8-703132eb2d1e.sorted_genome_alignments.bam,106802032,103755964,3046068,0.028520693
_1_UNCID_2635760.1ec3463c-c56d-4b93-9873-1e7b9d2d4fc4.sorted_genome_alignments.bam,132963512,128483573,4479939,0.033692995
_1_UNCID_2636346.78f72cda-30eb-41f6-8713-795ced251abb.sorted_genome_alignments.bam,211615683,207451337,4164346,0.019678816
_1_UNCID_2636822.681e8dff-28d1-4269-a4d2-f4446e67c4ba.sorted_genome_alignments.bam,147262852,143476055,3786797,0.025714543
_1_UNCID_2637163.be86bc67-ccbb-4565-adc3-4577b8067a33.sorted_genome_alignments.bam,134813226,126578315,8234911,0.061083851
_1_UNCID_2639168.d3582fe8-0633-449d-969d-8e0e4c06bfd8.sorted_genome_alignments.bam,109327828,89560047,19767781,0.18081198
_1_UNCID_2639207.34dd06ab-c00e-4e24-8c92-eae9c430216a.sorted_genome_alignments.bam,112321612,94766527,17555085,0.156293029
_1_UNCID_2639222.5be075bb-9fa0-4821-8e61-672f28e2b833.sorted_genome_alignments.bam,112349703,108950426,3399277,0.030256217
_1_UNCID_2639233.45baf47b-b48d-44b4-b97d-1e2955a91f1c.sorted_genome_alignments.bam,120686145,113773940,6912205,0.057274221
_1_UNCID_2639455.b510c5b5-c31a-4d90-9674-994fd9c50ff1.sorted_genome_alignments.bam,148350330,143619299,4731031,0.031890937
_1_UNCID_2640339.4333b9aa-34fb-429f-b622-6ab259f12367.sorted_genome_alignments.bam,68967953,66851425,2116528,0.030688572
_1_UNCID_2640378.3c1b3db3-89b5-479d-8ddf-4765b46934f4.sorted_genome_alignments.bam,83379014,78503708,4875306,0.05847162
_1_UNCID_2640430.e4311714-b7a4-47b2-81a2-bddd0775f1e6.sorted_genome_alignments.bam,116673213,106883352,9789861,0.083908386
_1_UNCID_2640630.2ffd7576-f25e-44f1-ba9f-7db6030aa0c6.sorted_genome_alignments.bam,114461022,110149664,4311358,0.037666604
_1_UNCID_2646689.212eae3c-4ad5-48e0-90af-b6fe1dfc5554.sorted_genome_alignments.bam,77373262,74267128,3106134,0.040144798
_1_UNCID_2646945.cc3f9a0e-0984-42dc-82bd-965f0c2b6109.sorted_genome_alignments.bam,93571166,91180487,2390679,0.025549313
_1_UNCID_2647863.fc9e612c-8909-47de-b6f0-8691d5bc67c5.sorted_genome_alignments.bam,63451862,61842201,1609661,0.025368223
_1_UNCID_2648296.aa304440-f222-41d7-8ced-7387a8ac4ea3.sorted_genome_alignments.bam,63129054,61516995,1612059,0.025535928
_1_UNCID_2648316.e1adc304-07de-493e-a800-50fc1ab65b30.sorted_genome_alignments.bam,61162234,59412248,1749986,0.028612199
_1_UNCID_2648500.c518438f-04e1-4330-b440-4046002d10b8.sorted_genome_alignments.bam,67310477,65306360,2004117,0.029774221
_1_UNCID_2649481.b6c90737-2ec8-46e6-801a-7e64ba2b5b0b.sorted_genome_alignments.bam,53848045,52655226,1192819,0.022151575
_1_UNCID_2650830.c9b500aa-3196-4dc2-8580-8696b6c52c4d.sorted_genome_alignments.bam,130693527,127093012,3600515,0.027549299
_1_UNCID_2650958.1560b26a-bc8d-4bdd-b317-f04b66c2ce5b.sorted_genome_alignments.bam,112382751,109262513,3120238,0.027764385
_1_UNCID_2651003.1f431436-f6bd-4f64-81ad-820e11385e94.sorted_genome_alignments.bam,141420724,138013957,3406767,0.024089588
_1_UNCID_2651400.ed035849-50d7-4ce5-93fd-88a7735a8c92.sorted_genome_alignments.bam,330301292,322613681,7687611,0.023274541
_1_UNCID_2657123.078cb900-3686-4894-9e1f-cc4bb1e39eae.sorted_genome_alignments.bam,83187746,81221104,1966642,0.023641006
_1_UNCID_2657308.27128b12-5ccf-474a-8633-0ee201b78e2e.sorted_genome_alignments.bam,115154738,112860028,2294710,0.019927187
_1_UNCID_2657496.7819e7d1-5b57-4a61-9eee-6aa31876e78b.sorted_genome_alignments.bam,117117765,112611559,4506206,0.038475854
_1_UNCID_2659059.ddadccf6-be6f-44d4-8ad0-9e6bb4582bc1.sorted_genome_alignments.bam,118302367,115047191,3255176,0.02751573
_1_UNCID_2659213.3e205fbf-b9e5-470d-9c6f-68ff88640c45.sorted_genome_alignments.bam,132421188,126196774,6224414,0.047004668
_1_UNCID_338080.TCGA-B8-4154-01A-01R-1188-07.110418_UNC15-SN850_0062_AB07THABXX.1.trimmed.annotated.translated_to_genomic.bam,160102780,144578889,15523891,0.096962033
_1_UNCID_338410.TCGA-B0-4824-01A-01R-1277-07.110415_UNC9-SN296_0170_AB07PYABXX.5.trimmed.annotated.translated_to_genomic.bam,117730378,94021029,23709349,0.201386842
_1_UNCID_350594.TCGA-B0-5110-01A-01R-1420-07.110512_UNC9-SN296_0181_BD0C6RABXX.3.trimmed.annotated.translated_to_genomic.bam,137058252,118074782,18983470,0.138506582
_1_UNCID_350756.TCGA-BP-4782-01A-02R-1420-07.110512_UNC9-SN296_0181_BD0C6RABXX.5.trimmed.annotated.translated_to_genomic.bam,144980116,131506892,13473224,0.09293153
_1_UNCID_351691.TCGA-CJ-4872-01A-01R-1305-07.110517_UNC11-SN627_0087_BC03GJABXX.6.trimmed.annotated.translated_to_genomic.bam,157412732,135982386,21430346,0.136141122
_1_UNCID_351824.TCGA-CJ-4885-01A-01R-1305-07.110517_UNC11-SN627_0087_BC03GJABXX.7.trimmed.annotated.translated_to_genomic.bam,163336742,143669339,19667403,0.120410159
_1_UNCID_351983.TCGA-CZ-4861-01A-01R-1305-07.110517_UNC11-SN627_0087_BC03GJABXX.3.trimmed.annotated.translated_to_genomic.bam,164744102,145725677,19018425,0.115442221
_1_UNCID_355738.TCGA-CZ-4862-01A-01R-1305-07.110607_UNC11-SN627_0100_AD0CT7ABXX.8.trimmed.annotated.translated_to_genomic.bam,75670268,62722618,12947650,0.171106173
_1_UNCID_355807.TCGA-B0-5106-01A-01R-1420-07.110525_UNC14-SN744_0118_AD0D60ABXX.2.trimmed.annotated.translated_to_genomic.bam,96530868,76678786,19852082,0.205655273
_1_UNCID_355939.TCGA-B0-5092-01A-01R-1420-07.110517_UNC14-SN744_0116_AD0C6JABXX.5.trimmed.annotated.translated_to_genomic.bam,131939288,106994543,24944745,0.189062298
_1_UNCID_355961.TCGA-B0-5097-01A-01R-1420-07.110517_UNC14-SN744_0117_BC036RABXX.5.trimmed.annotated.translated_to_genomic.bam,137005130,121545890,15459240,0.112836943
_1_UNCID_356176.TCGA-B0-5102-01A-01R-1420-07.110517_UNC14-SN744_0116_AD0C6JABXX.6.trimmed.annotated.translated_to_genomic.bam,173645974,150126491,23519483,0.135445023
_1_UNCID_356311.TCGA-A3-3373-01A-02R-1420-07.110517_UNC14-SN744_0116_AD0C6JABXX.4.trimmed.annotated.translated_to_genomic.bam,195481976,171661260,23820716,0.121856329
_1_UNCID_356982.TCGA-CJ-4868-01A-01R-1305-07.110525_UNC15-SN850_0073_BD0CVKABXX.3.trimmed.annotated.translated_to_genomic.bam,75561386,64365089,11196297,0.14817485
_1_UNCID_357545.TCGA-CJ-4876-01A-01R-1305-07.110525_UNC12-SN629_0087_BC03HWABXX.2.trimmed.annotated.translated_to_genomic.bam,99690984,84870934,14820050,0.148659883
_1_UNCID_359820.TCGA-BP-4174-01A-02R-1289-07.110503_UNC10-SN254_0214_AB0BCKABXX.1.trimmed.annotated.translated_to_genomic.bam,134149180,118724522,15424658,0.114981381
_1_UNCID_359868.TCGA-BP-4763-01A-01R-1289-07.110503_UNC10-SN254_0214_AB0BCKABXX.7.trimmed.annotated.translated_to_genomic.bam,137985442,122380932,15604510,0.113088089
_1_UNCID_359883.TCGA-BP-4351-01A-01R-1289-07.110511_UNC11-SN627_0085_BC01AFABXX.6.trimmed.annotated.translated_to_genomic.bam,162145868,115413632,46732236,0.288211082
_1_UNCID_368704.TCGA-B0-5121-01A-02R-1420-07.110608_UNC13-SN749_0072_AC03JFABXX.6.trimmed.annotated.translated_to_genomic.bam,108780462,92867533,15912929,0.146284808
_1_UNCID_368713.TCGA-B0-5088-01A-01R-1334-07.110614_UNC11-SN627_0104_AD0CV3ABXX.6.trimmed.annotated.translated_to_genomic.bam,107863076,87541422,20321654,0.188402322
_1_UNCID_368718.TCGA-AK-3445-01A-02R-1277-07.110415_UNC9-SN296_0171_BB07RHABXX.7.trimmed.annotated.translated_to_genomic.bam,122571892,103463935,19107957,0.155891834
_1_UNCID_368857.TCGA-AK-3434-01A-02R-1277-07.110415_UNC9-SN296_0171_BB07RHABXX.5.trimmed.annotated.translated_to_genomic.bam,104420652,89247674,15172978,0.145306294
_1_UNCID_369499.TCGA-BP-4326-01A-01R-1289-07.110429_SN851_0035_AB0AKJABXX.2.trimmed.annotated.translated_to_genomic.bam,170105938,145215197,24890741,0.146324939
_1_UNCID_369932.TCGA-BP-4166-01A-02R-1289-07.110429_SN851_0036_BB0BGLABXX.1.trimmed.annotated.translated_to_genomic.bam,148942236,118457246,30484990,0.204676597
_1_UNCID_369947.TCGA-BP-4327-01A-01R-1289-07.110429_SN851_0036_BB0BGLABXX.3.trimmed.annotated.translated_to_genomic.bam,147861132,121135501,26725631,0.180748183
_1_UNCID_370003.TCGA-A3-3323-01A-02R-1325-07.110427_UNC15-SN850_0065_BB09BPABXX.2.trimmed.annotated.translated_to_genomic.bam,122878306,100247048,22631258,0.184176188
_1_UNCID_372556.TCGA-BP-4975-01A-01R-1334-07.110620_UNC14-SN744_0132_AD0CP3ABXX.6.trimmed.annotated.translated_to_genomic.bam,114313658,99710202,14603456,0.127749004
_1_UNCID_372565.TCGA-B2-3923-01A-02R-1325-07.110425_UNC14-SN744_0100_AB0281ABXX.3.trimmed.annotated.translated_to_genomic.bam,124923000,103830185,21092815,0.168846529
_1_UNCID_372567.2d67443d-14ec-48f7-93e0-e409b1729587.110425_UNC14-SN744_0100_AB0281ABXX.7.trimmed.annotated.translated_to_genomic.bam,123264710,100136852,23127858,0.18762757
_1_UNCID_372575.TCGA-BP-4970-01A-01R-1334-07.110620_UNC14-SN744_0132_AD0CP3ABXX.1.trimmed.annotated.translated_to_genomic.bam,112051530,98269384,13782146,0.122998285
_1_UNCID_372666.TCGA-B0-4837-01A-01R-1305-07.110620_UNC11-SN627_0108_BD0D5HABXX.1.trimmed.annotated.translated_to_genomic.bam,104536442,89348994,15187448,0.145283766
_1_UNCID_372671.TCGA-BP-4973-01A-01R-1334-07.110620_UNC14-SN744_0132_AD0CP3ABXX.4.trimmed.annotated.translated_to_genomic.bam,111540168,89483840,22056328,0.197743364
_1_UNCID_372831.TCGA-CJ-4637-01A-02R-1325-07.110425_UNC14-SN744_0100_AB0281ABXX.8.trimmed.annotated.translated_to_genomic.bam,136294116,114855166,21438950,0.15729916
_1_UNCID_373290.TCGA-B8-4143-01A-01R-1188-07.110418_UNC15-SN850_0063_BB07MAABXX.6.trimmed.annotated.translated_to_genomic.bam,131483448,104689934,26793514,0.203778608
_1_UNCID_373302.TCGA-A3-3308-01A-02R-1325-07.110421_UNC9-SN296_0172_AC0152ABXX.3.trimmed.annotated.translated_to_genomic.bam,126479434,104944768,21534666,0.170262195
_1_UNCID_373341.TCGA-B2-4102-01A-02R-1325-07.110418_UNC15-SN850_0063_BB07MAABXX.5.trimmed.annotated.translated_to_genomic.bam,151191628,124745942,26445686,0.174915016
_1_UNCID_373415.TCGA-A3-3317-01A-02R-1325-07.110421_UNC9-SN296_0172_AC0152ABXX.6.trimmed.annotated.translated_to_genomic.bam,158067600,128651235,29416365,0.186099903
_1_UNCID_373899.TCGA-A3-3319-01A-02R-1325-07.110421_UNC9-SN296_0172_AC0152ABXX.7.trimmed.annotated.translated_to_genomic.bam,187483602,158494650,28988952,0.154621267
_1_UNCID_374350.TCGA-AK-3460-01A-02R-1277-07.110415_UNC9-SN296_0170_AB07PYABXX.2.trimmed.annotated.translated_to_genomic.bam,101861752,85019367,16842385,0.165345526
_1_UNCID_374425.TCGA-AK-3425-01A-02R-1277-07.110324_UNC9-SN296_0160_AB038BABXX.1.trimmed.annotated.translated_to_genomic.bam,91365422,78597855,12767567,0.139741783
_1_UNCID_374446.TCGA-AK-3428-01A-02R-1277-07.110324_UNC9-SN296_0160_AB038BABXX.2.trimmed.annotated.translated_to_genomic.bam,76803232,69423412,7379820,0.096087363
_1_UNCID_374630.TCGA-B0-4693-01A-01R-1277-07.110415_UNC9-SN296_0170_AB07PYABXX.3.trimmed.annotated.translated_to_genomic.bam,124624610,104487741,20136869,0.161580197
_1_UNCID_374638.TCGA-B0-4849-01A-01R-1277-07.110415_UNC9-SN296_0170_AB07PYABXX.8.trimmed.annotated.translated_to_genomic.bam,110479816,85953854,24525962,0.221994957
_1_UNCID_374692.TCGA-B0-4845-01A-01R-1277-07.110330_UNC9-SN296_0163_BB05MBABXX.6.trimmed.annotated.translated_to_genomic.bam,138422258,108840569,29581689,0.213706158
_1_UNCID_386201.728ca970-8824-4ee7-bac1-35a7c66b8842.110705_UNC10-SN254_0241_BD0DYDABXX.2.trimmed.annotated.translated_to_genomic.bam,117433410,96400668,21032742,0.179103562
_1_UNCID_389528.1bd8b565-ba7e-4fff-8fd8-2b7b4d71106f.110705_UNC10-SN254_0240_AD0DKKABXX.8.trimmed.annotated.translated_to_genomic.bam,87185870,58442321,28743549,0.329681277
_1_UNCID_389896.983fe342-3f35-4a2e-94c4-0c4978ffcf66.110705_UNC10-SN254_0240_AD0DKKABXX.5.trimmed.annotated.translated_to_genomic.bam,88378450,76314150,12064300,0.136507259
_1_UNCID_394394.ae363a64-41f5-4253-ac6a-ecf6fa4ec610.110719_UNC11-SN627_0126_BC01YJABXX.4.trimmed.annotated.translated_to_genomic.bam,112201814,88944733,23257081,0.207279011
_1_UNCID_399010.6d9f9621-a9b0-4091-9425-f435061ba54f.110712_UNC12-SN629_0109_BC02BLABXX.7.trimmed.annotated.translated_to_genomic.bam,94749784,66789415,27960369,0.295096915
_1_UNCID_400043.68663b98-823a-4dd1-950b-caa33793eafb.110712_UNC12-SN629_0108_AC0402ABXX.4.trimmed.annotated.translated_to_genomic.bam,93992308,79626677,14365631,0.152838368
_1_UNCID_402458.0a92ac08-a817-401f-8827-62b419b7afc2.110711_UNC14-SN744_0141_BD0DFHABXX.6.trimmed.annotated.translated_to_genomic.bam,104310244,85197083,19113161,0.183233787
_1_UNCID_403429.778f620d-9034-4a78-9bef-e21e0cef44dc.110711_UNC14-SN744_0141_BD0DFHABXX.7.trimmed.annotated.translated_to_genomic.bam,109377340,93212708,16164632,0.147787759
_1_UNCID_404129.29eeeae4-a3c5-4008-a129-045485442021.110715_UNC14-SN744_0143_BC01UKABXX.7.trimmed.annotated.translated_to_genomic.bam,73090178,62737280,10352898,0.141645544
_1_UNCID_407359.bd434e6d-97f9-4264-952f-91b910b6249c.110707_UNC11-SN627_0117_BC03YCABXX.2.trimmed.annotated.translated_to_genomic.bam,117587110,97024651,20562459,0.174870009
_1_UNCID_407398.c2808392-116d-47bc-9065-21fc6d1b966d.110516_UNC16-SN851_0046_BC037JABXX.6.trimmed.annotated.translated_to_genomic.bam,206388428,190454564,15933864,0.077203282
_1_UNCID_408203.3097579d-f791-4677-a115-0fb1389b0274.110503_UNC10-SN254_0215_BBOB7MABXX.4.trimmed.annotated.translated_to_genomic.bam,107854768,79631298,28223470,0.261680318
_1_UNCID_426145.48c6075a-684e-4229-9c89-d96f5cd56465.110819_UNC11-SN627_0140_BB01T2ABXX.5.trimmed.annotated.translated_to_genomic.bam,127524720,115000391,12524329,0.09821099
_1_UNCID_427336.ac4b7704-ac9b-4f01-8cbe-a2fe0315f66c.110818_UNC16-SN851_0077_BB01PDABXX.5.trimmed.annotated.translated_to_genomic.bam,117955332,105590331,12365001,0.104827826
_1_UNCID_461009.88016c0c-cd18-426e-884f-e29e88bd2185.110823_UNC10-SN254_0270_BB09TFABXX.2.trimmed.annotated.translated_to_genomic.bam,99425116,88431498,10993618,0.11057184
_1_UNCID_481974.43c53585-76cc-48a1-a9b1-fe0f96912ff1.110811_UNC11-SN627_0138_AD0DLWABXX.6.trimmed.annotated.translated_to_genomic.bam,111735868,93635748,18100120,0.161990239
_1_UNCID_547970.9deea671-7443-45bd-a45f-97fde279c948.110926_UNC10-SN254_0279_AD0E60ABXX.1.trimmed.annotated.translated_to_genomic.bam,87654610,76010191,11644419,0.132844342
_1_UNCID_548118.99bee4e6-789c-4cd9-84e4-f15f1408480d.110926_UNC10-SN254_0279_AD0E60ABXX.6.trimmed.annotated.translated_to_genomic.bam,100964714,87471292,13493422,0.133644929
_1_UNCID_559129.de741d7b-594e-4167-bf35-09fc4f6753ab.110930_UNC12-SN629_0145_AD0E5GABXX.8.trimmed.annotated.translated_to_genomic.bam,92798926,73882270,18916656,0.203845635
_1_UNCID_563316.8453bed2-371f-47f4-b1aa-b29552f4571c.110926_UNC9-SN296_0245_BC048JABXX.6.trimmed.annotated.translated_to_genomic.bam,41436956,29592901,11844055,0.285833134
_1_UNCID_574170.5dfb0514-3f93-446c-80be-1c964744dbb8.110919_UNC13-SN749_0114_BB007YABXX.4.trimmed.annotated.translated_to_genomic.bam,109479466,98507158,10972308,0.10022252
_1_UNCID_574313.4e36da0f-b0b3-482f-bdb3-32dc79720a54.110919_UNC13-SN749_0114_BB007YABXX.3.trimmed.annotated.translated_to_genomic.bam,116996858,98538384,18458474,0.157768972
_1_UNCID_597697.9fc80857-fd99-4ba2-a058-48d4196f58d3.111019_UNC14-SN744_0180_AB01RFABXX.8.trimmed.annotated.translated_to_genomic.bam,95273782,85233203,10040579,0.10538659
_1_UNCID_599328.b76b8aca-3b38-46d9-9cb9-c88c9f08ddd1.110923_UNC13-SN749_0117_AD0DRLABXX.2.trimmed.annotated.translated_to_genomic.bam,101910394,88560890,13349504,0.130992566
_1_UNCID_599527.248247d8-7753-4462-9301-08424e6dc340.110923_UNC13-SN749_0117_AD0DRLABXX.3.trimmed.annotated.translated_to_genomic.bam,106048648,94579266,11469382,0.108152081
_1_UNCID_602055.0e959a22-7e2a-4cf8-92cc-ae13baee45b1.111007_UNC9-SN296_0249_BB03KMABXX.4.trimmed.annotated.translated_to_genomic.bam,51332032,35760602,15571430,0.303347236
_1_UNCID_602219.07319fab-b1e4-4954-ba4c-c2348f804b95.111007_UNC9-SN296_0249_BB03KMABXX.6.trimmed.annotated.translated_to_genomic.bam,57259372,49994800,7264572,0.126871318
_1_UNCID_602261.b5697f7c-9507-4386-bd16-91b3a0b34b30.111010_UNC10-SN254_0288_BB01Y1ABXX.3.trimmed.annotated.translated_to_genomic.bam,111662838,98706303,12956535,0.11603265
_1_UNCID_609766.90454b3b-f077-490e-bbe8-1456acbb8966.111027_UNC11-SN627_0163_AC0537ABXX.5.trimmed.annotated.translated_to_genomic.bam,122711090,108139225,14571865,0.118749373
_1_UNCID_611657.08489083-0870-4546-a53f-c4064952b690.111025_UNC13-SN749_0130_AD0EYTABXX.6.trimmed.annotated.translated_to_genomic.bam,89551130,72605877,16945253,0.189224335
_1_UNCID_612155.f9786d89-318d-44ef-b212-0b9dfaf52e75.111025_UNC12-SN629_0164_BC04WGABXX.1.trimmed.annotated.translated_to_genomic.bam,107909852,97565409,10344443,0.095861896
_1_UNCID_612159.66d68258-08fc-4527-ac06-101e4cab9c06.111025_UNC12-SN629_0164_BC04WGABXX.6.trimmed.annotated.translated_to_genomic.bam,110620110,96823360,13796750,0.124721897
_1_UNCID_622962.82de3eb7-80be-40dd-b0b7-cfaf8de56340.110930_UNC12-SN629_0145_AD0E5GABXX.7.trimmed.annotated.translated_to_genomic.bam,77841132,63998538,13842594,0.177831355
_1_UNCID_623911.b7896fd3-9fc0-47cc-aecf-c1ab6d7ded37.110823_UNC10-SN254_0269_AC019UABXX.6.trimmed.annotated.translated_to_genomic.bam,108279166,91848809,16430357,0.151740705
_1_UNCID_624369.acc16412-f539-46ab-bf42-d5188c026ca8.110823_UNC10-SN254_0269_AC019UABXX.8.trimmed.annotated.translated_to_genomic.bam,105447112,88492964,16954148,0.160783427
_2_TCGA-B7-5818-01A-11R-1602-13_rnaseq.bam,180389004,117423871,62965133,0.349051947
_2_TCGA-BR-4255-01A-01R-1131-13_rnaseq.bam,296721692,259816367,36905325,0.124376903
_2_TCGA-BR-4267-01A-01R-1131-13_rnaseq.bam,277081412,244031140,33050272,0.119280004
_2_TCGA-BR-4292-01A-01R-1131-13_rnaseq.bam,319367170,277168052,42199118,0.13213355
_2_TCGA-BR-6452-01A-12R-1802-13_rnaseq.bam,226940414,184672356,42268058,0.186251789
_2_TCGA-BR-6454-11A-01R-1802-13_rnaseq.bam,191886062,145483969,46402093,0.241821071
_2_TCGA-BR-6457-01A-21R-1802-13_rnaseq.bam,183081300,155150273,27931027,0.152560786
_2_TCGA-BR-6458-11A-01R-1802-13_rnaseq.bam,214441436,167677392,46764044,0.218073731
_2_TCGA-BR-6564-01A-12R-1884-13_rnaseq.bam,186224202,131133884,55090318,0.295827918
_2_TCGA-BR-6564-11A-01R-1884-13_rnaseq.bam,253148754,208790308,44358446,0.1752268
_2_TCGA-BR-6705-01A-12R-1884-13_rnaseq.bam,199425318,147120496,52304822,0.262277741
_2_TCGA-BR-6707-01A-11R-1884-13_rnaseq.bam,152996664,110650308,42346356,0.276779604
_2_TCGA-BR-6710-01A-11R-1884-13_rnaseq.bam,236583322,192221118,44362204,0.187511967
_2_TCGA-BR-7196-01A-11R-2055-13_rnaseq.bam,194084236,177433757,16650479,0.085789961
_2_TCGA-BR-7703-11A-01R-2055-13_rnaseq.bam,292801994,257709695,35092299,0.119849932
_2_TCGA-BR-7707-01A-11R-2055-13_rnaseq.bam,127249402,113510207,13739195,0.107970606
_2_TCGA-BR-7717-01A-11R-2055-13_rnaseq.bam,169466590,138380586,31086004,0.18343441
_2_TCGA-BR-7722-01A-31R-2203-13_rnaseq.bam,192349590,139060655,53288935,0.277042103
_2_TCGA-BR-7723-01A-11R-2055-13_rnaseq.bam,166094314,153569918,12524396,0.075405327
_2_TCGA-BR-8060-01A-11R-2343-13_rnaseq.bam,201485416,168200940,33284476,0.16519546
_2_TCGA-BR-8077-01A-11R-2343-13_rnaseq.bam,219260172,159905029,59355143,0.270706451
_2_TCGA-BR-8081-01A-11R-2343-13_rnaseq.bam,257354746,186579022,70775724,0.275012313
_2_TCGA-BR-8284-01A-11R-2343-13_rnaseq.bam,262033822,208383869,53649953,0.204744382
_2_TCGA-BR-8297-01A-12R-2343-13_rnaseq.bam,249418700,204209460,45209240,0.181258422
_2_TCGA-BR-8361-01A-11R-2343-13_rnaseq.bam,225425098,190087582,35337516,0.156759457
_2_TCGA-BR-8365-01A-21R-2343-13_rnaseq.bam,224862624,181793905,43068719,0.191533472
_2_TCGA-BR-8484-01A-11R-2402-13_rnaseq.bam,220420970,202227791,18193179,0.082538331
_2_TCGA-BR-8485-01A-11R-2402-13_rnaseq.bam,133106480,120054741,13051739,0.098054873
_2_TCGA-BR-8486-01A-31R-2402-13_rnaseq.bam,235850530,215589417,20261113,0.085906582
_2_TCGA-BR-8588-01A-11R-2402-13_rnaseq.bam,150508062,136813391,13694671,0.090989618
_2_TCGA-BR-8589-01A-11R-2402-13_rnaseq.bam,119997400,108605600,11391800,0.094933724
_2_TCGA-BR-8591-01A-11R-2402-13_rnaseq.bam,214607332,195150675,19456657,0.09066166
_2_TCGA-BR-8677-01A-11R-2402-13_rnaseq.bam,112374688,102675181,9699507,0.086313984
_2_TCGA-BR-8682-01A-11R-2402-13_rnaseq.bam,154516508,143486219,11030289,0.071385829
_2_TCGA-BR-8687-01A-11R-2402-13_rnaseq.bam,229482746,207383694,22099052,0.096299405
_2_TCGA-BR-A4IU-01A-22R-A251-31_rnaseq.bam,282483142,254347952,28135190,0.099599536
_2_TCGA-BR-A4IZ-01A-32R-A251-31_rnaseq.bam,336982070,299935450,37046620,0.109936472
_2_TCGA-BR-A4J1-01A-11R-A251-31_rnaseq.bam,329325828,303237289,26088539,0.079218017
_2_TCGA-BR-A4J4-01A-12R-A251-31_rnaseq.bam,244220810,208634140,35586670,0.145715142
_2_TCGA-BR-A4J8-01A-11R-A251-31_rnaseq.bam,278932332,244051909,34880423,0.125049767
_2_TCGA-BR-A4PE-01A-31R-A251-31_rnaseq.bam,343294988,306834520,36460468,0.1062074
_2_TCGA-BR-A4QI-01A-12R-A251-31_rnaseq.bam,329028366,295780455,33247911,0.101048768
_2_TCGA-BR-A4QL-01A-31R-A251-31_rnaseq.bam,280677382,243811803,36865579,0.131345029
_2_TCGA-BR-A4QM-01A-12R-A251-31_rnaseq.bam,242780458,215111712,27668746,0.113966117
_2_TCGA-CD-5800-01A-11R-1602-13_rnaseq.bam,211891028,140355101,71535927,0.337607154
_2_TCGA-CD-8529-01A-11R-2343-13_rnaseq.bam,237693528,198472229,39221299,0.165007854
_2_TCGA-CD-8531-01A-11R-2343-13_rnaseq.bam,216069656,174136788,41932868,0.194071064
_2_TCGA-CD-8535-01A-11R-2343-13_rnaseq.bam,232533918,195589014,36944904,0.158879635
_2_TCGA-CG-4441-01A-01R-1802-13_rnaseq.bam,226909110,185441757,41467353,0.182748736
_2_TCGA-CG-5719-01A-11R-1602-13_rnaseq.bam,224441096,134676346,89764750,0.399947922
_2_TCGA-CG-5722-11A-02R-1602-13_rnaseq.bam,136334984,91029657,45305327,0.332308889
_2_TCGA-CG-5724-01A-11R-1602-13_rnaseq.bam,184186374,141203326,42983048,0.233367144
_2_TCGA-CG-5725-01A-11R-1602-13_rnaseq.bam,195430592,135550609,59879983,0.306400254
_2_TCGA-CG-5734-01A-11R-1602-13_rnaseq.bam,173443180,102638338,70804842,0.408230765
_2_TCGA-D7-5577-01A-01R-1602-13_rnaseq.bam,202716374,107508979,95207395,0.469658139
_2_TCGA-D7-5578-01A-01R-1602-13_rnaseq.bam,161265938,129854461,31411477,0.194780605
_2_TCGA-D7-6524-01A-11R-1802-13_rnaseq.bam,207445818,168266686,39179132,0.18886441
_2_TCGA-D7-8575-01A-11R-2343-13_rnaseq.bam,242057834,201896609,40161225,0.165915824
_2_TCGA-D7-8578-01A-21R-2343-13_rnaseq.bam,229803128,197825613,31977515,0.139151783
_2_TCGA-F1-6874-01A-11R-1884-13_rnaseq.bam,273037498,246187378,26850120,0.098338581
_2_TCGA-FP-7735-01A-11R-2055-13_rnaseq.bam,224610846,205800079,18810767,0.083748258
_2_TCGA-FP-7829-01A-11R-2055-13_rnaseq.bam,119855480,109109447,10746033,0.089658253
_2_TCGA-FP-7998-01A-11R-2203-13_rnaseq.bam,243488802,200395214,43093588,0.17698386
_2_TCGA-HU-8238-01A-11R-2343-13_rnaseq.bam,221311944,156331375,64980569,0.293615283
_2_TCGA-HU-8602-01A-11R-2402-13_rnaseq.bam,211518830,195073017,16445813,0.077751059
_2_TCGA-HU-A4G3-01A-11R-A24K-31_rnaseq.bam,240603764,214800406,25803358,0.107244199
_2_TCGA-HU-A4GC-11A-11R-A251-31_rnaseq.bam,196066280,169383921,26682359,0.136088465
_2_TCGA-HU-A4GT-01A-21R-A251-31_rnaseq.bam,191493800,169259626,22234174,0.116109106
_2_TCGA-HU-A4GX-01A-12R-A251-31_rnaseq.bam,251442250,226322115,25120135,0.099904193
_2_TCGA-HU-A4H0-01A-11R-A251-31_rnaseq.bam,257644668,227072466,30572202,0.118660333
_2_TCGA-HU-A4H2-01A-11R-A251-31_rnaseq.bam,331303500,294129151,37174349,0.112206327
_2_TCGA-HU-A4H4-01A-21R-A251-31_rnaseq.bam,280515718,252203395,28312323,0.100929542
_2_TCGA-HU-A4HB-11A-11R-A251-31_rnaseq.bam,261736838,233736187,28000651,0.106980168
_2_TCGA-IN-7806-01A-11R-2055-13_rnaseq.bam,194629526,172273665,22355861,0.114863667
_2_TCGA-IN-7808-01A-11R-2203-13_rnaseq.bam,239602112,190722649,48879463,0.204002638
_2_TCGA-IN-8462-01A-11R-2343-13_rnaseq.bam,211856680,148152095,63704585,0.300696608
_2_TCGA-IN-8663-11A-01R-2402-13_rnaseq.bam,91670406,82562627,9107779,0.099353536
_3_TCGA-BR-6452-01A-12R-1802-13_rnaseq.bam,226940414,184681015,42259399,0.186213633
_3_TCGA-BR-6454-11A-01R-1802-13_rnaseq.bam,191886062,145478931,46407131,0.241847326
_3_TCGA-BR-8365-01A-21R-2343-13_rnaseq.bam,224862624,181803664,43058960,0.191490072
_3_TCGA-BR-8682-01A-11R-2402-13_rnaseq.bam,154516508,143492449,11024059,0.07134551
_3_TCGA-FP-7998-01A-11R-2203-13_rnaseq.bam,243488802,200387010,43101792,0.177017553
00a016cbe7ea291456bdcbd03dc828b0.bam,1040107870,999011454,41096416,0.039511686
01aa8d222c93eac50081544889046aeb.bam,1214952770,1123375921,91576849,0.075374822
01e2ea9ed2554ea6df56ed963414b511.bam,1891268904,1754993873,136275031,0.072054815
023c722ed278d2ab1cbbeef1bfee4130.bam,1741556612,1678135614,63420998,0.036416271
03bef5376c018b6d84c592f87aea1f37.bam,1254908446,1175799291,79109155,0.063039782
0434f7930c67bd9c412cb31f2ada0466.bam,2004505110,1911514912,92990198,0.046390602
05ac8012bd475ab2ce3d45b2e0e5864b.bam,1029362844,972990247,56372597,0.054764554
05b05a3f284cf713011e4bd81b09ab5e.bam,1908777024,1843074609,65702415,0.03442121
063d6bdd81ba674cf8ce55970b76bc7d.bam,2096280992,2002129693,94151299,0.044913492
064d2f15569ea353626d7b59f5bfd25d.bam,1065896272,1015347790,50548482,0.047423453
077f179af5b7fe13cbfcc88a10123c85.bam,2010441208,1870145156,140296052,0.069783713
08f5ca11eae517c5ad7ce14a801eaf99.bam,2.18E+09,2052848954,126821046,0.058183599
0a1391284ac30b02d85a5885bca3ad6d.bam,987622100,927584737,60037363,0.060789813
0c8a429a53075b0031b9c569f8d6ad02.bam,1143736526,1100799295,42937231,0.037541191
0d7ea159b3c042301806802cc84afa8f.bam,2043735524,1992986084,50749440,0.024831706
0d9ef8b814476b334be08fe7ee6ea88c.bam,2.17E+09,2033050108,137439892,0.063322057
0e568ec10e5985f96895830ea05ab7ea.bam,1147498254,1084185117,63313137,0.055174931
0edf5c3de83b754d8d9b5ed6ab9e8a94.bam,1159746786,1115548816,44197970,0.038110017
0efe658adac35f9288ebc6e59891a34b.bam,2052065036,1852635064,199429972,0.097185015
0f22f8fd9ef38ba084e8f5d882a18e4d.bam,1959681369,1865756429,93924940,0.047928679
0f6f01b874a9ad317f478405d01a7b78.bam,1245970634,1202628824,43341810,0.034785579
103f34ff20cea99f215bfb7393f043b8.bam,1902413202,1831938124,70475078,0.037045095
1076369c844452a633e3edce84850064.bam,1929579820,1861633023,67946797,0.035213261
11061be66fae71c16788fd9fc1a73afb.bam,1060908150,1011169055,49739095,0.046883507
112778209a264064ef4723c2643be148.bam,1109974308,1040201151,69773157,0.062860155
114daee2d5db94a8d315a300daafb728.bam,1736893164,1676926569,59966595,0.034525206
1164896cd389b0293fc5d942b5da6940.bam,1047839630,1007849690,39989940,0.03816418
11e9896c1184c4a8c38f78209b067bcf.bam,1976530936,1808733635,167797301,0.084894852
12cdfd6759ccc47c2476719bbb230bf7.bam,1105011758,1066983691,38028067,0.034414174
12dd02ea14d0a87df23ce3bef406fe27.bam,2062569234,1998583162,63986072,0.031022509
138102d5725a67563ee38c7d240bfa5b.bam,1033491040,993123023,40368017,0.039059862
13cf3705382d9fa3718c1f9ee909853b.bam,1060312772,1022794356,37518416,0.035384291
1401474c9715a75706af4e73d3914782.bam,1208773142,1162884725,45888417,0.037962803
141cc2a256a4e0066e43ca564fb958ad.bam,1168202582,1114153583,54048999,0.046266803
142ba22e796cab1075278cd533a287c8.bam,2.19E+09,2047823318,145576682,0.06637033
143a9f78e15769fd3d037c291de40599.bam,1762778162,1714545001,48233161,0.027362014
143cb9761910d538bdd6adea5e1b8cca.bam,1182287038,1142160343,40126695,0.033939893
1460837133c752e48d8ded9f16cc5949.bam,1947199686,1867453128,79746558,0.040954484
157ae84a45d89d7cc89e89e59978db47.bam,1733250678,1694786855,38463823,0.022191725
161c6ea1a81d271566d819bb40703564.bam,1955920448,1885815594,70104854,0.035842385
16c5b03f7a162662f87a6ef4eb8efdb7.bam,1668008146,1608155433,59852713,0.035882746
186d1b12be64c51f2303cdddde357025.bam,1834651006,1754408296,80242710,0.043737316
195004977c13d70e1a42ad2ef9b19fa4.bam,1173911502,1130956339,42955163,0.036591483
19ada9681b4376a963a9b9e1b4877a12.bam,1110225378,1041014691,69210687,0.062339313
1a412b398e31a45c322e65711a35d52f.bam,982210468,944564056,37646412,0.038328254
1ba3844520b272a8a41adea7119b7add.bam,1016425638,979428835,36996803,0.036398927
1d2f2091a246a644d3f997d0edfd860a.bam,1814866940,1728499442,86367498,0.047588887
1d839fbbdcb1971d9a0ef13b9f7a8b2e.bam,1977577378,1925355489,52221889,0.026407002
1df2bf9cb438141bbe76b4a18e708e91.bam,1259957480,1221046269,38911211,0.030882956
1e153b1e43ce5444de39e6c20baa20c7.bam,1063837792,984957303,78880489,0.074147102
1e6e9eda1facdcda16b8442c40fec9c7.bam,1610264356,1549884963,60379393,0.037496572
1e9af460376762c5d489a2b820834e3f.bam,1235334032,1161509218,73824814,0.059761014
1e9de602347f4c3b44493a7b389e177b.bam,1069950054,999981155,69968899,0.065394547
1ee077bc38d6f8b5a3c7283664ca525b.bam,1051329136,1008181416,43147720,0.041041115
1f466cc9506aff74d0ecb5f37d454082.bam,1096507030,1052463888,44043142,0.040166767
2258e57e8e0af9db6969a1da86177ca7.bam,2144078082,2032072674,112005408,0.052239426
243c10f1efa33520bf06a2abbf747e06.bam,1034750720,999116004,35634716,0.034437972
247da315a50c7fb4598daf792c5086ff.bam,1168916016,1101337865,67578151,0.057812666
2548c39fc92627580ce126914f9e541c.bam,1173743260,1117497585,56245675,0.047919913
282e52fc396cb531fa21b3436906608f.bam,1982928714,1906882077,76046637,0.038350666
29084d88d2f33ba899ea13cb6d938384.bam,1916257552,1853437722,62819830,0.032782561
29d8acadae6e2c6643400b1090ef29f2.bam,2.16E+09,2060054141,103155859,0.047686475
2b3e58fa7d731b844fe92dfbeb9a597e.bam,1215953776,1169402753,46551023,0.038283547
2be207283820c51539ebdfde69ab84ca.bam,1922456446,1836812367,85644079,0.044549295
2c5b37c2fff4a62ce10d93452de3771f.bam,2030700864,1883388257,147312607,0.072542741
2cf824ff67beaee254d0025b0c57ecfb.bam,1939383944,1878978349,60405595,0.031146795
2d076b319d13bbab7835a04a2d724a18.bam,1121754710,1092350475,29404235,0.026212714
2d3ccd84c9564a9f00feb1379762746c.bam,1709502888,1650464420,59038468,0.03453546
2d65798c16f002af919022459ec3009d.bam,2042574546,1968492930,74081616,0.036268745
2db39072c0d1914dea2d317877070812.bam,2.24E+09,2.16E+09,76080000,0.033961708
2e173cba9eef7aec792a9b66d36c62fd.bam,1540701314,1498583434,42117880,0.027336824
2eaa264efb60b22dbe42a997b35f232e.bam,1046866794,1007584944,39281850,0.037523255
2fa9bf8f4ca8cc6f8392362de32be09a.bam,1024339502,985173860,39165642,0.038235021
3016434d8255a1fb2b32ae1ae47ef1ec.bam,1813651478,1737462168,76189310,0.042008793
305608c6dd9b31358a9837c9f0da7c16.bam,1180442844,1125895904,54546940,0.046208879
30e285b326196b3c05f1a202424a5b2f.bam,1937383918,1868505018,68878900,0.03555253
3272b46f2b0b4ced2d306818a7890234.bam,1053441992,1007089043,46352949,0.044001425
333fbe3c434cef7ad15ead3da2957f3d.bam,1108924696,1061760740,47163956,0.042531252
361e7a513afa7609e295faeb67b6c110.bam,1230672450,1167041091,63631359,0.051704545
3673e63534c107f41189cc7b216ed30b.bam,1105299796,1063686595,41613201,0.037648791
36b47238be0497f388623d943762497c.bam,1584363932,1526396601,57967331,0.036587131
370adf908e1152465496ae2b9582e23f.bam,2090160808,2043184537,46976271,0.022474955
384e3a54d13c4da95f4e7a281f456d43.bam,1154297482,1111587961,42709521,0.037000445
3868e1400ab74a5d31b7f3ace5862177.bam,1675945078,1584458474,91486604,0.054588068
38b3ee1ebcc03f8d994e177b973cd6db.bam,1069085466,1032495527,36589939,0.034225457
39d36a4631a0662e48415735c9e225a7.bam,1745717292,1673205529,72511763,0.041536945
3a01287b5f545395a05cd849b38ca6c4.bam,1143149446,1099049138,44100308,0.038577903
3a96e8c557be05593e3dbb1fccbb73d1.bam,1892733938,1825531633,67202305,0.035505416
3ac5940e7260ebdac67fda67f843bb37.bam,1052938924,1005852649,47086275,0.044718904
3d2308f4fcb270a0468e663dc68d9a50.bam,2.16E+09,2026334833,132055167,0.061182255
3d9f475186150ea055fddf25af7bb7e3.bam,2048110024,1980903401,67206623,0.032813971
3ef8e47cf81ea29f26bf77c4c33b453f.bam,1855035262,1795840292,59194970,0.031910428
3f3ef84660f7426d20a9c5cb429db8ee.bam,1052019018,1014378810,37640208,0.035779019
3ff0f4f5e508ac0ae2c9b8406e4ff866.bam,1249691826,1178627009,71064817,0.056865873
4042a719096f3096b3cbb539a45e6492.bam,2.25E+09,2126744827,125325173,0.05564888
406aecbc23505359850e57fbf05d5b67.bam,2145873044,1989389464,156483580,0.072923037
435533d16e831b2d6f6a0dc3bd50df1e.bam,1140837200,1088187560,52649640,0.046150003
437fd4c58a0c6f406413c5f2b3073d0a.bam,2024962126,1953702911,71259215,0.035190394
450a0ae734ab89c01b82ea2af8dacc92.bam,1997214644,1914808606,82406038,0.041260482
457ee39945c7939772dcc332d62d2032.bam,1014362276,976755393,37606883,0.03707441
459f50a1a35d272785306ecb71cc5754.bam,2001063262,1961922106,39141156,0.019560179
45d8009fe017f814c4cd066fa993ed8f.bam,1256319388,1141138394,115180994,0.091681299
46558eada33c446ae8c1b02d32740dab.bam,1890824682,1823636596,67188086,0.035533747
4844004286e9369557674738d9be6d4a.bam,1091227334,1037523598,53703736,0.049214068
4904c28d460c5452fabb15e54e66ee71.bam,1835740972,1755764854,79976118,0.043566124
49320cdd49b83c21082251cf7413af62.bam,1343529436,1301054732,42474704,0.031614271
49861aebca28da370701b7a96aff70cd.bam,1203936462,1117999879,85936583,0.071379666
4aa512860ab86fb3f56ebdc8fcd69ce1.bam,2.16E+09,2088822068,67327932,0.031225996
4c50874f118c0e39c13326271773b809.bam,1287535014,1214142564,73392450,0.057002294
4cc480609f127baaadd7eaeae13f96df.bam,1244144668,1171967810,72176858,0.058013236
4d34550076e0e5e5f628e1f2d531963f.bam,1832773872,1742396024,90377848,0.049312056
4d55b306c9f948c74d83dd41705f0440.bam,1464582114,1396427183,68154931,0.046535411
4e04a50d4698f562bb4cb2d8a39c7527.bam,1061685690,1026776598,34909092,0.032880816
4e9520d4069328bdb2c43937716bc859.bam,1742576520,1674521409,68055111,0.039054303
4f775502d475a2bb06ef956ee457c09b.bam,1116842060,1078104129,38737931,0.034685237
4fa7ea559428c6a86aecf3aa8cb8acc0.bam,1746925336,1669220831,77704505,0.044480725
511a3675203dfa8034f97dbe11cc6195.bam,1877567224,1815610172,61957052,0.03299858
51fb402ae50ce6ad975504649caad6ce.bam,1192764550,1140946075,51818475,0.04344401
5271a27f0d1c57058d98a3160eb23cdf.bam,1576531142,1527863842,48667300,0.030869863
52a567ba68a991f7946cfbf0a1803a67.bam,2048092368,1901159006,146933362,0.07174157
52cd8d256fb4230a57b9973428e5d8a4.bam,2095731792,1949234665,146497127,0.069902612
54c87a63e243f1591e2bdfffad550c99.bam,1465944160,1326806925,139137235,0.094913052
54edfd331e278de330c2f6fc9d8b6e06.bam,1762666598,1655409181,107257417,0.06084952
551a836dfba4ddbf7b7859a2395b7794.bam,1917298362,1858796493,58501869,0.030512658
5558c7df0d51bb79bfaac8934adf6c43.bam,1979237332,1928389826,50847506,0.025690454
55d6e765b492c11513427738173a07b8.bam,1744831908,1682826723,62005185,0.03553648
56c4e1fd143ea68f16ed05f49f2cd315.bam,1877896738,1781386025,96510713,0.051392982
56ee38b83bbac3302bd71fef66bd52a5.bam,1946345082,1871449402,74895680,0.038480165
584d3eda47ec27e5fcabcd9551aaad55.bam,1245763206,1187117913,58645293,0.047075795
58c9640b867e208cc0db2f7a975b1c51.bam,2045558406,1972652772,72905634,0.035640945
58d251e38e74fbdfea909ba38fd6b2c4.bam,1112778288,1071661268,41117020,0.036949876
59614cc1b7530d11e6c78b04c1b3415d.bam,1229661644,1178944424,50717220,0.041244858
5b233e3c073c9b60910bddaec0e5ed79.bam,1655347460,1539039527,116307933,0.070261945
5b90de51bbfaf67cf060a869713e0324.bam,1846792798,1732161159,114631639,0.062070655
5bb7debe47981e59cd82317bf4ef97fa.bam,1247734648,1200076996,47657652,0.038195342
5c54cebf17d98a845d11ad5d5185f4a0.bam,1096329024,1046883149,49445875,0.04510131
5c56d50bef568c9257651f615ec606b3.bam,1846058764,1779506775,66551989,0.036050851
5ccefc1bca215bf54bcca30953e25fc3.bam,1990162160,1931900602,58261558,0.029274779
5d0262da4025c9d30132153329060e06.bam,1281141354,1213234578,67906776,0.053004905
5d97ddc05d218a76448b199e90a42889.bam,1173128200,1104561985,68566215,0.058447333
5decd6fc51393068c23c55ac1ad92921.bam,1152511822,1112055987,40455835,0.035102317
5e03098f26dc684c1f21cc0094f04543.bam,2089381602,2016493980,72887622,0.034884782
5e03deaed4f9d67805b748d70f393b0c.bam,1136112012,1097722956,38389056,0.033789851
5e5b36501f397d1baded6fb8e0d1272a.bam,1154366510,1114310493,40056017,0.034699566
5e859f6467c712851a78fd973b655dc1.bam,2013315362,1956166672,57148690,0.028385364
5ef6a0389326d4bf5accd20037a358d3.bam,1777330368,1674355651,102974717,0.057937859
5f23a57e0e5180bd231904f1597b6cc5.bam,1256180582,1165431030,90749552,0.072242441
5f3d3040681cc587e66a46c6fe973f92.bam,1939935996,1865240401,74695595,0.038504154
5f651cb67a58c86e824c7bc365100295.bam,1251033348,1197530573,53502775,0.042766866
6011eb0b47e84a64100b4ab1fb7890d4.bam,1028697036,976987016,51710020,0.050267492
61a02d82b4437f653c127eb3d3e0a78d.bam,1978072128,1906039494,72032634,0.036415575
63caf3c72c859d6a05579c2a05cead25.bam,2120118924,2040277177,79841747,0.037659089
63fce88d543c8b969ca3171331e19211.bam,983640902,939370832,44270070,0.045006333
6429be58cf6322412ec81547c4dc139b.bam,1643404408,1592525667,50878741,0.030959355
6507fcb7033a99eba7d09d1768996237.bam,2124412834,2044948382,79464452,0.037405372
65189fcf3f65e0fc96913b5dbc27974a.bam,1844135394,1785387863,58747531,0.031856409
6520482bf50a726c446002cb9b06ac69.bam,1777723514,1709512041,68211473,0.038370125
6541447d40abf6e8944eb0fde79c5bb3.bam,1911866542,1846805927,65060615,0.034029894
666886d606520f78a6620cf9eb2e88cb.bam,1268085420,1181899904,86185516,0.067965071
677ceb59bb28b84c7a5d5e3d3a1332c9.bam,1042235424,999865090,42370334,0.040653324
67919d6ae2817354d43a764971e0608f.bam,1698488068,1638477466,60010602,0.035331777
6822184f0a41bd067261cf1591f0dbf6.bam,1802977114,1732892664,70084450,0.038871514
682471ccf3c736af5187920ac83b2068.bam,1839792590,1776129933,63662657,0.034603171
682d86f6440758f0452a9556d9b0d965.bam,1110251846,1071679062,38572784,0.034742373
68643203aa5b5cbe3d40a15c06570987.bam,1472967354,1388965156,84002198,0.057029233
690abaeb2cb158cb141d3f5315e2ef25.bam,1184908566,1142101795,42806771,0.036126645
692c3778a86ca9872957c9a79f3cb1f1.bam,1224862822,1196314388,28548434,0.023307454
6979f0583ba67718dda7c5ddb907abd8.bam,2.20E+09,2080737992,117912008,0.053629276
6d7e6efd259f6da22588aaacd73c3c0e.bam,1165183456,1115902337,49281119,0.042294729
6dfdd72436bacf6a5f435146137eee03.bam,1735192172,1671983015,63209157,0.036427756
6e5cc39dc99c646350c2188f42625edd.bam,2043565062,1933587651,109977411,0.053816447
6e6df6d5127aa75119a983f6e9554092.bam,1188371820,1138400711,49971109,0.042050062
6e7789618e7259fb52cad2908f02f68b.bam,2085791594,1952082122,133709472,0.064104905
6f9e6813a75e86e0dd1890966a4457d9.bam,1956835428,1914037916,42797512,0.021870777
7045965ad05f0b9ab7f3f3f756d6c191.bam,2015461546,1965727893,49733653,0.024676061
70e610fa22329c2d1c043073d2a351bd.bam,1075075480,1033175683,41899797,0.038973819
72037429d860f22e2662003e14708cfe.bam,1206130200,1167892008,38238192,0.031703204
7205318b126c437ae3a99c9c456bdb71.bam,1028233480,979909813,48323667,0.046996784
72077dd82688118a434727543642c7ea.bam,1154721680,1101719412,53002268,0.04590047
72e59a417c67930a0de99ab36c4df550.bam,1016732308,975032120,41700188,0.04101393
730dac4f2b9e3f7bc83f758dbd514583.bam,1857079248,1791369874,65709374,0.035383183
7312d5e6ae948c9c6485d394dd643d43.bam,1097057330,1047494250,49563080,0.045178204
749ef764c5fcf5ac98cf3e0086566a41.bam,1834264230,1769282331,64981899,0.035426684
7584b2ea6ab67ca7411a7722eb44d8dd.bam,1045432254,1003177494,42254760,0.040418458
75ee291068e5b81083484950ce18b4d8.bam,1210901648,1145233851,65667797,0.054230496
760071f8e60ef39a6884464df08526f5.bam,1052645238,992871172,59774066,0.056784626
7652d849b685c386a065309525f742d7.bam,1266396790,1199030025,67366765,0.053195622
77181bb00b006255840c66efcab8d16e.bam,2126737547,2041706501,85031046,0.039981918
77c3044fa5dcd9733a29a43fe849d146.bam,986675024,940270654,46404370,0.047031058
784368518e3a3c64c915a45ea1a63ef8.bam,1028233480,940228840,88004640,0.085588188
7a02be700709d5daf6393100f819a952.bam,1774280792,1702685998,71594794,0.040351445
7abe99091880688658f0fbf83d4b2209.bam,1917565732,1841447469,76118263,0.039695256
7b7def1e9078a8087bb1b2791f5c4d57.bam,2084348190,1982568186,101780004,0.048830615
7bb361e97c34cfa7d98b7297a5f65604.bam,2002419744,1941827587,60592157,0.030259468
7cc3dd16015812a7719ba947df5a6072.bam,1012170166,977964925,34205241,0.033793963
7cdc3dce590a37c14215501abc56072b.bam,1025373938,990911125,34462813,0.033609995
7d61482fcdb0b3474ce081a341b53dc4.bam,1030335294,990296781,40038513,0.038859693
7da068ecfc1c9feb10193349c64bd217.bam,1252856554,1205865880,46990674,0.037506827
7e4be797a621ce82629293065b38f858.bam,1781156700,1693108213,88048487,0.049433319
801434f25120f36fe582c7906500e08e.bam,2.15E+09,2045588803,102671197,0.047792724
804182419c4c4708dc5058194c29d6d2.bam,1606890050,1548842210,58047840,0.036124338
8171dcfcf0e0d24686c680765f13cb3d.bam,1211418876,1128322110,83096766,0.068594578
824558b943d0281e9fdc0f4e97a69b78.bam,1896994342,1836054462,60939880,0.03212444
826a94a33e1850d9f4bb57ed99d013e7.bam,1065129632,1021460656,43668976,0.040998743
84cabc6d988c220d0be27b3d2d76db69.bam,1658865164,1593936704,64928460,0.039140288
869d810ce565d6181a7a0471f851fd20.bam,2097918134,1967879586,130038548,0.061984567
87fe1a78d4d22c8d3ecbf97c42b8c414.bam,1184983520,1143013763,41969757,0.035418009
890d7ec2b62541e2e80696ea62529008.bam,1915859550,1790661420,125198130,0.065348282
898a39476e967ce15adbf5f7f4230feb.bam,1970035654,1906396391,63639263,0.03230361
89dbee07092c93fa8887c783423d9662.bam,1997660274,1943282759,54377515,0.027220602
8a3283276f7379064644ef8c36430362.bam,1338636586,1271331331,67305255,0.05027896
8a34a453a51130ed0f395b8cac03fe30.bam,1084988204,1043924795,41063409,0.037846871
8acca8432df87fc66fbf834556f68a20.bam,2021550064,1871670378,149879686,0.074140972
8be090d1b6b3dcd84524b15677209008.bam,1124440388,1072963016,51477372,0.045780437
8d0537e44f3c8b0c56a7decef1236da3.bam,1080877058,1042466565,38410493,0.035536413
8f5c8fd28b6c6113bdedd06a58237d53.bam,1006212338,968174952,38037386,0.037802544
917393fd54d541ee5bf939911e9e1142.bam,1707197408,1651581494,55615914,0.032577319
91d578e349e51da30596c416f3e08405.bam,2001448444,1857563929,143884515,0.071890193
92b17b06dd8c1279647435d6dc17b382.bam,1612281636,1511343978,100937658,0.062605475
943f4d785b943d37fff5ff0c234c4566.bam,1925087126,1858304245,66782881,0.034690836
94b51555d1de0d10503b34342b586c3b.bam,1308348146,1222114149,86233997,0.065910589
951b84e6d6a0e3c96960a60e3291e860.bam,1152802684,1094557180,58245504,0.050525129
95b879a71f7bf9082e2f29544a9a96e5.bam,1228550836,1174491478,54059358,0.044002541
9646c21c9ef08fca9f08151b0ff38ee5.bam,1275415914,1192302094,83113820,0.065166052
96494da11b3953fa17435019d7e9b926.bam,1326106750,1230630376,95476374,0.071997502
96931b4ebc549e6fc4857a1d420bb860.bam,1918254234,1838114624,80139610,0.041777366
9730009cb05430035cc9988462351cef.bam,2037448922,1922791993,114656929,0.05627475
97d6377295cd0817733cb7c43c4ada7a.bam,1189171874,1127228055,61943819,0.052089879
9802f275692b4130ed0848237ee1447e.bam,1228173358,1182539338,45634020,0.037156009
985ebcb22e11e01fdcef2ea18860a936.bam,1116494224,1077327955,39166269,0.035079688
99231eb34b1f9fb496429a33945944d6.bam,1048282008,990255107,58026901,0.055354285
994b896532e3794d4f63fb96973b2256.bam,972280330,918642142,53638188,0.05516741
9a3623ca36e06ee9d500dc34c0a877e8.bam,1194252888,1152579004,41673884,0.03489536
9ae1429cc5f7f8e4692281baf49e4ff5.bam,2.31E+09,2.16E+09,149030000,0.064583369
9bc66de4dce9c72e3a48ab48eebc3e7b.bam,1142359984,1091246082,51113902,0.044744129
9bcdd395d21fe21860b2a4e5833d1d6c.bam,1220014998,1179055846,40959152,0.033572663
9ca76c5419b7c28caff81be798afdf6d.bam,1246671256,1152433107,94238149,0.07559182
9d8ce2b76d747b3501ea18ad8f1b4bfb.bam,1246428728,1202333245,44095483,0.03537746
9e0aa323dd137c62bd3ba6626357862a.bam,2053043092,1951401533,101641559,0.049507757
9fd4a7bb1756a87afb37ac7a45bbe196.bam,2062872192,1917825266,145046926,0.070313094
a10df74fe68e2f8902de76b1691f26cd.bam,2038049968,1959142990,78906978,0.038716901
a246b48a0a312eda5cafb748151a117b.bam,1720337230,1673024530,47312700,0.027501992
a3d780740258da56025b3a939d1ea7d5.bam,1745025164,1644897752,100127412,0.057378778
a40573206785187a19235a673ae4ab01.bam,1300192296,1229434172,70758124,0.054421276
a67ab1214f8c6bab30f876560e45768a.bam,1944635710,1881452922,63182788,0.032490809
a71534313dd3551e1b02d0eed8d54add.bam,1594387564,1520966853,73420711,0.046049475
a76527914454587759373c0190c7678e.bam,1139143310,1088409173,50734137,0.044537098
a765afe852088b93b14f4f8d87893494.bam,1468578648,1406704523,61874125,0.042131979
a7751c8cfdc93f1d8c593044ee32e902.bam,1205101842,1159487946,45613896,0.037850657
a80cc7c2ac01d9fdff7f0a89dfa1c6c7.bam,1194624868,1149721022,44903846,0.03758824
a8fa89810891a177c65d943664f1e99b.bam,2096438492,2021251984,75186508,0.035863923
a94a5ada9a0bb0f8ace6de28512984f7.bam,1620252376,1574090747,46161629,0.028490394
a950fe8710031ec1f4934aa97d1d2437.bam,1928026308,1865917992,62108316,0.032213417
aa376a5704c441fe39ce1a21a53e5eaa.bam,1343154476,1269437818,73716658,0.054883231
aa55b92d7a3d9eabf7f8c19d30f85566.bam,1830308768,1768390502,61918266,0.03382941
aa7fc4b1eb76fad78a3e138ca2f7114b.bam,1158220386,1100258693,57961693,0.050043751
aac500043338d17345f6c88291afc16f.bam,1258333782,1165203135,93130647,0.074011084
ab46e9105ac4921cb2875cf654f76114.bam,1207370696,1154155533,53215163,0.044075248
ac2e74d430052ab39f0e2d8a23113736.bam,1720153552,1662350310,57803242,0.033603536
ad1cf501bd8ce3f285d74c81648798f2.bam,1011766192,978227672,33538520,0.033148489
ad2e11dd12a22954808bf04bdec0d080.bam,1111054662,1067054118,44000544,0.039602502
adc8fcb8e8a780076e27704767013d83.bam,1748273054,1678291037,69982017,0.040029226
adffab3072f2a40a5ab4e59bb4a40b02.bam,1201005526,1151952056,49053470,0.040843667
afadeaa36fa98e1d8bb84a2932ffc28f.bam,1206431762,1147801174,58630588,0.048598346
afb6f261618cb1962ce8e7d28d2bebd6.bam,1140948842,1096293058,44655784,0.039139164
b0309a87a1a7399bda55bc2b952f82aa.bam,1203104096,1171553937,31550159,0.026223964
b063d293e0df48fc160fc08c84c39531.bam,1820994274,1757173490,63820784,0.035047218
b06b8cd86c7ef5c244907175371d34fe.bam,1283799958,1204849875,78950083,0.061497185
b0f4d56d8be7b73ada803e2771e3522a.bam,1310280386,1210700354,99580032,0.075999025
b1b5f931c81fbd7859691665e3448ee8.bam,1844355102,1777887031,66468071,0.036038652
b25a9036b8fc3d068adceca9887e9a8f.bam,1198029552,1137559435,60470117,0.050474646
b2c5a3ae7ac562e837c4d8d068119dec.bam,1307019614,1232102225,74917389,0.057319254
b2e10818826b4072c8f92e5b678b4332.bam,1724756818,1623944681,100812137,0.058450059
b2efe67d968c5b6634b971bdef73c05a.bam,1906790334,1834836694,71953640,0.037735476
b4fb6f3c8975390c84c136ba9b277834.bam,1295130360,1235786582,59343778,0.045820699
b56e328d4f1f38dee893b6e4f51044ba.bam,1308002232,1258358029,49644203,0.037954219
b58386e952752d807a06a013a922b7ae.bam,1865112890,1784300081,80812809,0.043328642
b66e82ee0591fe581241dcc082de2e52.bam,1896613340,1834446399,62166941,0.032777868
b6cc1affd819e34fc6f2f080f75ac2f1.bam,1165142554,1119024236,46118318,0.039581696
b7df79de6780ae94d9bdca8965684247.bam,1219455818,1150241191,69214627,0.056758618
b939c2720803667f3b27acd9d4596892.bam,1907652030,1860414280,47237750,0.024762247
b9774dd35c320f70de8f2b81c15d5a98.bam,1290246350,1205866320,84380030,0.065398387
ba1be52c7e1ba54b9239744965b4af57.bam,1150482610,1090410844,60071766,0.052214406
bb06d7ab408c6716e20c1e6607182a1c.bam,1027800968,956846636,70954332,0.06903509
bbb8b1b82e376eb4e8ac399b06def113.bam,2.35E+09,2.21E+09,133270000,0.056766197
bc77bc34a99fd3e3ca9ff72ebb9852f8.bam,1497080522,1436259678,60820844,0.040626301
bcbfebca137feee918342e841c0bb404.bam,2114855794,2027509127,87346667,0.041301477
bd005f17f054b1b98796b9efd0bfb272.bam,1344811070,1277386175,67424895,0.050137076
bd84b1b4e53170c8c0a48eda107e6317.bam,1235082604,1193944115,41138489,0.03330829
be716873eee872e58e836ff261891669.bam,1175046756,1114577335,60469421,0.051461289
be7bcf9d37d9e65a46acadb6e8e3450e.bam,1854910988,1698889615,156021373,0.084112593
bfa1e20d9b7b963ef3b548bde1c4cf00.bam,1085316812,1047176991,38139821,0.035141648
bfb755eba2cb74f4b267ec11599be1e6.bam,1013517834,973289577,40228257,0.039691711
c03fa22a7c8629afd7ba660ae443cddc.bam,1617950342,1524450970,93499372,0.057788777
c1708e13b2a9faaf5f50fc2e1f491bca.bam,1120608690,1082743640,37865050,0.033789717
c31801ffe0265e1332d28d053c9a4955.bam,2062092984,1950403485,111689499,0.054163173
c365daeccf937ff8ec5b164169f4beb6.bam,1836486306,1775961532,60524774,0.032956834
c38c501c37a6112217e5a6291c94e082.bam,1070806070,1021595763,49210307,0.045956321
c418efb9913b78e45546dfb361a65778.bam,1168948922,1125013076,43935846,0.037585771
c49343045ca6189033e87f3a5ef26a73.bam,1899788106,1841913811,57874295,0.030463553
c4db7ecd250c14ade136a8948ac7149e.bam,2092166758,2010604495,81562263,0.03898459
c535b5e8e14454d2fb5975ead8bd9321.bam,1094977902,1039760501,55217401,0.050427868
c53c5893769e9b84b2482817482783cc.bam,1194096010,1135032195,59063815,0.049463204
c60fa4aad576f1b3b720d3433a80345f.bam,1881329424,1808891699,72437725,0.038503477
c7084960dc3d5bdf5efebd6a16721e46.bam,2115317898,1968725095,146592803,0.069300602
c71bbdff2d8e43b1dd7f270bf112e2c4.bam,2018795994,1959288509,59507485,0.02947672
c7785537c59d3349dd69e0f8e87266b7.bam,1954323350,1876359109,77964241,0.039893215
c7d4da3dbfd3dbc673a6cbab28c5999b.bam,1909073274,1839049944,70023330,0.036679226
c9aad1e391c4492d152b088de484f646.bam,1155593912,1094573595,61020317,0.052804291
ca0a24f17277c17abc77cfba28df3a4a.bam,1179686216,1146319715,33366501,0.028284217
ca58002bcf44f1d1e5539693a2d83704.bam,1051259634,969653611,81606023,0.077626897
cab14fc1d7b56274f68e25c36ca1fe72.bam,1548043546,1496867383,51176163,0.033058607
cac40b41b0788460b2a61ebd89541fff.bam,1318059336,1264856533,53202803,0.040364498
cb6b276f142f61c0948db2f9e3fc1a06.bam,1034589856,1002926425,31663431,0.030604815
ccd535b1664251ecbc0fb70ec7dee554.bam,1798965986,1706543501,92422485,0.051375338
cea4bc4275e349522246f3666f7965b5.bam,1776022546,1715811238,60211308,0.033902333
cee1724c461492416edf64ee160c4fc2.bam,1208786908,1166695087,42091821,0.034821539
cee8053647191b1b4b10e3f58a90b606.bam,1854021626,1789473646,64547980,0.034815117
cf3a026c76b42c90171b25f03c7b18ad.bam,2.15E+09,1997699828,151850172,0.070642773
cfb494ec82ff531a0bc7eacc26f33717.bam,1965333956,1878223664,87110292,0.044323405
d1ee2de36aac63e924ff27efa16ae3dc.bam,2092753796,1921480402,171273394,0.081841158
d2678419dbaa466f87e5ef213dcb40d2.bam,1001364482,961527170,39837312,0.039783029
d4504d39c63605431fff1046c6900dda.bam,1173387428,982763796,190623632,0.162455833
d5295c8befb5a83beac78163cd03987b.bam,1070990534,1031064357,39926177,0.037279673
d546c291eab34ae1238698a788e2005c.bam,1153137180,1108619896,44517284,0.038605367
d70abbce939febed4d88a2f3041db471.bam,1466280304,1404026366,62253938,0.042457051
d79ab9e1fbdab9baa35cf4fcd55ea0da.bam,1756676976,1687761025,68915951,0.039230861
d820260550ed5924c59f81c3b52d9aef.bam,1018193510,980158661,38034849,0.037355226
d8812a052472972b8c4ec509bc9bec1f.bam,2022456762,1980418592,42038170,0.020785695
d9475b3941b070ab594bf87f35c3bb64.bam,1219972776,1157359154,62613622,0.051323786
d9a4fed4943a3f61117cf771e1db8985.bam,2022985884,1955672033,67313851,0.033274504
da60919696928e24aa5fcbb89cc8bfa3.bam,1210446350,1145136724,65309626,0.053954994
daa0950ea36eb03f2ceecd8730fade48.bam,1127369766,1082032638,45337128,0.040214958
daf008933258f806fa354a9618f801be.bam,2026530880,1943307552,83223328,0.041066894
dcc179fd39da566d773dd5f70adce225.bam,1159970328,1128264560,31705768,0.027333258
dd2257dc20b7a6b5bba5e609faa08f25.bam,1042389938,1004016565,38373373,0.036812877
df21c3f858ffb1310c3ad68d28d70e2b.bam,1191725656,1114533431,77192225,0.064773486
df2eae4cbef1c0aecdbe1d0f2424edb1.bam,1175001574,1151260221,23741353,0.02020538
df4a0a1fa966f237f85dc788514a4f3f.bam,1846607356,1787727971,58879385,0.031885168
e05892d1ff93e157f1df1fbaf7b2de29.bam,2047199072,1898505261,148693811,0.072632805
e10d6e76bf02882a7cdce5e0f118999b.bam,1339448726,1273909126,65539600,0.048930279
e197a935bf028894f9cec5ec9a249bf2.bam,1115089344,1061026700,54062644,0.048482791
e1a5abee600fb4b0041613970a420df5.bam,1222978478,1163969069,59009409,0.04825057
e1fd0963f179515dbd7a5f7018b66fd9.bam,945106586,862366458,82740128,0.087545817
e1ffee232f222a57cec0f119a949e196.bam,991766520,940864492,50902028,0.051324608
e3a0c3d9d276b4fdb43b9746cfe85567.bam,1169360572,1124828220,44532352,0.038082652
e3a4928af3288dd832f84bf77fd81898.bam,1056077160,1010384931,45692229,0.043265995
e43cb6521def509cf89cee162d20ca68.bam,1158933012,1090891593,68041419,0.058710399
e44ee6b35a5e590d454a2cbc0c856885.bam,1048706144,1007748813,40957331,0.039055107
e4a6e1d5b4230f26d94ced982fad1af3.bam,1974863026,1915266198,59596828,0.030177702
e52ff8a7016a0eac7ed93be3b1a7cfa2.bam,2058097140,1910418787,147678353,0.071754802
e56f2db4726f327debd64334f96bcd04.bam,1681704604,1627972161,53732443,0.031951178
e6507c999d39ed773eac1bc8f7ad5afb.bam,1098813334,1056873371,41939963,0.038168415
e6f20b27cf3971b0bf7f78af02114fc1.bam,1298192026,1237928385,60263641,0.046421207
e731bc4a6b242f2c3e68d238e90047f3.bam,1768687864,1724258296,44429568,0.025120073
e80cf73a9a390fc6f37659e80bd3197a.bam,1065450192,1006474145,58976047,0.055353171
e82f5efc1a18908b7a00b45b9bfd5e18.bam,1842399560,1759574066,82825494,0.044955229
e869d292dcb3ead5c9128b76af2ac4bb.bam,1634401290,1593350851,41050439,0.025116499
e886a9905c6ddb08a07cd12351b2978e.bam,1707493220,1639436222,68056998,0.039857844
e8ca1fee02c380bc36915df141c7889a.bam,1186111244,1148001204,38110040,0.032130241
e9efaac16efc09098f681fd6fdda9266.bam,1772845816,1702389170,70456646,0.039742117
ea3e2e897deb676e1aa5ff1ce3ef39eb.bam,1713357130,1646041925,67315205,0.039288484
ea57989a2a3017624491e77218b0f326.bam,1988147048,1842922285,145224763,0.073045283
ed08bd5c24283a732e590c6c3fdb0bf2.bam,1123548444,1079547630,44000814,0.039162365
ed7c0d707af5e0862abe28d9bbea0aec.bam,2007814122,1943169890,64644232,0.032196323
edf9e88f2d650163ceeb4bb75a04b8a8.bam,1183631472,1123181772,60449700,0.051071386
ee32938babfe9b6967e9a4c5f49435dd.bam,1934817500,1866557584,68259916,0.03527977
efa92e2f26565e290d296d0bfa15deba.bam,1147308494,1101284967,46023527,0.040114343
f059a2333e0663ef4831e98db4f4c9e5.bam,2026099268,1879417027,146682241,0.072396374
f0f3dfb66995edcb514e1ccebc2c7e4d.bam,1626742528,1537466517,89276011,0.054880234
f1e7a5ba6e5ad7aad6338ba55e41b390.bam,1230014556,1140584368,89430188,0.072706609
f232a415b12a85ec04ceb082509958cc.bam,1141170504,1065453770,75716734,0.066350062
f316e3dff60e757701731d0c0cd94c3d.bam,1108543723,1057587359,50956364,0.045966941
f31cfe2ad0117626a14c5b0dea28c02d.bam,1980296852,1937899668,42397184,0.021409509
f31e08129d2203eb95db8f197638efcd.bam,1033129204,982444971,50684233,0.049058949
f32bb0a94af8c21ac01c1ee17a7056ce.bam,1969925490,1874312088,95613402,0.048536558
f45b766a6494688451a4e74a68b954b5.bam,1922784992,1859358595,63426397,0.032986734
f45f02f7da5f0692a3a5e6f53061ff05.bam,2.24E+09,2121480395,116379605,0.052004864
f472a73249d16757bc8ffa8cace69db6.bam,1567783825,1496216470,71567355,0.045648739
f56bc74c20a188c53b338d30ab71d4e2.bam,1757624552,1689522658,68101894,0.038746554
f5c26e99b5958414aeaf70107fafd713.bam,1284563290,1214025191,70538099,0.054912124
f6471a84a954b9df1c487b9c6a1ca642.bam,1225894580,1195798811,30095769,0.024550047
f69f0ef802b7feefa79f55fe3e188902.bam,2023012784,1920202156,102810628,0.050820553
f6f0bc109f78a22318fcd55e02cd9e0e.bam,1175831758,1114216152,61615606,0.05240172
f9602cc18e6f5feadccfac87ff2ff18f.bam,1217484770,1171032566,46452204,0.038154238
fa6bec3d86dc832a801cad28a615155f.bam,1178777122,1118609793,60167329,0.051042159
fa894126e254827396a4f68e2b369bc2.bam,1787287210,1722984513,64302697,0.03597782
faba826f62de3e18afab489ceee4b813.bam,1691371518,1620778902,70592616,0.041736907
fae749c6bcfc193aa1b9126628a2cf23.bam,2.38E+09,2.25E+09,131760000,0.055396957
fc5c85d8f5e38babc01190428928c325.bam,1089284144,1046705551,42578593,0.039088601
fd78ff5c667f21aef8657e218f7021a2.bam,1768370456,1704330590,64039866,0.036214056
fe1ba68c47fad6337f26bbdac35cbb2b.bam,1951186628,1893992351,57194277,0.029312561
fe7b56f09624164caf93abc1f8d3bdc7.bam,1869099036,1801450052,67648984,0.036193365
fef249d4e459bee0e48abb198d2028ee.bam,1150071334,1099092731,50978603,0.04432647
ff180684131876b77d5fa19e93aaeb1e.bam,1762282558,1693710994,68571564,0.038910652
ff361cc3e22a9619323ddbddf3aac564.bam,1738558922,1676983113,61575809,0.035417729
G12518.TCGA-34-2596-01A-01D-0963-08.1.bam,1834890136,1721961587,112928549,0.061545128
G12518.TCGA-34-2596-11A-01D-0963-08.1.bam,1561891150,1477897191,83993959,0.053777089
G12519.TCGA-34-2600-01A-01D-0963-08.5.bam,1316330346,1246745360,69584986,0.052862859
G12519.TCGA-34-2600-11A-01D-0963-08.4.bam,2.27E+09,2100259687,167620313,0.073910574
G12520.TCGA-60-2711-01A-01D-0963-08.1.bam,1650108772,1559801282,90307490,0.054728204
G12520.TCGA-60-2711-11A-01D-0963-08.1.bam,1855711780,1755313830,100397950,0.054102125
G13226.TCGA-21-1078-01A-01D-1521-08.1.bam,1721051204,1571835974,149215230,0.086700053
G13226.TCGA-21-1078-11A-01D-1521-08.1.bam,1634101186,1536762625,97338561,0.059567034
G13227.TCGA-43-3394-01A-01D-1553-08.1.bam,1745372734,1624086957,121285777,0.0694899
G13227.TCGA-43-3394-11A-01D-1553-08.1.bam,1765346066,1625296231,140049835,0.079332794
G13228.TCGA-43-3920-01A-01D-1553-08.4.bam,2.58E+09,2.42E+09,163740000,0.063480617
G13228.TCGA-43-3920-11B-01D-1553-08.7.bam,1243950162,1158571879,85378283,0.06863481
G13229.TCGA-56-1622-01A-01D-1521-08.1.bam,1645496288,1523301128,122195160,0.074260368
G13229.TCGA-56-1622-11A-01D-1521-08.3.bam,1533228042,1425834849,107393193,0.070043849
G13230.TCGA-60-2713-01A-01D-1522-08.3.bam,1761119342,1625275559,135843783,0.077134911
G13230.TCGA-60-2713-11A-01D-1522-08.7.bam,1961950670,1814265497,147685173,0.075274662
G13231.TCGA-60-2724-01A-01D-1522-08.3.bam,2.25E+09,2106921149,138358851,0.061622092
G13231.TCGA-60-2724-11A-01D-1522-08.2.bam,1794905240,1678454763,116450477,0.064878343
G13232.TCGA-60-2726-01A-01D-1522-08.2.bam,3.33E+09,3.11E+09,224100000,0.067240759
G13232.TCGA-60-2726-11A-01D-1522-08.2.bam,2.84E+09,2.62E+09,221190000,0.077850634
G14082.TCGA-21-1076-01A-02D-1521-08.2.bam,1875868248,1753857051,122011197,0.065042519
G14082.TCGA-21-1076-11A-01D-1521-08.2.bam,1351460246,1255773959,95686287,0.070802147
G14083.TCGA-21-1082-01A-01D-1521-08.3.bam,1983823694,1855529201,128294493,0.06467031
G14083.TCGA-21-1082-10B-01D-1521-08.4.bam,1747237310,1601324079,145913231,0.083510826
G14084.TCGA-22-1016-01A-01D-1521-08.3.bam,2.64E+09,2.39E+09,246720000,0.093581448
G14084.TCGA-22-1016-11A-01D-1521-08.3.bam,1434804708,1333331976,101472732,0.07072233
G14088.TCGA-60-2698-01A-01D-1522-08.1.bam,2.24E+09,2083796560,151713440,0.067865248
G14088.TCGA-60-2698-11A-01D-1522-08.1.bam,1178793804,1108030688,70763116,0.060030105
G14580.TCGA-64-1678-01A-01D-1040-01.2.bam,1514459110,1399998321,114460789,0.075578659
G14580.TCGA-64-1678-10A-01D-1040-01.2.bam,1184538990,1109151362,75387628,0.063643011
G14581.TCGA-64-1680-01A-02D-1040-01.2.bam,1200322562,1106748390,93574172,0.077957522
G14581.TCGA-64-1680-10A-01D-1040-01.2.bam,1496225690,1381244495,114981195,0.076847494
G14681.TCGA-60-2719-01A-01D-1522-08.1.bam,2.29E+09,2096190286,194019714,0.084716997
G14681.TCGA-60-2719-11A-01D-1522-08.1.bam,1109548420,990530950,119017470,0.107266585
G14847.TCGA-05-4397-01A-01D-1931-08.6.bam,1216209400,1123491948,92717452,0.076234777
G14847.TCGA-05-4397-10A-01D-1931-08.6.bam,1182262778,1098748749,83514029,0.070639143
G14848.TCGA-05-4398-01A-01D-1931-08.3.bam,1684437490,1555377198,129060292,0.076619223
G14848.TCGA-05-4398-10A-01D-1931-08.3.bam,2.21E+09,2054097694,155822306,0.070510383
G14849.TCGA-44-2659-01A-01D-1931-08.5.bam,1415855736,1275934889,139920847,0.098824226
G14849.TCGA-44-2659-10A-01D-1931-08.5.bam,1200151434,1113225795,86925639,0.072428892
G14850.TCGA-49-4486-01A-01D-1931-08.3.bam,1246804420,1151429940,95374480,0.076495141
G14850.TCGA-49-4486-11A-01D-1931-08.3.bam,1234965636,1144204614,90761022,0.073492751
G14851.TCGA-05-4422-01A-01D-1931-08.2.bam,1723497602,1593881576,129616026,0.075205226
G14851.TCGA-05-4422-10A-01D-1931-08.3.bam,1686332191,1497424393,188907798,0.112022886
G14852.TCGA-49-4510-01A-01D-1931-08.3.bam,1479061418,1358421267,120640151,0.081565342
G14852.TCGA-49-4510-11A-01D-1931-08.3.bam,1169852470,1028372193,141480277,0.120938563
G14853.TCGA-05-4420-01A-01D-1931-08.1.bam,1536663923,1435660911,101003012,0.065728759
G14853.TCGA-05-4420-10A-01D-1931-08.1.bam,1393294208,1297510781,95783427,0.068746017
G14854.TCGA-38-4628-01A-01D-1931-08.5.bam,2.95E+09,2.75E+09,196540000,0.06666531
G14854.TCGA-38-4628-11A-01D-1931-08.6.bam,1235326114,1138471328,96854786,0.078404225
G14855.TCGA-05-4389-01A-01D-1931-08.4.bam,1165449624,1083208338,82241286,0.070566144
G14855.TCGA-05-4389-10A-01D-1931-08.4.bam,1459949528,1361904871,98044657,0.067156196
G14856.TCGA-05-4432-01A-01D-1931-08.2.bam,1651505842,1535283923,116221919,0.070373302
G14856.TCGA-05-4432-10A-01D-1931-08.2.bam,1184158560,1095225582,88932978,0.075102255
G14857.TCGA-73-4666-01A-01D-1931-08.4.bam,1247418938,1159460379,87958559,0.070512445
G14857.TCGA-73-4666-11A-01D-1931-08.3.bam,1329243298,1242630655,86612643,0.06515936
G14858.TCGA-73-4659-01A-01D-1931-08.3.bam,1277448706,1186592875,90855831,0.07112288
G14858.TCGA-73-4659-11A-01D-1931-08.2.bam,1241662440,1160459254,81203186,0.065398762
G16919.TCGA-A3-3308-01A-01D-2048-08.1.bam,2033307880,1465160717,568147163,0.279420135
G16919.TCGA-A3-3308-11A-01D-2048-08.1.bam,1175496822,1086743642,88753180,0.075502697
G16920.TCGA-CZ-4856-01A-02D-2048-08.1.bam,1257091670,1165773995,91317675,0.072642017
G16920.TCGA-CZ-4856-11A-01D-2048-08.1.bam,1198422678,1097693917,100728761,0.084051114
G16921.TCGA-BP-4977-01A-01D-2048-08.1.bam,1349001610,1247770384,101231226,0.07504159
G16921.TCGA-BP-4977-11A-01D-2048-08.1.bam,1169210460,1085970850,83239610,0.071193008
G16922.TCGA-BP-5010-01A-02D-2048-08.1.bam,1929356094,1096667870,832688224,0.431588667
G16922.TCGA-BP-5010-11A-01D-2048-08.1.bam,2010379498,1294729696,715649802,0.355977467
G17188.TCGA-02-0047-01A-01R-1849-01.2.bam,117541179,84618083,32923096,0.280098399
G17189.TCGA-06-0132-01A-02R-1849-01.2.bam,123483460,95002962,28480498,0.230642209
G17190.TCGA-06-0174-01A-01R-1849-01.2.bam,123625318,100358783,23266535,0.188202023
G17191.TCGA-06-0211-01A-01R-1849-01.2.bam,133357887,107468712,25889175,0.194133062
G17192.TCGA-06-0645-01A-01R-1849-01.2.bam,125572104,101187492,24384612,0.19418813
G17193.TCGA-06-0743-01A-01R-1849-01.2.bam,126742023,103403042,23338981,0.184145562
G17194.TCGA-02-0055-01A-01R-1849-01.2.bam,127672772,100543603,27129169,0.212489856
G17195.TCGA-06-0138-01A-02R-1849-01.2.bam,112978790,90730881,22247909,0.196921112
G17196.TCGA-06-0178-01A-01R-1849-01.2.bam,124757942,99671625,25086317,0.20107992
G17197.TCGA-06-0211-01B-01R-1849-01.2.bam,144568936,115778076,28790860,0.199149698
G17198.TCGA-06-0646-01A-01R-1849-01.2.bam,123082958,101471399,21611559,0.175585307
G17199.TCGA-06-0744-01A-01R-1849-01.2.bam,130594576,105426896,25167680,0.19271612
G17200.TCGA-06-0125-01A-01R-1849-01.2.bam,145854608,118223772,27630836,0.189440953
G17201.TCGA-06-0156-01A-02R-1849-01.2.bam,123419595,93652471,29767124,0.241186369
G17202.TCGA-06-0184-01A-01R-1849-01.2.bam,143966641,108652338,35314303,0.24529504
G17203.TCGA-06-0211-02A-02R-2005-01.2.bam,119968605,99886575,20082030,0.167394044
G17204.TCGA-08-0386-01A-01R-1849-01.2.bam,126735263,102685565,24049698,0.189763271
G17205.TCGA-06-0745-01A-01R-1849-01.2.bam,166867836,137743426,29124410,0.174535793
G17206.TCGA-06-0125-02A-11R-2005-01.2.bam,128342882,100248782,28094100,0.218898778
G17207.TCGA-06-0156-01A-03R-1849-01.2.bam,116099904,94483082,21616822,0.186191558
G17208.TCGA-06-0187-01A-01R-1849-01.2.bam,132315391,108528597,23786794,0.179773448
G17209.TCGA-06-0219-01A-01R-1849-01.2.bam,144081372,115284958,28796414,0.199862158
G17210.TCGA-12-0616-01A-01R-1849-01.2.bam,131715128,79848460,51866668,0.393779126
G17211.TCGA-06-0747-01A-01R-1849-01.2.bam,141813723,115193766,26619957,0.187710727
G17212.TCGA-06-0129-01A-01R-1849-01.2.bam,150957384,120949811,30007573,0.19878175
G17213.TCGA-06-0157-01A-01R-1849-01.2.bam,144007002,111323447,32683555,0.226958096
G17214.TCGA-06-0190-01A-01R-1849-01.2.bam,122428800,93143531,29285269,0.239202451
G17215.TCGA-06-0221-02A-11R-2005-01.2.bam,122852572,99180261,23672311,0.19268877
G17216.TCGA-12-0618-01A-01R-1849-01.2.bam,155811233,130114357,25696876,0.164923128
G17217.TCGA-06-0749-01A-01R-1849-01.2.bam,123492667,100047771,23444896,0.189848487
G17218.TCGA-06-0130-01A-01R-1849-01.2.bam,129162945,100319322,28843623,0.223311903
G17219.TCGA-06-0158-01A-01R-1849-01.2.bam,147837149,114975023,32862126,0.222285983
G17220.TCGA-06-0190-02A-01R-2005-01.2.bam,133462085,101077402,32384683,0.24265081
G17221.TCGA-06-0152-02A-01R-2005-01.2.bam,140572776,111229048,29343728,0.208744032
G17222.TCGA-12-0619-01A-01R-1849-01.2.bam,147284915,118047125,29237790,0.198511776
G17223.TCGA-06-0750-01A-01R-1849-01.2.bam,138143793,109461607,28682186,0.207625586
G17224.TCGA-06-0139-01A-01R-1849-01.2.bam,119317306,36638029,82679277,0.69293617
G17225.TCGA-06-0168-01A-01R-1849-01.2.bam,116410242,24890864,91519378,0.786179776
G17226.TCGA-06-0210-01A-01R-1849-01.2.bam,142812745,114515498,28297247,0.198142309
G17227.TCGA-06-0238-01A-02R-1849-01.2.bam,144405782,118767235,25638547,0.177545155
G17228.TCGA-06-0649-01B-01R-1849-01.2.bam,131256334,88418570,42837764,0.326367214
G17229.TCGA-15-0742-01A-01R-1850-01.2.bam,121588864,94526473,27062391,0.222572941
G17230.TCGA-06-0141-01A-01R-1849-01.2.bam,152206686,118314311,33892375,0.222673365
G17231.TCGA-06-0171-02A-11R-2005-01.2.bam,139818277,116239477,23578800,0.168638897
G17232.TCGA-06-0210-02A-01R-2005-01.2.bam,137785108,109237146,28547962,0.207191927
G17233.TCGA-06-0644-01A-02R-1849-01.2.bam,132784881,108373673,24411208,0.183840267
G17234.TCGA-06-0686-01A-01R-1849-01.2.bam,132749735,50581093,82168642,0.618974057
G17466.TCGA-06-0878-01A-01R-1849-01.2.bam,133171211,47943463,85227748,0.639986281
G17467.TCGA-14-0736-02A-01R-2005-01.2.bam,82275310,60759460,21515850,0.261510409
G17468.TCGA-19-0957-02A-11R-2005-01.2.bam,124263366,102915529,21347837,0.171795097
G17469.TCGA-06-2557-01A-01R-1849-01.2.bam,149104155,124143735,24960420,0.167402578
G17470.TCGA-06-2567-01A-01R-1849-01.2.bam,140088974,115030784,25058190,0.178873392
G17471.TCGA-27-2519-01A-01R-1850-01.2.bam,118076006,99261010,18814996,0.159346481
G17472.TCGA-06-0882-01A-01R-1849-01.2.bam,141604963,110750670,30854293,0.217889913
G17473.TCGA-14-1034-01A-01R-1849-01.2.bam,94540630,76960762,17579868,0.1859504
G17474.TCGA-19-1389-02A-21R-2005-01.2.bam,120529565,100782787,19746778,0.163833479
G17475.TCGA-06-2558-01A-01R-1849-01.2.bam,132466120,99218450,33247670,0.250989989
G17476.TCGA-06-2569-01A-01R-1849-01.2.bam,133923037,111722104,22200933,0.165773817
G17477.TCGA-27-2521-01A-01R-1850-01.2.bam,141346915,115754409,25592506,0.181061652
G17478.TCGA-12-0821-01A-01R-1849-01.2.bam,168903134,110596047,58307087,0.345210214
G17479.TCGA-14-1034-02B-01R-2005-01.2.bam,122735913,71593816,51142097,0.416684047
G17480.TCGA-27-1830-01A-01R-1850-01.2.bam,128639679,102770198,25869481,0.201100323
G17481.TCGA-06-2559-01A-01R-1849-01.2.bam,121006749,97894206,23112543,0.191002099
G17482.TCGA-06-2570-01A-01R-1849-01.2.bam,136490645,107035294,29455351,0.215804907
G17483.TCGA-27-2523-01A-01R-1850-01.2.bam,136238340,117361467,18876873,0.138557714
G17484.TCGA-14-0787-01A-01R-1849-01.2.bam,108771499,65880561,42890938,0.394321476
G17485.TCGA-14-1402-02A-01R-2005-01.2.bam,125472590,95225783,30246807,0.241063064
G17486.TCGA-27-1832-01A-01R-1850-01.2.bam,147822702,122403678,25419024,0.171956159
G17487.TCGA-06-2561-01A-02R-1849-01.2.bam,123837321,98213979,25623342,0.206911307
G17488.TCGA-14-0790-01B-01R-1849-01.2.bam,121456966,76735042,44721924,0.368212096
G17489.TCGA-27-2524-01A-01R-1850-01.2.bam,129027328,100351580,28675748,0.222245539
G17490.TCGA-14-0789-01A-01R-1849-01.2.bam,128984099,85681975,43302124,0.335716761
G17491.TCGA-16-1045-01B-01R-1850-01.2.bam,116418785,84271432,32147353,0.276135445
G17492.TCGA-27-1834-01A-01R-1850-01.2.bam,120711689,92649485,28062204,0.232472963
G17493.TCGA-06-2562-01A-01R-1849-01.2.bam,133774755,111190548,22584207,0.168822638
G17494.TCGA-14-2554-01A-01R-1850-01.2.bam,141469434,120112749,21356685,0.150963246
G17495.TCGA-27-2526-01A-01R-1850-01.2.bam,127109041,105099831,22009210,0.173152199
G17496.TCGA-14-0817-01A-01R-1849-01.2.bam,162441858,109493196,52948662,0.325954546
G17497.TCGA-14-1823-01A-01R-1849-01.2.bam,140702910,89341520,51361390,0.365034312
G17498.TCGA-02-2483-01A-01R-1849-01.2.bam,145426493,121565268,23861225,0.164077566
G17499.TCGA-06-2563-01A-01R-1849-01.2.bam,131118429,103624795,27493634,0.209685505
G17500.TCGA-27-1831-01A-01R-1850-01.2.bam,125238385,86264033,38974352,0.31120133
G17501.TCGA-27-2528-01A-01R-1850-01.2.bam,133266262,112954051,20312211,0.152418254
G17502.TCGA-14-0871-01A-01R-1849-01.2.bam,108099722,26322308,81777414,0.756499762
G17503.TCGA-14-1825-01A-01R-1850-01.2.bam,102838763,30093894,72744869,0.707368184
G17504.TCGA-02-2485-01A-01R-1849-01.2.bam,127189569,106738396,20451173,0.160792848
G17505.TCGA-06-2564-01A-01R-1849-01.2.bam,138664055,119859274,18804781,0.135613956
G17506.TCGA-27-1835-01A-01R-1850-01.2.bam,122809781,82006789,40802992,0.332245459
G17507.TCGA-28-1747-01C-01R-1850-01.2.bam,123210781,103716099,19494682,0.158222209
G17508.TCGA-16-0846-01A-01R-1850-01.2.bam,127391373,100668149,26723224,0.209772635
G17509.TCGA-14-1829-01A-01R-1850-01.2.bam,143737145,97997632,45739513,0.318216373
G17510.TCGA-02-2486-01A-01R-1849-01.2.bam,122110557,97670832,24439725,0.200144243
G17511.TCGA-06-2565-01A-01R-1849-01.2.bam,137888048,116281660,21606388,0.156695147
G17512.TCGA-27-1837-01A-01R-1850-01.2.bam,120226731,45719999,74506732,0.619718522
G17632.TCGA-28-1753-01A-01R-1850-01.2.bam,115627889,45947279,69680610,0.602628056
G17633.TCGA-12-3650-01A-01R-1849-01.2.bam,105362302,59777177,45585125,0.432651187
G17634.TCGA-19-2625-01A-01R-1850-01.2.bam,154570928,117150914,37420014,0.242089599
G17636.TCGA-32-4213-01A-01R-1850-01.2.bam,172776568,116922512,55854056,0.323273327
G17637.TCGA-06-5418-01A-01R-1849-01.2.bam,143323736,110359829,32963907,0.229996147
G17638.TCGA-28-2499-01A-01R-1850-01.2.bam,137527049,102117601,35409448,0.257472608
G17639.TCGA-12-3652-01A-01R-1849-01.2.bam,131337996,91273979,40064017,0.305045137
G17640.TCGA-19-2629-01A-01R-1850-01.2.bam,153026358,116979361,36046997,0.235560706
G17642.TCGA-41-2572-01A-01R-1850-01.2.bam,146891705,94008512,52883193,0.360014835
G17643.TCGA-12-5295-01A-01R-1849-01.2.bam,140206948,91751360,48455588,0.345600476
G17644.TCGA-28-2509-01A-01R-1850-01.2.bam,137336841,105147196,32189645,0.234384632
G17645.TCGA-12-3653-01A-01R-1849-01.2.bam,146107384,68505525,77601859,0.531128933
G17646.TCGA-32-2615-01A-01R-1850-01.2.bam,173641410,125776750,47864660,0.275652334
G17648.TCGA-41-3915-01A-01R-1850-01.2.bam,155495836,104738487,50757349,0.326422561
G17649.TCGA-12-5299-01A-02R-1849-01.2.bam,149301202,119761388,29539814,0.197853826
G17650.TCGA-28-2513-01A-01R-1850-01.2.bam,134737337,91746741,42990596,0.319069658
G17651.TCGA-19-1390-01A-01R-1850-01.2.bam,152570209,121734121,30836088,0.202110807
G17652.TCGA-32-2616-01A-01R-1850-01.2.bam,163448747,132533127,30915620,0.189145653
G17654.TCGA-41-4097-01A-01R-1850-01.2.bam,135628017,77126648,58501369,0.431336904
G17655.TCGA-26-5132-01A-01R-1850-01.2.bam,136410464,101793138,34617326,0.253773244
G17656.TCGA-28-2514-01A-02R-1850-01.2.bam,150520906,111816988,38703918,0.257133172
G17657.TCGA-19-1787-01B-01R-1850-01.2.bam,160306935,116171429,44135506,0.275318756
G17658.TCGA-32-2632-01A-01R-1850-01.2.bam,148653541,96326826,52326715,0.352004497
G17660.TCGA-06-5414-01A-01R-1849-01.2.bam,153678619,123106369,30572250,0.198936262
G17661.TCGA-26-5133-01A-01R-1850-01.2.bam,131571506,102666643,28904863,0.219689383
G17662.TCGA-32-1970-01A-01R-1850-01.2.bam,149663085,103371254,46291831,0.309306941
G17663.TCGA-19-2619-01A-01R-1850-01.2.bam,158538765,120645527,37893238,0.2390156
G17664.TCGA-32-2634-01A-01R-1850-01.2.bam,169944956,131693903,38251053,0.225079072
G17666.TCGA-06-5415-01A-01R-1849-01.2.bam,253152715,180233606,72919109,0.288043954
G17667.TCGA-26-5134-01A-01R-1850-01.2.bam,188231373,147827998,40403375,0.214647401
G17668.TCGA-32-1982-01A-01R-1850-01.2.bam,127404875,36367725,91037150,0.714549973
G17669.TCGA-19-2620-01A-01R-1850-01.2.bam,122166952,62028668,60138284,0.492263112
G17670.TCGA-32-2638-01A-01R-1850-01.2.bam,166549303,128111084,38438219,0.230791833
G17672.TCGA-06-5416-01A-01R-1849-01.2.bam,134046858,69760160,64286698,0.479583774
G17673.TCGA-26-5135-01A-01R-1850-01.2.bam,131007743,84752666,46255077,0.353071322
G17674.TCGA-12-1597-01B-01R-1849-01.2.bam,156121991,112375191,43746800,0.280209083
G17675.TCGA-19-2624-01A-01R-1850-01.2.bam,156120724,130459905,25660819,0.164365232
G17676.TCGA-41-2571-01A-01R-1850-01.2.bam,165077467,117807552,47269915,0.286349893
G17678.TCGA-06-5417-01A-01R-1849-01.2.bam,126480204,26443922,100036282,0.79092442
G17782.TCGA-26-5136-01B-01R-1850-01.4.bam,91321663,34592472,56729191,0.621201905
G17783.TCGA-28-5216-01A-01R-1850-01.4.bam,103240790,78678115,24562675,0.23791638
G17784.TCGA-76-4929-01A-01R-1850-01.4.bam,114293067,87601846,26691221,0.233533159
G17785.TCGA-06-5413-01A-01R-1849-01.4.bam,132726935,102368752,30358183,0.228726618
G17786.TCGA-28-2510-01A-01R-1850-01.4.bam,118992222,89940507,29051715,0.244148017
G17787.TCGA-26-5139-01A-01R-1850-01.4.bam,118504118,87808233,30695885,0.259028003
G17788.TCGA-28-5218-01A-01R-1850-01.4.bam,112277724,87447347,24830377,0.22115141
G17789.TCGA-76-4931-01A-01R-1850-01.4.bam,133015452,102563308,30452144,0.228936891
G17790.TCGA-06-5856-01A-01R-1849-01.4.bam,132246776,101662662,30584114,0.231265479
G17791.TCGA-32-1980-01A-01R-1850-01.4.bam,129240869,99297017,29943852,0.231690271
G17792.TCGA-28-5204-01A-01R-1850-01.4.bam,119600846,89141404,30459442,0.254675807
G17793.TCGA-28-5220-01A-01R-1850-01.4.bam,125772402,90772862,34999540,0.278276788
G17794.TCGA-76-4932-01A-01R-1850-01.4.bam,131244147,99255872,31988275,0.243731059
G17795.TCGA-06-5858-01A-01R-1849-01.4.bam,131819797,102116897,29702900,0.225329584
G17796.TCGA-41-5651-01A-01R-1850-01.4.bam,106941505,80889175,26052330,0.243612898
G17797.TCGA-28-5207-01A-01R-1850-01.4.bam,121490931,86758303,34732628,0.28588659
G17798.TCGA-32-5222-01A-01R-1850-01.4.bam,139855509,108749675,31105834,0.222414077
G17799.TCGA-06-1804-01A-01R-1849-01.4.bam,144357376,110685384,33671992,0.233254392
G17800.TCGA-06-5859-01A-01R-1849-01.4.bam,138863008,106802125,32060883,0.230881381
G17801.TCGA-19-4065-02A-11R-2005-01.4.bam,116640260,85412242,31228018,0.267729324
G17802.TCGA-28-5208-01A-01R-1850-01.4.bam,138103310,99196820,38906490,0.281720185
G17803.TCGA-76-4925-01A-01R-1850-01.4.bam,153377902,117221889,36156013,0.235731566
G17804.TCGA-06-5408-01A-01R-1849-01.4.bam,136477721,104553154,31924567,0.233917791
G17805.TCGA-14-0781-01B-01R-1849-01.4.bam,152302578,115957521,36345057,0.238637175
G17806.TCGA-19-4065-01A-01R-2005-01.4.bam,147564826,112949470,34615356,0.234577283
G17807.TCGA-28-5209-01A-01R-1850-01.4.bam,137246432,102452327,34794105,0.253515552
G17808.TCGA-76-4926-01B-01R-1850-01.4.bam,145960736,110725491,35235245,0.241402215
G17809.TCGA-06-5410-01A-01R-1849-01.4.bam,151869328,115615539,36253789,0.238716991
G17810.TCGA-15-1444-01A-02R-1850-01.4.bam,150807564,114365802,36441762,0.241644126
G17812.TCGA-28-5213-01A-01R-1850-01.4.bam,132459120,46720843,85738277,0.64728104
G17813.TCGA-76-4927-01A-01R-1850-01.4.bam,119066473,63011284,56055189,0.470789027
G17814.TCGA-06-5411-01A-01R-1849-01.4.bam,147239691,112725328,34514363,0.234409369
G17815.TCGA-19-5960-01A-11R-1850-01.4.bam,138349263,108854373,29494890,0.213191522
G17816.TCGA-28-5215-01A-01R-1850-01.4.bam,149634876,114211286,35423590,0.236733514
G17817.TCGA-76-4928-01B-01R-1850-01.4.bam,154793862,119645777,35148085,0.227063816
G17818.TCGA-06-5412-01A-01R-1849-01.4.bam,134559091,102041375,32517716,0.241661234
G17819.TCGA-26-1442-01A-01R-1850-01.4.bam,152844623,115795686,37048937,0.242396077
G23062.TCGA_BA_4077_01B_01D_2268_08.2.bam,1462980924,1367356008,95624916,0.065363064
G23062.TCGA_BA_4077_10A_01D_2268_08.2.bam,1330534314,1254763680,75770634,0.056947523
G23063.TCGA_CR_7385_01A_11D_2268_08.1.bam,1258584294,1182819902,75764392,0.060198107
G23063.TCGA_CR_7385_10A_01D_2268_08.1.bam,1407265250,1330316304,76948946,0.054679774
G23064.TCGA_CR_6472_01A_11D_2268_08.1.bam,1474932876,1349682633,125250243,0.084919283
G23064.TCGA_CR_6472_10A_01D_2268_08.1.bam,1412309810,1314643037,97666773,0.069153929
G23065.TCGA_BA_5153_01A_01D_2268_08.1.bam,1223743418,1147761824,75981594,0.062089481
G23065.TCGA_BA_5153_10A_01D_2268_08.1.bam,1347415544,1251576832,95838712,0.071127806
G23069.TCGA_CR_6480_01A_11D_2268_08.2.bam,1536622446,1437000625,99621821,0.064831684
G23069.TCGA_CR_6480_10A_01D_2268_08.1.bam,1486123326,1371684265,114439061,0.07700509
G23071.TCGA_CV_7100_01A_11D_2268_08.1.bam,1402848694,1309331214,93517480,0.066662556
G23071.TCGA_CV_7100_10A_01D_2268_08.1.bam,1266282920,1179014576,87268344,0.06891694
G23072.TCGA_BB_4225_01A_01D_2268_08.1.bam,1850590450,1741686745,108903705,0.058848085
G23072.TCGA_BB_4225_10A_01D_2268_08.1.bam,1447967700,1326672711,121294989,0.083769126
G23074.TCGA_CN_4741_01A_01D_2268_08.1.bam,1516354808,1372544027,143810781,0.094839796
G23074.TCGA_CN_4741_10A_01D_2268_08.3.bam,1477668162,1374112230,103555932,0.070080641
G23076.TCGA_CV_5443_01A_01D_2268_08.1.bam,1341525442,1234812015,106713427,0.079546331
G23076.TCGA_CV_5443_11A_01D_2268_08.1.bam,1422625650,1290934842,131690808,0.092568841
G23078.TCGA_CR_6487_01A_11D_2268_08.2.bam,2.18E+09,2043620140,138069860,0.063285737
G23078.TCGA_CR_6487_10A_01D_2268_08.1.bam,1166380610,1087097533,79283077,0.06797359
G23079.TCGA_CR_6482_01A_11D_2268_08.2.bam,2.18E+09,2037016742,138203258,0.063535301
G23079.TCGA_CR_6482_10A_01D_2268_08.2.bam,1175629088,1111682421,63946667,0.054393573
G23081.TCGA_CV_6961_01A_21D_2268_08.2.bam,1560179512,1393801971,166377541,0.106639999
G23081.TCGA_CV_6961_11A_01D_2268_08.2.bam,1665880850,1559998921,105881929,0.063559125
G23883.TCGA-A3-3324-01A-01D-2229-08.1.bam,1176898350,1115327321,61571029,0.052316353
G23883.TCGA-A3-3324-11A-01D-2229-08.1.bam,1360306840,1273128502,87178338,0.06408726
G25249.TCGA-CR-7391-01A-11D-2334-08.1.bam,1502357536,1380745784,121611752,0.080947277
G25249.TCGA-CR-7391-10A-01D-2334-08.1.bam,1275117076,1193470357,81646719,0.064030763
G25250.TCGA-CR-6470-01A-11D-2334-08.1.bam,1353858634,1277870221,75988413,0.056127288
G25250.TCGA-CR-6470-10A-01D-2334-08.1.bam,1403612870,1320854151,82758719,0.058961214
G25251.TCGA-CR-7404-01A-11D-2334-08.1.bam,1457005862,1365551514,91454348,0.062768689
G25251.TCGA-CR-7404-10A-01D-2334-08.1.bam,1378767054,1296235545,82531509,0.059858922
G25252.TCGA-CV-7416-01A-11D-2334-08.1.bam,1283775136,1211465393,72309743,0.056325863
G25252.TCGA-CV-7416-11A-01D-2334-08.1.bam,1488608164,1377569426,111038738,0.074592321
G25771.TCGA-05-4395-01A-01D-2364-08.1.bam,1403703920,1303393946,100309974,0.07146092
G25771.TCGA-05-4395-10A-01D-2364-08.1.bam,1319556320,1205665351,113890969,0.086310048
G25772.TCGA-38-4630-01A-01D-2364-08.3.bam,1776547758,1663109355,113438403,0.063853281
G25772.TCGA-38-4630-11A-01D-2364-08.3.bam,1320859278,1221220730,99638548,0.075434643
G25773.TCGA-75-5147-01A-01D-1625-08.2.bam,1711092296,1621719339,89372957,0.052231523
G25773.TCGA-75-5147-10A-01D-1625-08.2.bam,1239494788,1146133630,93361158,0.075321945
G25774.TCGA-05-5429-01A-01D-1625-08.2.bam,1240270286,1123349520,116920766,0.094270392
G25774.TCGA-05-5429-10A-01D-1625-08.2.bam,1242802254,1157380970,85421284,0.068732804
G25775.TCGA-44-6148-01A-11D-1753-08.1.bam,1419692098,1324435422,95256676,0.067096715
G25775.TCGA-44-6148-10A-01D-1753-08.1.bam,1508234206,1330722213,177511993,0.117695244
G25776.TCGA-75-6203-01A-11D-1753-08.1.bam,2.31E+09,2121879967,185570033,0.080422125
G25776.TCGA-75-6203-10A-01D-1753-08.1.bam,1456618446,1340718572,115899874,0.079567765
G25777.TCGA-67-6215-01A-11D-1753-08.1.bam,1483593694,1375809606,107784088,0.072650678
G25777.TCGA-67-6215-10A-01D-1753-08.1.bam,1426298066,1304618676,121679390,0.085311334
G25778.TCGA-05-4396-01A-21D-1855-08.2.bam,1478467192,1384642096,93825096,0.063461061
G25778.TCGA-05-4396-10A-01D-1855-08.2.bam,1256581424,1167519172,89062252,0.070876626
G25779.TCGA-49-4512-01A-21D-1855-08.4.bam,1964331692,1844593542,119738150,0.060956177
G25779.TCGA-49-4512-11A-01D-1855-08.4.bam,1427238062,1339701797,87536265,0.061332631
G25780.TCGA-49-6742-01A-11D-1855-08.4.bam,2.39E+09,2.21E+09,185330000,0.077442189
G25780.TCGA-49-6742-11A-01D-1855-08.4.bam,2.42E+09,2.27E+09,152950000,0.063180549
G25781.TCGA-50-6597-01A-11D-1855-08.4.bam,2.40E+09,2.20E+09,194880000,0.081225044
G25781.TCGA-50-6597-10A-01D-1855-08.4.bam,2.27E+09,2091716261,181703739,0.079925284
G25782.TCGA-55-6982-01A-11D-1945-08.2.bam,2.44E+09,2.24E+09,202840000,0.083057961
G25782.TCGA-55-6982-11A-01D-1945-08.2.bam,1309169490,1171367832,137801658,0.105258837
G25783.TCGA-55-6986-01A-11D-1945-08.2.bam,1424464386,1328692423,95771963,0.067233666
G25783.TCGA-55-6986-11A-01D-1945-08.2.bam,1242456702,1144289240,98167462,0.079010771
G25784.TCGA-91-6840-01A-11D-1945-08.3.bam,1259621916,1143988136,115633780,0.091800388
G25784.TCGA-91-6840-10A-01D-1946-08.3.bam,1973820530,1832717440,141103090,0.071487295
G25785.TCGA-78-7143-01A-11D-2036-08.1.bam,2.46E+09,2.29E+09,172000000,0.069920405
G25785.TCGA-78-7143-10A-01D-2036-08.1.bam,1396766940,1104834483,291932457,0.209005847
G25786.TCGA-78-7146-01A-11D-2036-08.2.bam,1389110224,1294899378,94210846,0.067821001
G25786.TCGA-78-7146-10A-01D-2036-08.2.bam,1541105654,1267801372,273304282,0.177342988
G25787.TCGA-78-7156-01A-11D-2036-08.1.bam,1168207930,1079261673,88946257,0.076139063
G25787.TCGA-78-7156-10A-01D-2036-08.1.bam,1395568210,1165096709,230471501,0.165145279
G25788.TCGA-55-7281-01A-11D-2036-08.1.bam,1367212500,1252613754,114598746,0.083819264
G25788.TCGA-55-7281-10A-01D-2036-08.1.bam,1519694276,1358255226,161439050,0.106231268
G25789.TCGA-78-7535-01A-11D-2063-08.1.bam,1497937050,1371003917,126933133,0.08473863
G25790.TCGA-50-5066-01A-01D-1625-08.2.bam,2.46E+09,2.15E+09,315350000,0.127994383
G25790.TCGA-50-5066-10A-01D-1625-08.2.bam,1357770266,1257105326,100664940,0.074139891
G26360.TCGA-32-1970-01A-01D-1494-08.1.bam,1116100938,1041351456,74749482,0.066973765
G26360.TCGA-32-1970-10A-01D-1494-08.1.bam,1485263030,1407279717,77983313,0.052504716
G26362.TCGA-06-0157-01A-01D-1491-08.1.bam,1304658620,1223714765,80943855,0.062042172
G26362.TCGA-06-0157-10A-01D-1491-08.1.bam,1342821926,1240830941,101990985,0.075952725
G26363.TCGA-19-2624-01A-01D-1495-08.2.bam,1149557764,1088883771,60673993,0.052780291
G26363.TCGA-19-2624-10A-01D-1495-08.2.bam,1389751878,1292199939,97551939,0.070193781
G26366.TCGA-06-0686-01A-01D-1492-08.2.bam,1362317496,1281933392,80384104,0.059005411
G26366.TCGA-06-0686-10A-01D-1492-08.2.bam,1210721138,1141975065,68746073,0.056781096
G26368.TCGA-19-2629-01A-01D-1495-08.1.bam,1515511796,1427796664,87715132,0.057878225
G26368.TCGA-19-2629-10A-01D-1495-08.1.bam,1375404278,1286615893,88788385,0.064554391
G26370.TCGA-27-1831-01A-01D-1494-08.1.bam,1371534682,1286497779,85036903,0.062001278
G26370.TCGA-27-1831-10A-01D-1494-08.1.bam,1222101320,1151069244,71032076,0.058122903
G26372.TCGA-26-5132-01A-01D-1486-08.2.bam,1378105160,1296639550,81465610,0.059114219
G26372.TCGA-26-5132-10A-01D-1486-08.2.bam,1388504070,1295655513,92848557,0.066869489
G26374.TCGA-06-5415-01A-01D-1486-08.1.bam,1292754662,1222000486,70754176,0.054731325
G26374.TCGA-06-5415-10A-01D-1486-08.1.bam,1271128994,1198057057,73071937,0.057485855
G26375.TCGA-27-2528-01A-01D-1494-08.1.bam,1209248590,1141383113,67865477,0.056122023
G26375.TCGA-27-2528-10A-01D-1494-08.1.bam,1330357086,1251905066,78452020,0.058970648
G26376.TCGA-27-2523-01A-01D-1494-08.1.bam,1322082610,1243377045,78705565,0.059531503
G26376.TCGA-27-2523-10A-01D-1494-08.1.bam,1252187400,1163753006,88434394,0.070623929
G26378.TCGA-02-2483-01A-01D-1494-08.1.bam,1342040298,1249930379,92109919,0.068634242
G26378.TCGA-02-2483-10A-01D-1494-08.1.bam,1334483230,1261029994,73453236,0.055042457
G26380.TCGA-06-0744-01A-01D-1492-08.1.bam,1408827986,1321844780,86983206,0.061741538
G26380.TCGA-06-0744-10A-01D-1492-08.1.bam,1222631200,1148659545,73971655,0.060502018
G26381.TCGA-14-1823-01A-01D-1494-08.1.bam,1296717514,1212568376,84149138,0.064893963
G26381.TCGA-14-1823-10A-01D-1494-08.1.bam,1310688764,1222922151,87766613,0.066962208
G26382.TCGA-06-2557-01A-01D-1494-08.1.bam,1143894942,1081091319,62803623,0.054903314
G26382.TCGA-06-2557-10A-01D-1494-08.1.bam,1424805780,1324518466,100287314,0.070386656
G26383.TCGA-02-2485-01A-01D-1494-08.1.bam,1346950692,1269962274,76988418,0.057157562
G26383.TCGA-02-2485-10A-01D-1494-08.1.bam,1125466796,1064899593,60567203,0.053815184
G26386.TCGA-06-0745-01A-01D-1492-08.1.bam,1128207584,1066713636,61493948,0.054505881
G26386.TCGA-06-0745-10A-01D-1492-08.1.bam,1365659014,1270464778,95194236,0.069705714
G26387.TCGA-19-2620-01A-01D-1495-08.2.bam,1393566758,1306534629,87032129,0.062452788
G26387.TCGA-19-2620-10A-01D-1495-08.2.bam,1282361488,1182326349,100035139,0.078008533
G26390.TCGA-06-0214-01A-02D-1491-08.1.bam,1489563456,1381326555,108236901,0.072663505
G26390.TCGA-06-0214-10A-01D-1491-08.1.bam,1307032088,1237052965,69979123,0.053540478
G26391.TCGA-26-5135-01A-01D-1486-08.1.bam,1420240920,1318278517,101962403,0.071792329
G26391.TCGA-26-5135-10A-01D-1486-08.1.bam,1381888110,1290880363,91007747,0.065857537
G26396.TCGA-41-5651-01A-01D-1696-08.1.bam,1244363704,1161576114,82787590,0.066530058
G26396.TCGA-41-5651-10A-01D-1696-08.1.bam,1341386916,1262827548,78559368,0.058565778
G26397.TCGA-19-5960-01A-11D-1696-08.2.bam,1420696306,1325503375,95192931,0.067004419
G26397.TCGA-19-5960-10A-01D-1696-08.1.bam,1360451408,1267122064,93329344,0.068601748
G26398.TCGA-06-5411-01A-01D-1696-08.2.bam,1385577270,1308985733,76591537,0.055277709
G26398.TCGA-06-5411-10A-01D-1696-08.2.bam,1260532668,1181190857,79341811,0.062943082
G26401.TCGA-15-1444-01A-02D-1696-08.1.bam,1436255880,1337298061,98957819,0.068899853
G26401.TCGA-15-1444-10A-01D-1696-08.1.bam,1345196278,1263638333,81557945,0.06062903
G26402.TCGA-06-2570-01A-01D-1495-08.1.bam,1317863704,1228673213,89190491,0.067678084
G26402.TCGA-06-2570-10A-01D-1495-08.1.bam,1261023976,1194171129,66852847,0.053014731
G26405.TCGA-14-2554-01A-01D-1494-08.1.bam,1237123696,1175878022,61245674,0.049506508
G26405.TCGA-14-2554-10A-01D-1494-08.1.bam,1336278876,1265910361,70368515,0.052660052
G32450.TCGA-FD-A3N5-01A-11D-A21A-08.1.bam,1003975912,950180444,53795468,0.053582429
G32450.TCGA-FD-A3N5-01A-11D-A21A-08.3.bam,1365807918,1292794138,73013780,0.053458308
G32450.TCGA-FD-A3N5-10A-01D-A21A-08.2.bam,1000453096,938794118,61658978,0.061631053
G32450.TCGA-FD-A3N5-10A-01D-A21A-08.4.bam,1229446992,1155495404,73951588,0.060150286
G32451.TCGA-BT-A20T-01A-11D-A14W-08.1.bam,1482676464,1398219169,84457295,0.056962727
G32451.TCGA-BT-A20T-11A-11D-A14W-08.1.bam,1248502794,1174917926,73584868,0.058938489
G32452.TCGA-C4-A0F7-01A-11D-A10S-08.2.bam,1071136334,1030225247,40911087,0.038194099
G32452.TCGA-C4-A0F7-10A-01D-A10S-08.2.bam,1118181148,1067184853,50996295,0.04560647
G32453.TCGA-DK-A3IL-01A-11D-A20D-08.3.bam,1084441606,1034051949,50389657,0.046465994
G32453.TCGA-DK-A3IL-10A-01D-A20D-08.1.bam,1013190872,963434739,49756133,0.049108351
G32454.TCGA-CF-A27C-01A-11D-A16O-08.1.bam,921173556,881829668,39343888,0.042710614
G32454.TCGA-CF-A27C-01A-11D-A16O-08.4.bam,1292374512,1237968497,54406015,0.042097716
G32454.TCGA-CF-A27C-10A-01D-A16O-08.1.bam,897617676,837462781,60154895,0.067016166
G32454.TCGA-CF-A27C-10A-01D-A16O-08.4.bam,1202614330,1122451928,80162402,0.066656783
G32455.TCGA-BT-A2LA-01A-11D-A18F-08.2.bam,1173306954,1117299030,56007924,0.047735099
G32455.TCGA-BT-A2LA-11A-11D-A18F-08.4.bam,1302564088,1233649417,68914671,0.052906933
G32456.TCGA-CF-A3MF-01A-12D-A21A-08.2.bam,1005585228,956356583,49228645,0.048955219
G32456.TCGA-CF-A3MF-10A-01D-A21A-08.3.bam,1067142020,1008288670,58853350,0.055150438
G32457.TCGA-FD-A3N6-01A-11D-A21A-08.1.bam,1508497574,1429531579,78965995,0.052347446
G32457.TCGA-FD-A3N6-10A-01D-A21A-08.3.bam,1531197210,1458861769,72335441,0.0472411
G32458.TCGA-BT-A20V-01A-11D-A14W-08.2.bam,1268327338,1202299624,66027714,0.05205889
G32458.TCGA-BT-A20V-11A-11D-A14W-08.2.bam,1250165326,1155830689,94334637,0.07545773
G32459.TCGA-BL-A13J-01A-11D-A10S-08.2.bam,915823142,877160100,38663042,0.042216712
G32459.TCGA-BL-A13J-01A-11D-A10S-08.3.bam,1244664678,1192334732,52329946,0.042043409
G32459.TCGA-BL-A13J-10A-01D-A10S-08.2.bam,1091944894,1036969502,54975392,0.050346306
G32459.TCGA-BL-A13J-10A-01D-A10S-08.3.bam,1091944894,1036969502,54975392,0.050346306
G32460.TCGA-BT-A3PH-01A-11D-A21Z-08.2.bam,1258532946,1186186973,72345973,0.05748437
G32460.TCGA-BT-A3PH-10A-01D-A21Z-08.2.bam,1113928666,1053984176,59944490,0.053813581
G32461.TCGA-BT-A3PJ-01A-21D-A21Z-08.1.bam,1286729060,1187382126,99346934,0.077208899
G32461.TCGA-BT-A3PJ-10A-01D-A21Z-08.1.bam,1142233142,1069949856,72283286,0.063282428
G32462.TCGA-DK-A1A7-01A-11D-A13W-08.1.bam,1087603482,1029186676,58416806,0.053711492
G32462.TCGA-DK-A1A7-01A-11D-A13W-08.2.bam,1087603482,1029186676,58416806,0.053711492
G32462.TCGA-DK-A1A7-10A-01D-A13W-08.1.bam,350758872,333934699,16824173,0.047965068
G32462.TCGA-DK-A1A7-10A-01D-A13W-08.2.bam,1069708296,1020082057,49626239,0.04639231
G32463.TCGA-DK-A1A5-01A-11D-A13W-08.3.bam,829293592,787159424,42134168,0.0508073
G32463.TCGA-DK-A1A5-01A-11D-A13W-08.4.bam,1070964894,1017268665,53696229,0.050138178
G32463.TCGA-DK-A1A5-10A-01D-A13W-08.2.bam,1292844874,1215620712,77224162,0.059731963
G32463.TCGA-DK-A1A5-10A-01D-A13W-08.3.bam,1292844874,1215620712,77224162,0.059731963
G32464.TCGA-BT-A20P-01A-11D-A14W-08.1.bam,1376471234,1284854441,91616793,0.066559177
G32464.TCGA-BT-A20P-11A-11D-A14W-08.1.bam,1196583846,1136229656,60354190,0.050438747
G32465.TCGA-BT-A20Q-01A-11D-A14W-08.1.bam,1214808996,1147494275,67314721,0.055411774
G32465.TCGA-BT-A20Q-11A-11D-A14W-08.1.bam,1163279454,1092783041,70496413,0.060601443
G32466.TCGA-H4-A2HQ-01A-11D-A17V-08.2.bam,1165507914,1096448550,69059364,0.059252591
G32466.TCGA-H4-A2HQ-10A-01D-A17V-08.1.bam,1227634788,1166788668,60846120,0.049563698
G32467.TCGA-DK-A1A6-01A-11D-A13W-08.2.bam,1082051278,1027277077,54774201,0.050620707
G32467.TCGA-DK-A1A6-01A-11D-A13W-08.3.bam,1082051278,1027277077,54774201,0.050620707
G32467.TCGA-DK-A1A6-10A-01D-A13W-08.4.bam,961740318,915594323,46145995,0.047981762
G32467.TCGA-DK-A1A6-10A-01D-A13W-08.5.bam,1309448214,1246772465,62675749,0.047864244
G32468.TCGA-GD-A2C5-01A-12D-A17V-08.1.bam,1190104552,1111863971,78240581,0.065742611
G32468.TCGA-GD-A2C5-10A-01D-A17V-08.2.bam,1222551280,1146172334,76378946,0.062475045
G32469.TCGA-DK-A1AG-01A-11D-A13W-08.2.bam,981723966,916385802,65338164,0.066554517
G32469.TCGA-DK-A1AG-01A-11D-A13W-08.3.bam,1186375624,1109695657,76679967,0.064633802
G32469.TCGA-DK-A1AG-10A-01D-A13W-08.1.bam,1473369882,1371808150,101561732,0.068931592
G32469.TCGA-DK-A1AG-10A-01D-A13W-08.2.bam,1473369882,1371808150,101561732,0.068931592
G32470.TCGA-FT-A3EE-01A-11D-A202-08.2.bam,1068274496,1020681014,47593482,0.044551735
G32470.TCGA-FT-A3EE-10A-01D-A202-08.3.bam,1303726962,1213546514,90180448,0.069171269
G32522.TCGA-BJ-A191-01A-11D-A13W-08.1.bam,1392533308,1319299830,73233478,0.052590109
G32522.TCGA-BJ-A191-10A-01D-A13W-08.1.bam,1128018508,1059852630,68165878,0.060429751
G32523.TCGA-DJ-A2Q2-01A-11D-A19J-08.4.bam,2.47E+09,2.35E+09,113990000,0.046185886
G32523.TCGA-DJ-A2Q2-10A-01D-A19M-08.2.bam,1345586686,1257686758,87899928,0.065324612
G32524.TCGA-DJ-A1QL-01A-11D-A14W-08.2.bam,1039131946,989722259,49409687,0.047549002
G32524.TCGA-DJ-A1QL-10A-01D-A14W-08.3.bam,1333958120,1268179757,65778363,0.049310666
G32525.TCGA-DJ-A13W-01A-11D-A10S-08.3.bam,1287183408,1211162148,76021260,0.059060162
G32525.TCGA-DJ-A13W-10A-01D-A10S-08.4.bam,1464592744,1385785439,78807305,0.05380834
G32526.TCGA-EL-A3TB-01A-11D-A22D-08.2.bam,1264588532,1192978477,71610055,0.056627158
G32526.TCGA-EL-A3TB-11A-11D-A22D-08.1.bam,1206182764,1142761884,63420880,0.052579826
G32527.TCGA-FE-A3PD-01A-11D-A21Z-08.1.bam,1300602500,1232029028,68573472,0.052724389
G32527.TCGA-FE-A3PD-10A-01D-A21Z-08.2.bam,998837372,954117097,44720275,0.044772329
G32528.TCGA-DJ-A2Q8-01A-11D-A18F-08.5.bam,1129498704,1074894306,54604398,0.048343923
G32528.TCGA-DJ-A2Q8-10A-01D-A18F-08.5.bam,1366151416,1254978387,111173029,0.081376799
G32529.TCGA-ET-A3DV-01A-12D-A202-08.3.bam,1057728412,1002709414,55018998,0.052016186
G32529.TCGA-ET-A3DV-11A-11D-A202-08.4.bam,1263173498,1203819743,59353755,0.046987809
G32530.TCGA-EM-A3AQ-01A-11D-A20C-08.1.bam,1295669772,1228470994,67198778,0.051864124
G32530.TCGA-EM-A3AQ-10A-01D-A20C-08.1.bam,1376832760,1298147804,78684956,0.057149247
G32531.TCGA-FK-A3S3-01A-11D-A22D-08.1.bam,1147448894,1078331041,69117853,0.060236106
G32531.TCGA-FK-A3S3-10A-01D-A22D-08.1.bam,1230418898,1159962086,70456812,0.057262459
G32532.TCGA-EL-A3H1-01A-11D-A21A-08.3.bam,1041398376,994586403,46811973,0.044951072
G32532.TCGA-EL-A3H1-11A-11D-A21A-08.2.bam,1925743110,1832640715,93102395,0.048346217
G32533.TCGA-EM-A3FQ-01A-11D-A21A-08.3.bam,1164997916,1114244365,50753551,0.043565358
G32533.TCGA-EM-A3FQ-10A-01D-A21A-08.2.bam,1153280716,1090999101,62281615,0.054003864
G32534.TCGA-DJ-A3US-01A-11D-A22D-08.3.bam,2.25E+09,2126164910,119255090,0.053110371
G32534.TCGA-DJ-A3US-10A-01D-A22D-08.2.bam,1343994368,1264637938,79356430,0.05904521
G32535.TCGA-FK-A3SE-01A-11D-A22D-08.1.bam,1065988234,1012285222,53703012,0.050378616
G32535.TCGA-FK-A3SE-10A-01D-A22D-08.1.bam,1110175380,1045926346,64249034,0.057872869
G32536.TCGA-EL-A3T0-01A-22D-A22D-08.4.bam,2.47E+09,2.35E+09,125400000,0.050730413
G32536.TCGA-EL-A3T0-11A-12D-A22D-08.3.bam,1076163166,1025767875,50395291,0.046828671
G32537.TCGA-EL-A3CX-01A-11D-A19J-08.2.bam,1172139636,1113000931,59138705,0.050453635
G32537.TCGA-EL-A3CX-10A-01D-A19M-08.4.bam,1202420716,1144265518,58155198,0.0483651
G32538.TCGA-EM-A2CU-01A-12D-A17V-08.4.bam,3.68E+09,3.49E+09,193410000,0.052502423
G32538.TCGA-EM-A2CU-10A-01D-A17V-08.3.bam,1018926564,973410912,45515652,0.044670199
G32539.TCGA-EM-A3AL-01A-11D-A202-08.1.bam,1026016782,976667138,49349644,0.048098281
G32539.TCGA-EM-A3AL-10A-01D-A202-08.1.bam,1183343052,1117716876,65626176,0.055458285
G32540.TCGA-EL-A3CV-01A-11D-A19J-08.2.bam,2.64E+09,2.49E+09,152780000,0.057770988
G32540.TCGA-EL-A3CV-10A-01D-A19M-08.3.bam,1059461144,1002582333,56878811,0.053686547
G32541.TCGA-EE-A2GT-06A-12D-A197-08.6.bam,2.51E+09,2.39E+09,120790000,0.048135971
G32541.TCGA-EE-A2GT-10A-01D-A199-08.3.bam,1206269186,1127475751,78793435,0.065319943
G32542.TCGA-D9-A148-06A-11D-A19A-08.3.bam,2.54E+09,2.41E+09,126000000,0.049611182
G32542.TCGA-D9-A148-10A-01D-A19A-08.3.bam,1053211924,995257435,57954489,0.055026427
G32543.TCGA-GN-A26C-01A-11D-A19A-08.5.bam,2.32E+09,2.21E+09,111570000,0.048073733
G32543.TCGA-GN-A26C-10A-01D-A19A-08.4.bam,1181112064,1114557731,66554333,0.056348872
G32544.TCGA-EB-A24D-01A-11D-A197-08.3.bam,2.51E+09,2.37E+09,139550000,0.055649046
G32544.TCGA-EB-A24D-10A-01D-A199-08.3.bam,1186402336,1112839363,73562973,0.062005081
G32545.TCGA-EE-A29B-06A-11D-A197-08.2.bam,1122758926,1067494020,55264906,0.049222415
G32545.TCGA-EE-A29B-10A-01D-A199-08.1.bam,1187631476,1118711047,68920429,0.058031831
G32546.TCGA-ER-A3ES-06A-11D-A20D-08.1.bam,1012035710,944019007,68016703,0.067207809
G32546.TCGA-ER-A3ES-10A-01D-A20D-08.2.bam,1325512916,1247797405,77715511,0.05863052
G32547.TCGA-EE-A3JI-06A-11D-A21A-08.1.bam,1306841002,1215962519,90878483,0.069540581
G32547.TCGA-EE-A3JI-10A-01D-A21A-08.1.bam,1134099586,1073718379,60381207,0.053241539
G32548.TCGA-EE-A2M5-06A-12D-A197-08.1.bam,1302239676,1224112750,78126926,0.059994276
G32548.TCGA-EE-A2M5-10A-01D-A199-08.1.bam,1581091946,1485593193,95498753,0.060400506
G32549.TCGA-FS-A1ZP-06A-11D-A197-08.3.bam,1372112106,1292829324,79282782,0.057781563
G32549.TCGA-FS-A1ZP-10A-01D-A199-08.2.bam,1196688862,1138017724,58671138,0.049027897
G32550.TCGA-EE-A3J5-06A-11D-A20D-08.2.bam,1428728498,1345335395,83393103,0.058368755
G32550.TCGA-EE-A3J5-10A-01D-A20D-08.1.bam,1151951876,1085180225,66771651,0.057963924
G32551.TCGA-EE-A2MI-06A-11D-A197-08.1.bam,1120605616,1057804883,62800733,0.05604178
G32551.TCGA-EE-A2MI-10A-01D-A199-08.1.bam,1232522568,1156355814,76166754,0.061797452
G32552.TCGA-EE-A2GN-06A-11D-A196-08.2.bam,1448464712,1347189532,101275180,0.069918983
G32552.TCGA-EE-A2GN-10A-01D-A198-08.3.bam,1141601256,1050971084,90630172,0.079388641
G32553.TCGA-ER-A19E-06A-11D-A197-08.1.bam,1333462930,1260961635,72501295,0.054370687
G32553.TCGA-ER-A19E-10A-01D-A199-08.2.bam,1279333658,1217070960,62262698,0.048668068
G32554.TCGA-FS-A1ZK-06A-11D-A197-08.1.bam,1204157586,1138182148,65975438,0.054789704
G32554.TCGA-FS-A1ZK-10A-01D-A199-08.1.bam,1351710634,1271330305,80380329,0.059465633
G32555.TCGA-DA-A1IC-06A-11D-A197-08.1.bam,1115491404,1058341797,57149607,0.051232674
G32555.TCGA-DA-A1IC-10A-01D-A199-08.1.bam,1202716532,1144426176,58290356,0.048465581
G32556.TCGA-FS-A1ZU-06A-12D-A196-08.6.bam,1206589866,1126434998,80154868,0.066430914
G32556.TCGA-FS-A1ZU-10A-01D-A198-08.5.bam,1224207400,1177208210,46999190,0.038391526
G32557.TCGA-ER-A19T-01A-11D-A19A-08.3.bam,1015524314,964011608,51512706,0.050725232
G32557.TCGA-ER-A19T-06A-11D-A19A-08.1.bam,1171687398,1101871200,69816198,0.059586028
G32557.TCGA-ER-A19T-10A-01D-A19A-08.1.bam,1260823808,1183080929,77742879,0.061660383
G32558.TCGA-FS-A1ZD-06A-11D-A197-08.2.bam,1317124792,1225945436,91179356,0.069226057
G32558.TCGA-FS-A1ZD-10A-01D-A199-08.2.bam,1188919626,1120024889,68894737,0.057947346
G32559.TCGA-ER-A2NF-01A-11D-A19A-08.2.bam,1207503970,1139326634,68177336,0.056461376
G32559.TCGA-ER-A2NF-06A-11D-A19A-08.2.bam,1089785298,1032752913,57032385,0.052333597
G32559.TCGA-ER-A2NF-10A-01D-A19A-08.2.bam,1146445546,1087023069,59422477,0.051831923
G32560.TCGA-GN-A266-06A-11D-A197-08.3.bam,1216572290,1151168073,65404217,0.053761061
G32560.TCGA-GN-A266-10A-01D-A199-08.1.bam,1070533118,1011769336,58763782,0.054892073
G35153.TCGA-BA-A4IH-01A-11D-A25T-08.5.bam,1176025220,1075084670,100940550,0.08583196
G35153.TCGA-BA-A4IH-10A-01D-A25T-08.4.bam,1181203744,1127928713,53275031,0.045102321
G35154.TCGA-CS-5390-10A-01D-1468-08.1.bam,1181826830,1121511085,60315745,0.051036026
G35154.TCGA-CS-5395-01A-01D-1468-08.1.bam,1064925886,1007205593,57720293,0.05420123
G35154.TCGA-CS-5395-10A-01D-1468-08.1.bam,1319984232,1244138397,75845835,0.057459652
G35154.TCGA-CS-6186-01A-12D-A461-08.2.bam,1726946287,1716159044,10787243,0.006246426
G35154.TCGA-CS-6186-10A-01D-2024-08.2.bam,860770949,855355608,5415341,0.006291268
G35154.TCGA-CS-6665-01A-11D-1893-08.2.bam,1506066008,1491910643,14155365,0.009398901
G35154.TCGA-CS-6665-10A-01D-1893-08.2.bam,927881753,920918936,6962817,0.007503992
G35154.TCGA-CS-6668-01A-11D-1893-08.2.bam,1416668030,1338534394,78133636,0.055153102
G35154.TCGA-CS-6668-10A-01D-1893-08.4.bam,1179184410,1113543740,65640670,0.055666162
G35154.TCGA-CS-6669-01A-11D-1893-08.5.bam,2.17E+09,2029135567,142134433,0.065461427
G35154.TCGA-CS-6669-10A-01D-1893-08.6.bam,1232036454,1134110043,97926411,0.079483371
G35154.TCGA-DB-5278-01A-01D-1468-08.1.bam,1253568014,1150502190,103065824,0.082217975
G35154.TCGA-DB-5278-10A-01D-1468-08.1.bam,1271850516,1195813815,76036701,0.059784306
G35154.TCGA-DH-A669-01A-12D-A31L-08.3.bam,1660223883,1649077087,11146796,0.006714032
G35154.TCGA-DH-A669-02A-11D-A31L-08.3.bam,1695072847,1683060932,12011915,0.007086371
G35154.TCGA-DH-A669-10A-01D-A31J-08.3.bam,875796138,866624660,9171478,0.010472161
G35154.TCGA-DU-5870-01A-11D-A461-08.3.bam,1472467926,1457203209,15264717,0.010366757
G35154.TCGA-DU-5870-02A-12D-A36O-08.3.bam,1564640761,1553497433,11143328,0.007121972
G35154.TCGA-DU-5870-10A-01D-A461-08.3.bam,846627761,835658329,10969432,0.012956617
G35154.TCGA-DU-5872-01A-11D-A465-08.1.bam,1714002089,1702800495,11201594,0.006535344
G35154.TCGA-DU-5872-02A-21D-A36O-08.1.bam,1729002256,1718447943,10554313,0.006104279
G35154.TCGA-DU-5872-10A-01D-A465-08.1.bam,819652745,808799776,10852969,0.013240935
G35154.TCGA-DU-5874-01A-11D-1705-08.2.bam,1188806192,1123668566,65137626,0.054792469
G35154.TCGA-DU-5874-10A-01D-1705-08.2.bam,1008490062,959926861,48563201,0.048154367
G35154.TCGA-DU-6397-01A-11D-A461-08.3.bam,1742258948,1727951160,14307788,0.008212205
G35154.TCGA-DU-6397-02A-12D-A36O-08.3.bam,1593681579,1481305018,112376561,0.070513811
G35154.TCGA-DU-6397-10A-01D-A461-08.3.bam,816527449,804886700,11640749,0.014256409
G35154.TCGA-DU-6401-01A-11D-1705-08.2.bam,2008978786,1905385580,103593206,0.051565107
G35154.TCGA-DU-6401-10A-01D-1705-08.2.bam,1214462934,1154993161,59469773,0.048967961
G35154.TCGA-DU-6404-01A-11D-A461-08.3.bam,1660726877,1646951145,13775732,0.008295002
G35154.TCGA-DU-6404-02A-21D-A36O-08.3.bam,1539959030,1528922674,11036356,0.007166656
G35154.TCGA-DU-6404-02B-11D-A36O-08.3.bam,1553987281,1536468134,17519147,0.011273675
G35154.TCGA-DU-6404-10A-01D-A461-08.3.bam,779325813,773389340,5936473,0.007617447
G35154.TCGA-DU-6407-01A-13D-1705-08.1.bam,1004021118,957211300,46809818,0.046622344
G35154.TCGA-DU-6407-02A-12D-A36O-08.2.bam,1603108721,1588788474,14320247,0.008932798
G35154.TCGA-DU-6407-02B-11D-A36O-08.2.bam,1687212208,1586419061,100793147,0.05973946
G35154.TCGA-DU-6407-10A-01D-1705-08.2.bam,1055788358,1007664517,48123841,0.045580954
G35154.TCGA-DU-7009-01A-11D-2024-08.2.bam,1224223196,1147292177,76931019,0.062840681
G35154.TCGA-DU-7009-10A-01D-2024-08.2.bam,1218274850,1129542766,88732084,0.072834208
G35154.TCGA-DU-7013-01A-11D-A461-08.1.bam,1601060699,1587284153,13776546,0.008604637
G35154.TCGA-DU-7013-10A-01D-A461-08.1.bam,817685416,807440393,10245023,0.012529296
G35154.TCGA-DU-7301-01A-11D-2086-08.3.bam,1110605838,1053619214,56986624,0.051311295
G35154.TCGA-DU-7301-10A-01D-2086-08.2.bam,1268139994,1195559043,72580951,0.057234179
G35154.TCGA-DU-7304-01A-12D-A461-08.4.bam,1667093879,1650058778,17035101,0.010218441
G35154.TCGA-DU-7304-02A-12D-A36O-08.4.bam,1578701975,1565636577,13065398,0.008276038
G35154.TCGA-DU-7304-10A-01D-2086-08.4.bam,888091307,881314472,6776835,0.007630786
G35154.TCGA-E1-5318-01A-01D-1468-08.1.bam,1410915900,1328971159,81944741,0.058079111
G35154.TCGA-E1-5318-10A-01D-1468-08.1.bam,1280685824,1206489675,74196149,0.0579347
G35154.TCGA-E1-5319-01A-01D-1893-08.4.bam,1128403214,1065802570,62600644,0.055477194
G35154.TCGA-E1-5319-10A-01D-1893-08.5.bam,983270532,940429497,42841035,0.043569937
G35154.TCGA-EZ-7264-01A-11D-2024-08.2.bam,1241633150,1175000631,66632519,0.053665222
G35154.TCGA-EZ-7264-10A-01D-2024-08.2.bam,1171637016,1117194459,54442557,0.046467085
G35154.TCGA-FG-5964-01A-11D-1705-08.4.bam,1217601128,1148709373,68891755,0.056579904
G35154.TCGA-FG-5964-10A-01D-1705-08.1.bam,1246940710,1188765708,58175002,0.046654185
G35154.TCGA-FG-5965-01B-11D-1893-08.2.bam,1590945642,1571677328,19268314,0.012111233
G35154.TCGA-FG-5965-02B-11D-A29Q-08.2.bam,1637584147,1618549596,19034551,0.011623556
G35154.TCGA-FG-5965-10A-01D-1893-08.2.bam,824158539,814278133,9880406,0.011988477
G35154.TCGA-FG-7643-01A-11D-A461-08.2.bam,1584903076,1570790785,14112291,0.008904198
G35154.TCGA-FG-7643-10A-01D-2086-08.2.bam,771283471,763797721,7485750,0.009705576
G35154.TCGA-FG-8182-01A-11D-2253-08.3.bam,2144084986,2027329034,116755952,0.054454909
G35154.TCGA-FG-8182-10A-01D-2253-08.4.bam,1131686904,1077722916,53963988,0.047684556
G35154.TCGA-FG-A4MT-01A-11D-A461-08.3.bam,1682423466,1668343570,14079896,0.008368818
G35154.TCGA-FG-A4MT-02A-11D-A29Q-08.3.bam,1701519389,1679604405,21914984,0.012879656
G35154.TCGA-FG-A4MT-10A-01D-A38T-08.3.bam,807454082,794082532,13371550,0.016560137
G35154.TCGA-HT-7602-01A-21D-2086-08.4.bam,2069809550,1973387039,96422511,0.046585209
G35154.TCGA-HT-7602-10A-01D-2086-08.3.bam,1155181274,1090551699,64629575,0.055947561
G35154.TCGA-HT-7689-01A-11D-2253-08.2.bam,1240636418,1171135364,69501054,0.056020485
G35154.TCGA-HT-7689-10A-01D-2253-08.5.bam,985571562,935744287,49827275,0.05055673
G35154.TCGA-HT-7695-01A-11D-2253-08.1.bam,1166967122,1097118990,69848132,0.059854413
G35154.TCGA-HT-7695-10A-01D-2253-08.1.bam,1230468842,1160062264,70406578,0.05721931
G35154.TCGA-HT-8104-01A-11D-A461-08.2.bam,1680899571,1665207560,15692011,0.009335484
G35154.TCGA-HT-8104-10A-01D-A461-08.2.bam,846737360,838247104,8490256,0.010027024
G35154.TCGA-HT-A5R7-01A-11D-A461-08.2.bam,1678558645,1664555606,14003039,0.0083423
G35154.TCGA-HT-A5R7-10A-01D-A289-08.2.bam,896225162,888691965,7533197,0.008405474
G35154.TCGA-HT-A61B-01A-11D-A461-08.2.bam,1693629251,1680487922,13141329,0.007759271
G35154.TCGA-HT-A61B-10A-01D-A29Q-08.2.bam,849151312,843519033,5632279,0.006632833
G35154.TCGA-HW-7486-01A-11D-2024-08.6.bam,2018704370,1911798878,106905492,0.052957478
G35154.TCGA-HW-7486-10A-01D-2024-08.7.bam,1866523222,1778489251,88033971,0.04716468
G35154.TCGA-HW-7487-01A-11D-2024-08.3.bam,1145190060,1086102108,59087952,0.051596634
G35154.TCGA-HW-7487-10A-01D-2024-08.5.bam,1160106000,1104770027,55335973,0.047699066
G35154.TCGA-IK-7675-01A-11D-2086-08.6.bam,2.30E+09,2.20E+09,106350000,0.046170677
G35154.TCGA-IK-7675-10A-01D-2086-08.6.bam,1183082312,1123769031,59313281,0.050134535
G35154.TCGA-TM-A7CF-01A-11D-A32B-08.4.bam,1681922845,1663542931,18379914,0.010927917
G35154.TCGA-TM-A7CF-02A-11D-A32B-08.4.bam,1586801409,1571052023,15749386,0.009925241
G35154.TCGA-TM-A7CF-10A-01D-A329-08.4.bam,814391207,806826700,7564507,0.009288542
G35154.TCGA-TQ-A7RK-01A-11D-A33T-08.3.bam,1542132713,1525918615,16214098,0.010514074
G35154.TCGA-TQ-A7RK-02A-11D-A36O-08.3.bam,1559630271,1547294386,12335885,0.007909493
G35154.TCGA-TQ-A7RK-02B-11D-A401-08.3.bam,1564473373,1557292066,7181307,0.004590239
G35154.TCGA-TQ-A7RK-10A-01D-A33W-08.3.bam,853050612,847029862,6020750,0.007057905
G35154.TCGA-TQ-A7RV-01A-21D-A34A-08.3.bam,1473718662,1453774569,19944093,0.013533175
G35154.TCGA-TQ-A7RV-02A-11D-A36O-08.3.bam,1620632814,1598729722,21903092,0.013515148
G35154.TCGA-TQ-A7RV-10A-01D-A34A-08.3.bam,891331224,882963005,8368219,0.00938845
G35154.TCGA-TQ-A8XE-01A-11D-A36O-08.2.bam,1622461844,1609074534,13387310,0.008251233
G35154.TCGA-TQ-A8XE-02A-11D-A36O-08.4.bam,1511105620,1494677269,16428351,0.010871742
G35154.TCGA-TQ-A8XE-10A-01D-A367-08.3.bam,840311537,831701760,8609777,0.010245935
G35155.TCGA-BB-4228-01A-01D-1434-08.2.bam,390660912,369347793,21313119,0.054556569
G35155.TCGA-CN-5373-01A-01D-1434-08.2.bam,370287248,350410757,19876491,0.053678573
G35155.TCGA-CQ-5323-01A-01D-1683-08.2.bam,338582362,320391586,18190776,0.053726295
G35155.TCGA-CQ-6220-01A-11D-1912-08.2.bam,334948696,314107034,20841662,0.062223446
G35155.TCGA-CR-5243-01A-01D-1512-08.2.bam,328065384,310194663,17870721,0.054473047
G35155.TCGA-CR-5248-01A-01D-2012-08.2.bam,370750254,348242542,22507712,0.060708554
G35155.TCGA-CR-6471-01A-11D-1870-08.2.bam,358319670,337254639,21065031,0.058788375
G35155.TCGA-CR-6473-01A-11D-1870-08.2.bam,358101784,338550353,19551431,0.054597413
G35155.TCGA-CR-6481-01A-11D-1870-08.2.bam,333031376,314642019,18389357,0.055218092
G35155.TCGA-CR-7368-01A-11D-2129-08.2.bam,345795606,327688568,18107038,0.052363413
G35155.TCGA-CR-7369-01A-11D-2129-08.2.bam,352241232,330998637,21242595,0.060306952
G35155.TCGA-CV-7406-01A-11D-2078-08.2.bam,337582256,317811099,19771157,0.058566932
G35155.TCGA-DQ-7591-01A-11D-2078-08.2.bam,385445320,364063622,21381698,0.055472714
G35155.TCGA-HD-7754-01A-11D-2078-08.2.bam,366936310,346870683,20065627,0.054684223
G37566.TCGA-CH-5750-01A-11D-1576-08.2.bam,1700576348,1622190075,78386273,0.046093945
G37566.TCGA-CH-5750-10A-01D-1576-08.2.bam,1163338592,1102144582,61194010,0.052602063
G37566.TCGA-CH-5763-01A-11D-1576-08.1.bam,1899337332,1808643337,90693995,0.047750336
G37566.TCGA-CH-5763-11A-01D-1576-08.1.bam,1156408746,1081868959,74539787,0.064457993
G37566.TCGA-CH-5771-01A-21D-1576-08.1.bam,2096912124,1975348907,121563217,0.05797249
G37566.TCGA-CH-5771-11A-01D-1576-08.2.bam,1044172146,990026973,54145173,0.051854642
G37566.TCGA-CH-5788-01A-11D-1576-08.4.bam,2.33E+09,2.23E+09,103370000,0.044329419
G37566.TCGA-CH-5788-10A-01D-1576-08.4.bam,1239869728,1175713768,64155960,0.051744114
G37566.TCGA-CH-5789-01A-11D-1576-08.1.bam,1715294026,1626365091,88928935,0.051844718
G37566.TCGA-CH-5789-10A-01D-1576-08.1.bam,1102502456,1045161064,57341392,0.052010217
G37566.TCGA-EJ-5503-01A-01D-1576-08.2.bam,2104120766,1987977233,116143533,0.055198131
G37566.TCGA-EJ-5503-10A-01D-1577-08.2.bam,1218889088,1153813353,65075735,0.053389382
G37566.TCGA-EJ-5506-01A-01D-1576-08.1.bam,1688348568,1604710974,83637594,0.049538108
G37566.TCGA-EJ-5506-10A-01D-1577-08.1.bam,1095260070,1029783264,65476806,0.059781971
G37566.TCGA-EJ-7791-01A-11D-2114-08.2.bam,1938730364,1844960676,93769688,0.048366544
G37566.TCGA-EJ-7791-10A-01D-2115-08.2.bam,1079991092,1023231621,56759471,0.052555499
G37566.TCGA-G9-6336-01A-11D-1786-08.1.bam,1839006522,1753323951,85682571,0.046591771
G37566.TCGA-G9-6336-10A-01D-1786-08.1.bam,1229470024,1165405858,64064166,0.052107139
G37566.TCGA-G9-6365-01A-11D-1786-08.1.bam,1843674718,1754223737,89450981,0.048517767
G37566.TCGA-G9-6365-10A-01D-1786-08.1.bam,1339047454,1265939143,73108311,0.054597252
G37566.TCGA-G9-6370-01A-11D-1786-08.2.bam,1908423736,1808608767,99814969,0.05230231
G37566.TCGA-G9-6370-10A-01D-1786-08.2.bam,1276268252,1199359749,76908503,0.060260453
G37566.TCGA-G9-7522-01A-11D-2260-08.1.bam,1787906744,1696816876,91089868,0.050947774
G37566.TCGA-G9-7522-10A-01D-2260-08.1.bam,1092241558,1036959103,55282455,0.050613763
G37566.TCGA-HC-7075-01A-11D-1961-08.2.bam,2050099532,1926404992,123694540,0.060335871
G37566.TCGA-HC-7075-10A-01D-1961-08.2.bam,1129680762,1067780781,61899981,0.054794224
G37566.TCGA-HC-7079-01A-11D-1961-08.2.bam,1744843440,1661207751,83635689,0.047933062
G37566.TCGA-HC-7079-10A-01D-1961-08.2.bam,1205390624,1143353742,62036882,0.051466206
G37566.TCGA-HC-7233-01A-11D-2114-08.2.bam,1935757034,1842947326,92809708,0.047944916
G37566.TCGA-HC-7233-10A-01D-2115-08.2.bam,1301419544,1229714392,71705152,0.055097645
G37566.TCGA-HC-7737-01A-11D-2114-08.3.bam,1771888320,1686014595,85873725,0.048464525
G37566.TCGA-HC-7737-11A-02D-2114-08.3.bam,1184074192,1098322705,85751487,0.072420704
G37566.TCGA-HC-7740-01A-11D-2114-08.2.bam,1677869630,1593162083,84707547,0.050485178
G37566.TCGA-HC-7740-10A-01D-2115-08.3.bam,1029599076,983741550,45857526,0.044539207
G37566.TCGA-HC-7744-01A-11D-2114-08.1.bam,1898519702,1803655923,94863779,0.049967234
G37566.TCGA-HC-7744-10A-01D-2115-08.1.bam,1166556370,1088609662,77946708,0.066817781
G37566.TCGA-HC-8258-01A-11D-2260-08.3.bam,2.29E+09,2134010793,151389207,0.066241886
G37566.TCGA-HC-8258-10A-01D-2260-08.3.bam,1168476660,1105899464,62577196,0.053554511
G37566.TCGA-HI-7169-01A-11D-2114-08.2.bam,1894564936,1795843877,98721059,0.052107509
G37566.TCGA-HI-7169-10A-01D-2115-08.2.bam,1165758140,1103987429,61770711,0.052987587
G37568.TCGA-DK-A1AA-01A-11D-A13W-08.3.bam,2019163734,1912589888,106573846,0.052781181
G37568.TCGA-DK-A1AA-10A-01D-A25T-08.3.bam,1300030834,1164814111,135216723,0.104010397
G37568.TCGA-DK-A1AE-01A-11D-A13W-08.2.bam,1780869172,1701832031,79037141,0.044381217
G37568.TCGA-DK-A1AE-10A-01D-A25T-08.2.bam,1200302240,1110484033,89818207,0.074829659
G39019.TCGA-D3-A1Q1-06A-21D-A196-08.2.bam,1854671808,1773162746,81509062,0.043947971
G39019.TCGA-D3-A1Q1-10A-01D-A198-08.2.bam,1083685736,1023386119,60299617,0.055643085
G39019.TCGA-D3-A1Q5-06A-11D-A196-08.2.bam,1656806018,1559683299,97122719,0.058620453
G39019.TCGA-D3-A1Q5-10A-01D-A198-08.2.bam,1666714854,1569728741,96986113,0.058189985
G39019.TCGA-D3-A3MO-06A-11D-A21A-08.2.bam,2041190986,1946370333,94820653,0.046453592
G39019.TCGA-D3-A3MO-10A-01D-A21A-08.2.bam,1100018118,1038173429,61844689,0.056221519
G39019.TCGA-DA-A1HV-06A-21D-A196-08.3.bam,1853657564,1767806776,85850788,0.046314265
G39019.TCGA-DA-A1HV-10A-01D-A198-08.3.bam,1075963924,1027884318,48079606,0.044685147
G39019.TCGA-DA-A1HW-06A-11D-A19A-08.2.bam,1967177498,1875384647,91792851,0.046662211
G39019.TCGA-DA-A1HW-10A-01D-A19A-08.2.bam,1117658640,1058577076,59081564,0.052861904
G39019.TCGA-DA-A1HY-06A-11D-A19A-08.2.bam,1958828976,1872859706,85969270,0.043888094
G39019.TCGA-DA-A1HY-10A-01D-A19A-08.2.bam,1526125390,1444330016,81795374,0.053596759
G39019.TCGA-DA-A1I0-06A-11D-A20D-08.3.bam,2.19E+09,2068025351,124804649,0.056914877
G39019.TCGA-DA-A1I0-10B-01D-A20D-08.3.bam,1528179532,1445635448,82544084,0.054014651
G39019.TCGA-DA-A1I2-06A-21D-A19A-08.1.bam,1956243390,1865909554,90333836,0.046177197
G39019.TCGA-DA-A1I2-10A-01D-A19A-08.1.bam,1056136492,991575197,64561295,0.061129689
G39019.TCGA-DA-A1I8-06A-11D-A197-08.3.bam,1995532764,1893234767,102297997,0.051263502
G39019.TCGA-DA-A1I8-10A-01D-A199-08.3.bam,1083761380,1036555516,47205864,0.043557433
G39019.TCGA-DA-A3F3-06A-11D-A20D-08.2.bam,1801412982,1726230783,75182199,0.041735127
G39019.TCGA-DA-A3F3-10A-01D-A20D-08.2.bam,1446205478,1368699461,77506017,0.053592673
G39019.TCGA-DA-A3F5-06A-11D-A20D-08.2.bam,1711691056,1632643140,79047916,0.046181182
G39019.TCGA-DA-A3F5-10A-01D-A20D-08.2.bam,1373143904,1310854276,62289628,0.045362782
G39019.TCGA-DA-A3F8-06A-11D-A20D-08.3.bam,1940658384,1852357939,88300445,0.045500252
G39019.TCGA-DA-A3F8-10A-01D-A20D-08.3.bam,1293396556,1215191157,78205399,0.060465136
G39019.TCGA-EE-A185-06A-11D-A196-08.1.bam,2096059456,1990772701,105286755,0.050230806
G39019.TCGA-EE-A185-10A-01D-A198-08.1.bam,1378748022,1301398986,77349036,0.056100923
G39019.TCGA-EE-A2A0-06A-11D-A196-08.3.bam,1867964066,1788290712,79673354,0.042652509
G39019.TCGA-EE-A2A0-10A-01D-A198-08.3.bam,1061423524,1006426409,54997115,0.051814487
G39019.TCGA-ER-A19D-06A-11D-A197-08.3.bam,1720111200,1652355379,67755821,0.039390373
G39019.TCGA-ER-A19D-10A-01D-A199-08.3.bam,1410706528,1344371319,66335209,0.047022685
G39019.TCGA-ER-A19J-06A-11D-A196-08.3.bam,2136856440,2033953057,102903383,0.048156433
G39019.TCGA-ER-A19J-10A-01D-A198-08.3.bam,1075597386,1021089176,54508210,0.05067715
G39019.TCGA-ER-A19L-06A-12D-A197-08.2.bam,2.42E+09,2.31E+09,110060000,0.04549814
G39019.TCGA-ER-A19L-10A-01D-A199-08.2.bam,1300777358,1229988786,70788572,0.054420206
G39019.TCGA-GN-A262-06A-11D-A196-08.2.bam,1723908406,1649111360,74797046,0.043388063
G39019.TCGA-GN-A262-10A-01D-A198-08.1.bam,1423176064,1359883286,63292778,0.044472908
G39019.TCGA-GN-A264-06A-11D-A196-08.1.bam,2029260478,1935290943,93969535,0.046307281
G39019.TCGA-GN-A264-10A-01D-A198-08.1.bam,1386973738,1328771666,58202072,0.041963355
G39019.TCGA-GN-A26A-06A-11D-A19A-08.4.bam,1694359132,1605316107,89043025,0.052552628
G39019.TCGA-GN-A26A-10A-01D-A19A-08.3.bam,1273337018,1227914293,45422725,0.035672194
G39020.TCGA-BR-4255-01A-01D-A290-08.4.bam,2030326212,1935013616,95312596,0.046944474
G39020.TCGA-BR-4255-11A-01D-A290-08.2.bam,1449700114,1378526787,71173327,0.049095207
G39020.TCGA-BR-4280-01A-01D-A290-08.1.bam,1316260618,1237834660,78425958,0.059582393
G39020.TCGA-BR-4280-11A-01D-A290-08.1.bam,1067672730,1009504561,58168169,0.054481273
G39020.TCGA-BR-6452-01A-12D-1800-08.1.bam,1026613436,982738250,43875186,0.042737787
G39020.TCGA-BR-6452-10A-01D-1800-08.1.bam,1522999024,1452660852,70338172,0.04618399
G39020.TCGA-BR-6456-01A-11D-1800-08.3.bam,2.45E+09,2.33E+09,126680000,0.05167027
G39020.TCGA-BR-6456-10A-01D-1800-08.3.bam,1723283994,1618807820,104476174,0.060626208
G39020.TCGA-BR-6564-01A-12D-1882-08.2.bam,2.42E+09,2.30E+09,121990000,0.050436185
G39020.TCGA-BR-6564-10A-01D-1882-08.2.bam,1311193842,1236700241,74493601,0.056813568
G39020.TCGA-BR-7722-01A-31D-2201-08.2.bam,1138012342,1053184645,84827697,0.074540226
G39020.TCGA-BR-7722-10A-01D-2201-08.1.bam,1336194848,1261783257,74411591,0.055689177
G39020.TCGA-BR-8373-01A-11D-2340-08.3.bam,2.24E+09,2075398311,164681689,0.073515986
G39020.TCGA-BR-8373-10A-01D-2341-08.3.bam,1227208184,1159964058,67244126,0.054794392
G39020.TCGA-BR-8381-01A-11D-2394-08.2.bam,2.29E+09,2.17E+09,120910000,0.052834196
G39020.TCGA-BR-8381-10A-01D-2394-08.2.bam,1337740396,1249525117,88215279,0.065943496
G39020.TCGA-BR-8486-01A-31D-2394-08.2.bam,2.74E+09,2.58E+09,164910000,0.060186571
G39020.TCGA-BR-8486-10A-01D-2394-08.2.bam,1163501906,1101703352,61798554,0.05311427
G39020.TCGA-BR-8682-01A-11D-2394-08.3.bam,2.64E+09,2.49E+09,146520000,0.055570726
G39020.TCGA-BR-8682-10A-01D-2394-08.3.bam,1107525382,1033628460,73896922,0.066722554
G39020.TCGA-BR-8690-01A-11D-2394-08.4.bam,2.93E+09,2.72E+09,202610000,0.06925417
G39020.TCGA-BR-8690-10A-01D-2394-08.4.bam,1583046120,1500266159,82779961,0.052291566
G39020.TCGA-BR-A4J4-01A-12D-A25D-08.3.bam,1957865710,1854781052,103084658,0.052651547
G39020.TCGA-BR-A4J4-10A-01D-A25E-08.3.bam,1385228800,1294100193,91128607,0.06578596
G39020.TCGA-CD-5799-01A-11D-1600-08.1.bam,2109231016,2003132436,106098580,0.05030202
G39020.TCGA-CD-5799-10A-01D-1600-08.1.bam,1631973086,1531701655,100271431,0.061441841
G39020.TCGA-CD-5802-01A-11D-1600-08.1.bam,2.18E+09,2074259672,108440328,0.049681737
G39020.TCGA-CD-5802-10A-01D-1600-08.1.bam,1582677568,1485659847,97017721,0.061299738
G39020.TCGA-CD-8529-01A-11D-2340-08.2.bam,2.77E+09,2.59E+09,182430000,0.065747411
G39020.TCGA-CD-8529-10A-01D-2341-08.2.bam,1685552142,1584407844,101144298,0.060006627
G39020.TCGA-CG-4442-01A-01D-A290-08.2.bam,1215950444,1152572620,63377824,0.052122045
G39020.TCGA-CG-4442-10A-01D-A290-08.2.bam,1046771292,992094883,54676409,0.052233386
G39020.TCGA-CG-4443-01A-01D-A290-08.2.bam,1266261618,1173268750,92992868,0.073438906
G39020.TCGA-CG-4443-10A-01D-A290-08.2.bam,1330710046,1250932755,79777291,0.05995092
G39020.TCGA-CG-4474-01A-02D-A290-08.2.bam,1987787590,1885106767,102680823,0.051655833
G39020.TCGA-CG-4474-10A-01D-A290-08.1.bam,1655511300,1577322739,78188561,0.047229252
G39020.TCGA-CG-5723-01A-11D-1600-08.1.bam,1874751070,1756317661,118433409,0.063172872
G39020.TCGA-CG-5723-11A-02D-1600-08.1.bam,1096546160,1032803561,63742599,0.058130338
G39020.TCGA-CG-5724-01A-11D-1600-08.3.bam,1973912508,1886832804,87079704,0.044115281
G39020.TCGA-CG-5724-11A-01D-1600-08.3.bam,1612530182,1500173946,112356236,0.069676982
G39020.TCGA-CG-5730-01A-11D-1600-08.1.bam,1065742304,1014822173,50920131,0.047779028
G39020.TCGA-CG-5730-11A-01D-1600-08.1.bam,1257723412,1188887139,68836273,0.054730851
G39020.TCGA-D7-5579-01A-01D-1600-08.2.bam,2.34E+09,2.21E+09,130200000,0.055650539
G39020.TCGA-D7-5579-10A-01D-1600-08.2.bam,1334508982,1250873259,83635723,0.062671532
G39020.TCGA-D7-6518-10A-01D-1800-08.5.bam,1686716322,1396866118,289850204,0.171842888
G39020.TCGA-D7-6519-01A-11D-1800-08.2.bam,1366346238,1280614078,85732160,0.06274556
G39020.TCGA-D7-6519-10A-01D-1800-08.3.bam,1096601214,1049006471,47594743,0.043402052
G39020.TCGA-D7-6527-01A-11D-1800-08.2.bam,2.75E+09,2.47E+09,276730000,0.100725788
G39020.TCGA-D7-6527-10A-01D-1800-08.2.bam,1499157128,1412839137,86317991,0.057577681
G39020.TCGA-D7-6528-01A-11D-1800-08.2.bam,1426259882,1358751615,67508267,0.047332375
G39020.TCGA-D7-6528-10A-01D-1800-08.2.bam,1071602166,1022230828,49371338,0.046072451
G39020.TCGA-D7-6815-01A-11D-1882-08.1.bam,1481738812,1421389855,60348957,0.040728472
G39020.TCGA-D7-6815-10A-01D-1882-08.1.bam,1521089216,1429461113,91628103,0.06023848
G39020.TCGA-D7-6822-01A-11D-1882-08.3.bam,2013054296,1919872208,93182088,0.046288909
G39020.TCGA-D7-6822-10A-01D-1882-08.3.bam,1205173018,1138130724,67042294,0.055628771
G39020.TCGA-D7-8570-01A-11D-2340-08.2.bam,2103843264,1998571137,105272127,0.050038008
G39020.TCGA-D7-8570-10A-01D-2341-08.2.bam,1353743826,1263262984,90480842,0.066837492
G39020.TCGA-D7-A4YX-01A-11D-A25D-08.2.bam,2102936840,1989684890,113251950,0.053854185
G39020.TCGA-D7-A4YX-10A-01D-A25E-08.2.bam,1382778582,1295437545,87341037,0.063163429
G39020.TCGA-EQ-5647-01A-01D-1600-08.2.bam,2.61E+09,2.47E+09,137930000,0.052916894
G39020.TCGA-EQ-5647-10A-01D-1600-08.2.bam,1376741874,1293997016,82744858,0.06010194
G39020.TCGA-F1-6177-01A-11D-1800-08.2.bam,1169015674,1114377309,54638365,0.046738779
G39020.TCGA-F1-6177-10A-01D-1800-08.3.bam,1066250154,1014531665,51718489,0.048505024
G39020.TCGA-F1-6875-01A-11D-2053-08.3.bam,2.86E+09,2.26E+09,599850000,0.209487256
G39020.TCGA-F1-6875-11A-01D-2053-08.3.bam,1173817574,1103716728,70100846,0.059720392
G39020.TCGA-FP-7998-01A-11D-2201-08.2.bam,2.44E+09,2.31E+09,136800000,0.055983892
G39020.TCGA-FP-7998-10A-01D-2201-08.2.bam,1217988792,1137548538,80440254,0.066043509
G39020.TCGA-HF-7136-01A-11D-2053-08.2.bam,1279821056,1209524228,70296828,0.054927076
G39020.TCGA-HF-7136-10A-01D-2053-08.1.bam,1530448232,1452343896,78104336,0.051033635
G39020.TCGA-HU-8245-01A-11D-2340-08.4.bam,2.17E+09,2052591749,115638251,0.053333019
G39020.TCGA-HU-8245-10A-01D-2341-08.4.bam,1280967900,1194806882,86161018,0.067262433
G39020.TCGA-HU-8608-01A-11D-2394-08.2.bam,2.61E+09,2.48E+09,137960000,0.052780381
G39020.TCGA-HU-8608-10A-01D-2394-08.2.bam,1160022480,1087818181,72204299,0.062243879
G39020.TCGA-HU-A4G6-01A-11D-A24D-08.3.bam,1964780406,1871957229,92823177,0.047243538
G39020.TCGA-HU-A4G6-10A-01D-A24F-08.3.bam,1487850266,1368752614,119097652,0.0800468
G39020.TCGA-HU-A4H0-01A-11D-A25D-08.1.bam,2.22E+09,2113847291,110672709,0.049751276
G39020.TCGA-HU-A4H0-11A-11D-A25E-08.1.bam,1587870390,1439925225,147945165,0.093172066
G39020.TCGA-IN-7806-01A-11D-2053-08.3.bam,2.67E+09,2.49E+09,178530000,0.066818871
G39020.TCGA-IN-7806-10A-01D-2053-08.3.bam,1124529136,1060452581,64076555,0.056980787
G41960.TCGA-50-5930-01A-11D-1753-08.3.bam,1524657982,1450495035,74162947,0.04864235
G41960.TCGA-50-5930-11A-01D-1753-08.3.bam,1502078734,1427098609,74980125,0.049917573
G41960.TCGA-50-5932-01A-11D-1753-08.2.bam,1302423330,1250766587,51656743,0.039662022
G41960.TCGA-50-5932-11A-01D-1753-08.2.bam,1490407500,1418522545,71884955,0.048231745
G41960.TCGA-50-6591-01A-11D-1753-08.3.bam,1475458522,1417054834,58403688,0.039583416
G41960.TCGA-50-6591-11A-01D-1753-08.3.bam,1754556154,1623303129,131253025,0.074806967
G41960.TCGA-55-6972-01A-11D-1945-08.1.bam,1499529128,1409278151,90250977,0.060186211
G41960.TCGA-55-6972-11A-01D-1945-08.1.bam,1271709996,1208584094,63125902,0.049638599
G41960.TCGA-55-6984-01A-11D-1945-08.2.bam,1097446906,1048518743,48928163,0.044583627
G41960.TCGA-55-6984-11A-01D-1945-08.2.bam,1356777726,1294471238,62306488,0.045922399
G41960.TCGA-55-8299-01A-11D-2284-08.1.bam,1968104014,1846376049,121727965,0.061850372
G41960.TCGA-55-8299-10B-01D-2323-08.1.bam,1645975568,1560914526,85061042,0.051678192
G41960.TCGA-75-7030-01A-11D-1945-08.2.bam,1228236110,1170396242,57839868,0.047091815
G41960.TCGA-75-7030-10A-01D-1946-08.2.bam,1505388080,1435245893,70142187,0.04659409
G41960.TCGA-78-7158-01A-11D-2036-08.2.bam,1421243982,1359055953,62188029,0.043756054
G41960.TCGA-78-7158-10A-01D-2036-08.2.bam,1341008958,1282669704,58339254,0.043504
G41960.TCGA-91-6847-01A-11D-1945-08.1.bam,1520164580,1452835727,67328853,0.044290502
G41960.TCGA-91-6847-11A-01D-1945-08.1.bam,1397318852,1336545700,60773152,0.043492687
G41960.TCGA-97-8171-01A-11D-2284-08.2.bam,1293223248,1235562291,57660957,0.044587009
G41960.TCGA-97-8171-10A-01D-2284-08.2.bam,1380039834,1311490816,68549018,0.049671768
G47088.TCGA-18-4721-01A-01D-1441-08.2.bam,2.27E+09,2.18E+09,95680000,0.042086742
G47088.TCGA-18-4721-11A-01D-1441-08.2.bam,1482157926,1412390634,69767292,0.047071429
G47088.TCGA-21-1083-01A-01D-1521-08.3.bam,2.99E+09,2.83E+09,163500000,0.054634401
G47088.TCGA-21-1083-11A-01D-1521-08.3.bam,2.17E+09,2066656395,104233605,0.048014227
G47088.TCGA-21-5782-01A-01D-1632-08.1.bam,2.71E+09,2.61E+09,98130000,0.036206324
G47088.TCGA-21-5782-10A-01D-1632-08.1.bam,1065093184,1019895020,45198164,0.042435878
G47088.TCGA-22-5477-01A-01D-1632-08.1.bam,1825817538,1755309207,70508331,0.038617403
G47088.TCGA-22-5477-11A-11D-1632-08.1.bam,1465763502,1398102683,67660819,0.046160802
G47088.TCGA-22-5485-01A-01D-1632-08.2.bam,3.14E+09,3.01E+09,135000000,0.042993631
G47088.TCGA-22-5485-11A-01D-1632-08.2.bam,1382511048,1306862796,75648252,0.054718009
G47088.TCGA-22-5492-01A-01D-1632-08.1.bam,2.70E+09,2.56E+09,134030000,0.049702777
G47088.TCGA-22-5492-11A-01D-1632-08.1.bam,1069355952,1027587472,41768480,0.039059473
G47088.TCGA-34-5240-01A-01D-1441-08.1.bam,1560218790,1491823421,68395369,0.043837037
G47088.TCGA-34-5240-10A-01D-1441-08.1.bam,1119829238,1071936872,47892366,0.042767562
G47088.TCGA-66-2793-01A-01D-1267-08.1.bam,2.44E+09,2.34E+09,106600000,0.043604532
G47088.TCGA-66-2793-11A-01D-1267-08.1.bam,1170082662,1114335497,55747165,0.047643783
G47088.TCGA-68-8250-01A-11D-2293-08.1.bam,2.29E+09,2.18E+09,116190000,0.050632305
G47088.TCGA-68-8250-10A-01D-2293-08.1.bam,1368509378,1299106006,69403372,0.050714575
G47088.TCGA-77-6843-01A-11D-1945-08.1.bam,1807353936,1734733684,72620252,0.040180427
G47088.TCGA-77-6843-10A-01D-1945-08.1.bam,991952434,948345316,43607118,0.043960896
G47088.TCGA-85-8052-01A-11D-2244-08.3.bam,3.14E+09,2.94E+09,197110000,0.0628201
G47088.TCGA-85-8052-10A-01D-2244-08.3.bam,1081405166,1032716598,48688568,0.045023428
G47088.TCGA-85-8277-01A-11D-2293-08.1.bam,2.17E+09,2068507948,105722052,0.048625054
G47088.TCGA-85-8277-10A-01D-2293-08.1.bam,2112445264,2008803765,103641499,0.049062336
G47088.TCGA-92-8064-01A-11D-2244-08.2.bam,1863144314,1770966988,92177326,0.049474067
G47088.TCGA-92-8064-10A-01D-2244-08.2.bam,2.16E+09,2062505487,96874513,0.044862189
G47088.TCGA-98-8022-01A-11D-2244-08.2.bam,2.43E+09,2.30E+09,128140000,0.052667705
G47088.TCGA-98-8022-10A-01D-2244-08.2.bam,2.23E+09,2134752880,100227120,0.04484475
G48125.TCGA-04-1542-01A-01D-A312-08.1.bam,2.33E+09,2.20E+09,127370000,0.054658902
G48125.TCGA-04-1542-10A-01D-A312-08.1.bam,1216453148,1149764497,66688651,0.054822211
G48125.TCGA-09-2050-01A-01D-A312-08.1.bam,2.22E+09,2063175135,151934865,0.068590212
G48125.TCGA-09-2050-10A-01D-A312-08.1.bam,1372974622,1310180557,62794065,0.04573578
G48125.TCGA-10-0934-01A-02D-A312-08.3.bam,2131189170,2039023031,92166139,0.043246344
G48125.TCGA-10-0934-11A-01D-A312-08.3.bam,1358058788,1300539329,57519459,0.042354175
G48125.TCGA-10-0938-01A-02D-A312-08.2.bam,1902867586,1823519592,79347994,0.041699167
G48125.TCGA-10-0938-11A-01D-A312-08.2.bam,1246061280,1203180373,42880907,0.034413161
G48125.TCGA-13-0727-01A-01D-A312-08.2.bam,2.28E+09,2.19E+09,97160000,0.042534935
G48125.TCGA-13-0727-10B-01D-A312-08.2.bam,1272251240,1214549846,57701394,0.045353773
G48125.TCGA-13-0906-01A-01D-A312-08.2.bam,2.52E+09,2.41E+09,112660000,0.044745768
G48125.TCGA-13-0906-10A-01D-A312-08.2.bam,1328786094,1261773185,67012909,0.050431675
G48125.TCGA-13-0912-01A-01D-A312-08.3.bam,2.28E+09,2.19E+09,90410000,0.039602789
G48125.TCGA-13-0912-10A-01D-A312-08.2.bam,1301101932,1235375377,65726555,0.050516069
G48125.TCGA-13-1477-01A-01D-A312-08.3.bam,2.28E+09,2.18E+09,99160000,0.043431985
G48125.TCGA-13-1477-10A-01D-A312-08.2.bam,1475309976,1405267923,70042053,0.04747616
G48125.TCGA-13-1487-01A-01D-A312-08.2.bam,2.53E+09,2.42E+09,106000000,0.04191032
G48125.TCGA-13-1487-10A-01D-A312-08.2.bam,1569945096,1499803299,70141797,0.044677866
G48125.TCGA-13-1491-01A-01D-A312-08.2.bam,2.31E+09,2.21E+09,100090000,0.043384973
G48125.TCGA-13-1491-10A-01D-A312-08.2.bam,1310604564,1252709699,57894865,0.044174167
G48125.TCGA-23-1118-01A-01D-A312-08.2.bam,2.19E+09,2093757995,100852005,0.045954409
G48125.TCGA-23-1118-10A-01D-A312-08.2.bam,1479506544,1408875010,70631534,0.047739927
G48125.TCGA-23-1124-01A-01D-A312-08.2.bam,2073523614,1991266959,82256655,0.039669987
G48125.TCGA-23-1124-10A-01D-A312-08.2.bam,1261212262,1205462675,55749587,0.044203176
G48125.TCGA-24-1466-01A-01D-A312-08.2.bam,2.44E+09,2.34E+09,105130000,0.043011501
G48125.TCGA-24-1466-10A-01D-A312-08.2.bam,1259376914,1198355740,61021174,0.048453464
G48125.TCGA-24-1544-01A-01D-A312-08.2.bam,2.45E+09,2.32E+09,130810000,0.053427601
G48125.TCGA-24-1544-10A-01D-A312-08.2.bam,1309041586,1250267563,58774023,0.044898515
G48125.TCGA-24-1557-01A-01D-A312-08.2.bam,2.50E+09,2.38E+09,111310000,0.044598211
G48125.TCGA-24-1557-10A-01D-A312-08.1.bam,1563953862,1490323754,73630108,0.047079463
G48125.TCGA-24-1562-01A-01D-A312-08.2.bam,2.36E+09,2.25E+09,105860000,0.044935521
G48125.TCGA-24-1562-10A-01D-A312-08.2.bam,1244451040,1193281212,51169828,0.041118394
G48125.TCGA-24-1614-01A-01D-A312-08.3.bam,2.22E+09,2120688191,102101809,0.045934078
G48125.TCGA-24-1614-10A-01D-A312-08.3.bam,1352887910,1288912905,63975005,0.047287735
G48125.TCGA-25-1632-01A-01D-A312-08.2.bam,2.21E+09,2120355399,92684601,0.041881123
G48125.TCGA-25-1632-10A-01D-A312-08.2.bam,1311195272,1247896973,63298299,0.048275265
G48125.TCGA-25-1634-01A-01D-A312-08.4.bam,2.41E+09,2.31E+09,98990000,0.041014953
G48125.TCGA-25-1634-10A-01D-A312-08.4.bam,1189005248,1134822338,54182910,0.04556995
G48125.TCGA-25-2400-01A-01D-A312-08.2.bam,2.30E+09,2.20E+09,106170000,0.046117559
G48125.TCGA-25-2400-10A-01D-A312-08.2.bam,1429255360,1346869238,82386122,0.057642689
G49537.TCGA-BJ-A0Z2-01A-11D-A10S-08.2.bam,2.24E+09,2123507255,116912745,0.052183405
G49537.TCGA-BJ-A0Z2-10A-01D-A10S-08.2.bam,1063775342,968687376,95087966,0.089387263
G49537.TCGA-BJ-A0ZB-01A-11D-A10S-08.1.bam,2.53E+09,2.39E+09,144060000,0.056900229
G49537.TCGA-BJ-A0ZB-10A-01D-A10S-08.1.bam,1690397134,1513931031,176466103,0.104393281
G49537.TCGA-BJ-A28T-01A-11D-A33C-08.2.bam,2.18E+09,2052716476,123913524,0.056929071
G49537.TCGA-BJ-A28T-10A-01D-A33C-08.2.bam,1570059940,1479640919,90419021,0.057589534
G49537.TCGA-BJ-A28V-01A-11D-A19J-08.1.bam,2.31E+09,2.19E+09,121500000,0.052509659
G49537.TCGA-BJ-A28V-10A-01D-A19M-08.1.bam,1438678280,1330999540,107678740,0.074845601
G49537.TCGA-BJ-A45K-01A-11D-A23U-08.3.bam,2.79E+09,2.56E+09,238200000,0.085233067
G49537.TCGA-BJ-A45K-10A-01D-A23U-08.2.bam,1251615078,1187464821,64150257,0.051253982
G49537.TCGA-DE-A0Y3-01B-11D-A10S-08.2.bam,2.43E+09,2.30E+09,135430000,0.055721274
G49537.TCGA-DE-A0Y3-10A-01D-A10S-08.2.bam,1334731890,1242902197,91829693,0.068800104
G49537.TCGA-DE-A2OL-01A-11D-A18F-08.2.bam,2.92E+09,2.65E+09,266260000,0.091223045
G49537.TCGA-DE-A2OL-10A-01D-A18F-08.2.bam,1492150438,1408318995,83831443,0.056181629
G49537.TCGA-DE-A3KN-01A-11D-A20C-08.2.bam,3.06E+09,2.80E+09,261480000,0.085354468
G49537.TCGA-DE-A3KN-10A-01D-A20C-08.2.bam,1267845800,1065347448,202498352,0.159718439
G49537.TCGA-DJ-A13L-01A-11D-A21Z-08.1.bam,2.86E+09,2.67E+09,193470000,0.067533274
G49537.TCGA-DJ-A13L-10A-01D-A21Z-08.1.bam,1688050404,1558661173,129389231,0.076650099
G49537.TCGA-DJ-A13R-01A-11D-A10S-08.1.bam,2.78E+09,2.53E+09,243970000,0.087863924
G49537.TCGA-DJ-A13R-10A-01D-A10S-08.1.bam,1471275064,1357122922,114152142,0.07758722
G49537.TCGA-DJ-A2Q1-01A-22D-A19J-08.1.bam,2.92E+09,2.71E+09,206910000,0.070851582
G49537.TCGA-DJ-A2Q1-10A-01D-A19M-08.1.bam,1520794458,1439830119,80964339,0.053238187
G49537.TCGA-DJ-A4UT-01A-11D-A257-08.1.bam,2.83E+09,2.66E+09,170030000,0.060173765
G49537.TCGA-DJ-A4UT-10A-01D-A25A-08.1.bam,1672956360,1558920770,114035590,0.068164115
G49537.TCGA-E8-A416-01A-11D-A23M-08.2.bam,2.87E+09,2.70E+09,172240000,0.060035065
G49537.TCGA-E8-A416-10A-01D-A23K-08.2.bam,1678858752,1558848720,120010032,0.071483102
G49537.TCGA-E8-A418-01A-11D-A23M-08.1.bam,2.69E+09,2.49E+09,199840000,0.0743599
G49537.TCGA-E8-A418-10A-01D-A23K-08.1.bam,1467086776,1383622669,83464107,0.05689105
G49537.TCGA-EL-A3MY-01A-11D-A21A-08.1.bam,2.36E+09,2.21E+09,144180000,0.061159044
G49537.TCGA-EL-A3MY-11A-12D-A21A-08.1.bam,1478679424,1389762386,88917038,0.060132735
G49537.TCGA-EL-A3T9-01A-21D-A22D-08.2.bam,2.90E+09,2.65E+09,254340000,0.087640589
G49537.TCGA-EL-A3T9-11A-11D-A22D-08.2.bam,1009779520,955394049,54385471,0.053858758
G49537.TCGA-EL-A4K6-01A-12D-A257-08.2.bam,2.97E+09,2.73E+09,239760000,0.080605957
G49537.TCGA-EL-A4K6-11A-11D-A25A-08.2.bam,1738650548,1611355814,127294734,0.073214675
G49537.TCGA-EM-A22O-01A-11D-A17V-08.1.bam,2.21E+09,2082724930,126225070,0.057142565
G49537.TCGA-EM-A22O-10A-01D-A17V-08.1.bam,1980130292,1751459945,228670347,0.115482475
G49537.TCGA-EM-A2CN-01A-11D-A19J-08.2.bam,2.71E+09,2.55E+09,167500000,0.061699972
G49537.TCGA-EM-A2CN-10B-01D-A19M-08.2.bam,1506614584,1418697948,87916636,0.058353767
G49537.TCGA-EM-A2CP-01A-11D-A17V-08.1.bam,2.61E+09,2.44E+09,167670000,0.064346404
G49537.TCGA-EM-A2CP-10A-01D-A17V-08.1.bam,1705586410,1605460567,100125843,0.058704644
G49537.TCGA-EM-A2OV-01A-11D-A202-08.1.bam,2.71E+09,2.55E+09,157990000,0.058368893
G49537.TCGA-EM-A2OV-10A-01D-A202-08.1.bam,1446603790,1341021202,105582588,0.072986528
G49537.TCGA-EM-A2OW-01A-11D-A202-08.1.bam,2.49E+09,2.36E+09,122660000,0.049353011
G49537.TCGA-EM-A2OW-10A-01D-A202-08.1.bam,1431716476,1353040824,78675652,0.054951978
G49537.TCGA-EM-A3FL-01A-11D-A21A-08.2.bam,2.81E+09,2.62E+09,190950000,0.068048908
G49537.TCGA-EM-A3FL-10A-01D-A21A-08.2.bam,1272936950,1192780108,80156842,0.062970002
G49537.TCGA-EM-A3FR-01A-11D-A21Z-08.1.bam,2.54E+09,2.40E+09,133130000,0.052515522
G49537.TCGA-EM-A3FR-10A-01D-A21Z-08.1.bam,1674139454,1561119762,113019692,0.067509126
G49537.TCGA-ET-A2N1-01A-11D-A18F-08.2.bam,2.31E+09,2.18E+09,122360000,0.053079763
G49537.TCGA-ET-A2N1-10A-01D-A18F-08.2.bam,1196061446,1011348257,184713189,0.154434531
G49537.TCGA-ET-A4KN-01A-11D-A257-08.1.bam,2.74E+09,2.58E+09,157740000,0.057583213
G49537.TCGA-ET-A4KN-10A-01D-A25A-08.1.bam,1588443240,1482771975,105671265,0.066525049
G49537.TCGA-FE-A22Z-01A-11D-A35R-08.1.bam,2.25E+09,2138814939,113235061,0.050280882
G49537.TCGA-FE-A22Z-10A-01D-A35R-08.1.bam,1154152234,1081633749,72518485,0.062832686
G49537.TCGA-FE-A233-01A-11D-A33C-08.1.bam,2.30E+09,2142765152,159974848,0.06947152
G49537.TCGA-FE-A233-10A-01D-A14W-08.1.bam,1544260496,1458051293,86209203,0.055825557
G49537.TCGA-FK-A3SD-01A-11D-A22D-08.1.bam,2.33E+09,2.17E+09,160720000,0.069054708
G49537.TCGA-FK-A3SD-10A-01D-A33C-08.1.bam,1398709518,1317052999,81656519,0.058379898
G49537.TCGA-FY-A2QD-01A-11D-A19J-08.1.bam,2.72E+09,2.56E+09,168390000,0.061825351
G49537.TCGA-FY-A2QD-10A-01D-A19M-08.1.bam,1348287924,1261669293,86618631,0.064243423
G49537.TCGA-L6-A4ET-01A-11D-A257-08.2.bam,2.51E+09,2.38E+09,130870000,0.052063318
G49537.TCGA-L6-A4ET-10A-01D-A25A-08.2.bam,1454413222,1372218651,82194571,0.056513905
G49538.TCGA-06-0125-01A-01D-1490-08.2.bam,2.39E+09,2.28E+09,117800000,0.049194431
G49538.TCGA-06-0125-02A-11D-2280-08.2.bam,2.53E+09,2.39E+09,138500000,0.054729671
G49538.TCGA-06-0125-10A-01D-1490-08.2.bam,1531601490,1425947030,105654460,0.068982996
G49538.TCGA-06-0152-02A-01D-2280-08.1.bam,2.28E+09,2.17E+09,118020000,0.051686535
G49538.TCGA-06-0171-01A-02D-A33C-08.2.bam,2.79E+09,2.61E+09,180540000,0.06465684
G49538.TCGA-06-0171-02A-11D-2280-08.2.bam,2.62E+09,2.47E+09,148820000,0.056782238
G49538.TCGA-06-0171-10A-01D-A33C-08.2.bam,1535291566,1459329202,75962364,0.049477484
G49538.TCGA-06-0190-01A-01D-1491-08.1.bam,2.36E+09,2.22E+09,141920000,0.060030794
G49538.TCGA-06-0190-02A-01D-2280-08.1.bam,2.25E+09,2112801931,137388069,0.061056208
G49538.TCGA-06-0190-10B-01D-A32W-08.1.bam,1217240074,1039597803,177642271,0.145938566
G49538.TCGA-06-0210-01A-01D-1491-08.1.bam,2.22E+09,2109776015,112893985,0.050792059
G49538.TCGA-06-0210-02A-01D-2280-08.1.bam,2.20E+09,2094476981,104883019,0.047687972
G49538.TCGA-06-0210-10A-01D-1491-08.1.bam,1358702768,1273475083,85227685,0.062727248
G49538.TCGA-06-0211-01A-01D-1491-08.1.bam,2.36E+09,2.24E+09,125910000,0.053294336
G49538.TCGA-06-0211-02A-02D-2280-08.1.bam,2.50E+09,2.36E+09,145390000,0.058101385
G49538.TCGA-06-0211-10A-01D-1491-08.1.bam,1749613430,1635041929,114571501,0.065483894
G49538.TCGA-06-0221-01A-01D-A32W-08.1.bam,2119326724,2001272928,118053796,0.055703443
G49538.TCGA-06-0221-02A-11D-2280-08.1.bam,2093538194,1984207133,109331061,0.052223103
G49538.TCGA-06-0221-10A-01D-A35R-08.1.bam,1157948098,1097036086,60912012,0.052603404
G49538.TCGA-14-1034-01A-01D-1492-08.3.bam,2.20E+09,2096133966,107566034,0.04881156
G49538.TCGA-14-1034-02B-01D-2280-08.3.bam,2.41E+09,2.29E+09,122640000,0.050895992
G49538.TCGA-14-1034-10A-01D-1492-08.3.bam,1611303696,1474701576,136602120,0.084777389
G49538.TCGA-14-1402-01A-01D-1493-08.3.bam,2.22E+09,2105380150,118839850,0.053429899
G49538.TCGA-14-1402-02A-01D-2280-08.3.bam,2.37E+09,2.24E+09,130300000,0.054969857
G49538.TCGA-14-1402-10A-01D-1493-08.3.bam,1640025612,1326300730,313724882,0.191292672
G49538.TCGA-19-1389-01A-01D-2319-08.1.bam,2.69E+09,2.38E+09,309150000,0.115002604
G49538.TCGA-19-1389-02A-21D-A32W-08.1.bam,2.47E+09,2.27E+09,199490000,0.080895532
G49538.TCGA-19-1389-10D-01D-2364-08.1.bam,1168741432,1096542140,72199292,0.061775248
G49837.TCGA-18-3408-01A-01D-A320-08.4.bam,2.36E+09,2.23E+09,132910000,0.056231305
G49837.TCGA-18-3408-11A-01D-A320-08.4.bam,1170912014,1101014271,69897743,0.059695128
G49837.TCGA-18-3415-01A-01D-A320-08.2.bam,2.55E+09,2.42E+09,131030000,0.05139923
G49837.TCGA-18-3415-11A-01D-A320-08.2.bam,1345917906,1231235749,114682157,0.085207394
G49837.TCGA-33-4586-01A-01D-A320-08.2.bam,2.37E+09,2.23E+09,137330000,0.05797181
G49837.TCGA-33-4586-11A-01D-A320-08.2.bam,1303213422,1216581252,86632170,0.066475812
G49837.TCGA-37-4135-01A-01D-A320-08.2.bam,1900126518,1802613041,97513477,0.051319465
G49837.TCGA-37-4135-10A-01D-A320-08.2.bam,1285105828,1180477068,104628760,0.081416454
G49837.TCGA-43-5670-01A-21D-A320-08.1.bam,1855383082,1763286499,92096583,0.049637503
G49837.TCGA-43-5670-10A-01D-A320-08.1.bam,1193530914,1110105555,83425359,0.069897946
G49837.TCGA-52-7812-01A-11D-A320-08.3.bam,2.38E+09,2.26E+09,121730000,0.051064455
G49837.TCGA-52-7812-10A-01D-A320-08.3.bam,1689034292,1587581743,101452549,0.060065417
G49837.TCGA-56-7582-01A-11D-A320-08.4.bam,2.35E+09,2.24E+09,115700000,0.049176705
G49837.TCGA-56-7582-10A-01D-A320-08.4.bam,1240224558,1156555970,83668588,0.067462451
G49837.TCGA-66-2744-01A-01D-A320-08.3.bam,2.27E+09,2116497562,149862438,0.066124728
G49837.TCGA-66-2744-11A-01D-A320-08.3.bam,1724647390,1624211427,100435963,0.058235651
G49837.TCGA-66-2759-01A-01D-A320-08.2.bam,2108516008,2014576508,93939500,0.044552424
G49837.TCGA-66-2759-11A-01D-A320-08.2.bam,1813064154,1660227993,152836161,0.084297161
G49837.TCGA-66-2789-01A-01D-A320-08.2.bam,2.80E+09,2.65E+09,155430000,0.055467727
G49837.TCGA-66-2789-11A-01D-A320-08.1.bam,1357727132,1215538684,142188448,0.104725349
G49837.TCGA-66-2795-01A-02D-A320-08.4.bam,2078912046,1957258863,121653183,0.058517715
G49837.TCGA-66-2795-11A-01D-A320-08.4.bam,1192326530,1117542988,74783542,0.062720689
G49837.TCGA-68-7755-01A-11D-A320-08.2.bam,2.56E+09,2.42E+09,141880000,0.055440716
G49837.TCGA-68-7755-10A-01D-A320-08.1.bam,1148829638,1081497525,67332113,0.058609311
G49837.TCGA-77-7139-01A-11D-A320-08.3.bam,2092577720,1976601217,115976503,0.055422794
G49837.TCGA-77-7139-10A-01D-A320-08.3.bam,1720833100,1591785509,129047591,0.074991346
G49837.TCGA-90-7767-01A-11D-A320-08.3.bam,1943708368,1826454177,117254191,0.060324992
G49837.TCGA-90-7767-10A-01D-A320-08.3.bam,1629225460,1535552943,93672517,0.057495122
G49837.TCGA-94-7943-01A-11D-A320-08.2.bam,2.67E+09,2.52E+09,153780000,0.05760953
G49837.TCGA-94-7943-10A-01D-A320-08.1.bam,1340810422,1197029472,143780950,0.107234362
G49837.TCGA-96-7545-01A-21D-A320-08.2.bam,2.53E+09,2.39E+09,147380000,0.058190634
G49837.TCGA-96-7545-10A-01D-A320-08.2.bam,1199101280,1117749623,81351657,0.067843858
G67451.TCGA-06-A5U0-01A-11R-A344-08.2.bam,164541502,148337595,16203907,0.098479148
G67451.TCGA-06-A5U1-01A-11R-A344-08.2.bam,197859153,177895798,19963355,0.100896798
G67451.TCGA-06-A6S0-01A-11R-A344-08.2.bam,202804984,182842448,19962536,0.098432177
G67451.TCGA-06-A6S1-01A-11R-A344-08.2.bam,181360634,163153456,18207178,0.100392117
G67451.TCGA-19-A60I-01A-12R-A344-08.2.bam,192277867,174171815,18106052,0.094166075
G67451.TCGA-19-A6J4-01A-11R-A344-08.2.bam,204574341,184042596,20531745,0.100363246
G67451.TCGA-19-A6J5-01A-21R-A344-08.2.bam,160746871,144142419,16604452,0.103295647
G67451.TCGA-OX-A56R-01A-11R-A344-08.2.bam,165172664,149568656,15604008,0.094470887
G67451.TCGA-RR-A6KA-01A-21R-A344-08.2.bam,177424006,160727572,16696434,0.094104706
G67451.TCGA-RR-A6KB-01A-12R-A344-08.2.bam,176095216,158020108,18075108,0.102643947
G67451.TCGA-RR-A6KC-01A-31R-A344-08.2.bam,190302018,170497256,19804762,0.104070163
G78484.TCGA-06-A7TK-01A-21R-A39C-08.1.bam,146375114,131704824,14670290,0.100223936
G78484.TCGA-06-A7TL-01A-11R-A39C-08.1.bam,89317408,80890239,8427169,0.094350801
G78484.TCGA-26-A7UX-01B-11R-A39C-08.1.bam,126941540,115297931,11643609,0.091724183
G78484.TCGA-4W-AA9R-01A-11R-A39C-08.1.bam,193408351,174848480,18559871,0.095962097
G78484.TCGA-4W-AA9S-01A-11R-A39C-08.1.bam,95354339,86371708,8982631,0.094202646
G78484.TCGA-4W-AA9T-01A-11R-A39C-08.1.bam,97064101,88019120,9044981,0.093185646
G8889.TCGA-60-2695-01A-01D-1180-08.2.bam,1708760598,1646397453,62363145,0.036496128
G8889.TCGA-60-2695-11A-01D-1180-08.2.bam,1763152746,1715739582,47413164,0.026891127
G8890.TCGA-60-2722-01A-01D-1180-08.2.bam,2030129264,1735608951,294520313,0.14507466
G8890.TCGA-60-2722-11A-01D-1180-08.1.bam,2119884068,1821948338,297935730,0.140543407
G8891.TCGA-66-2756-01A-01D-1180-08.1.bam,1586615858,1433625002,152990856,0.096425896
G8891.TCGA-66-2756-11A-01D-1180-08.1.bam,1882640132,1663064131,219576001,0.116631956
G8892.TCGA-66-2757-01A-01D-1180-08.1.bam,1812517892,1503707697,308810195,0.170376357
G8892.TCGA-66-2757-11A-01D-1180-08.1.bam,2018454952,1769687069,248767883,0.123246686
G8893.TCGA-66-2766-01A-01D-1180-08.4.bam,1759683918,1661264804,98419114,0.055929996
G8893.TCGA-66-2766-11A-01D-1180-08.1.bam,1908937086,1676531822,232405264,0.1217459
TCGA-04-1331-01A-01D-A324-10_wgs_Illumina.bam,1808199444,1696032816,112166628,0.062032221
TCGA-04-1331-01A-01R-1569-13_GRCh37-lite_rnaseq.bam,208350570,188023832,20326738,0.097560271
TCGA-04-1331-01A-01R-1569-13_rnaseq.bam,208350570,169127431,39223139,0.188255492
TCGA-04-1331-10A-01D-A324-10_wgs_Illumina.bam,818326298,781204435,37121863,0.045363155
TCGA-04-1332-01A-01R-1564-13_GRCh37-lite_rnaseq.bam,296808986,272623296,24185690,0.081485707
TCGA-04-1332-01A-01R-1564-13_rnaseq.bam,296808986,168875658,127933328,0.43102916
TCGA-04-1337-01A-01R-1564-13_GRCh37-lite_rnaseq.bam,303737256,265576055,38161201,0.125638855
TCGA-04-1337-01A-01R-1564-13_rnaseq.bam,303737256,255596733,48140523,0.158493968
TCGA-04-1338-01A-01R-1564-13_GRCh37-lite_rnaseq.bam,105669418,90789899,14879519,0.140811971
TCGA-04-1338-01A-01R-1564-13_rnaseq.bam,105669418,85773694,19895724,0.188282706
TCGA-04-1341-01A-01R-1564-13_GRCh37-lite_rnaseq.bam,261415720,221371249,40044471,0.153183102
TCGA-04-1341-01A-01R-1564-13_rnaseq.bam,261415720,217255593,44160127,0.168926823
TCGA-04-1343-01A-01R-1564-13_GRCh37-lite_rnaseq.bam,230484034,209173172,21310862,0.092461337
TCGA-04-1343-01A-01R-1564-13_rnaseq.bam,230484034,204373555,26110479,0.113285413
TCGA-04-1347-01A-01D-A324-10_wgs_Illumina.bam,1746122006,1636291587,109830419,0.062899625
TCGA-04-1347-01A-01R-1564-13_GRCh37-lite_rnaseq.bam,146136678,123752719,22383959,0.153171396
TCGA-04-1347-01A-01R-1564-13_rnaseq.bam,146136678,119784816,26351862,0.180323396
TCGA-04-1347-11A-01D-A324-10_wgs_Illumina.bam,864004050,828364062,35639988,0.041249793
TCGA-04-1348-01A-01R-1565-13_GRCh37-lite_rnaseq.bam,291631516,259894113,31737403,0.108827069
TCGA-04-1348-01A-01R-1565-13_rnaseq.bam,291631516,248729691,42901825,0.147109701
TCGA-04-1349-01A-01D-A324-10_wgs_Illumina.bam,1771826220,1671260469,100565751,0.056758247
TCGA-04-1349-11A-01D-A324-10_wgs_Illumina.bam,921129918,882630470,38499448,0.041795894
TCGA-04-1350-01A-01R-1565-13_GRCh37-lite_rnaseq.bam,187847992,162190022,25657970,0.136589003
TCGA-04-1350-01A-01R-1565-13_rnaseq.bam,187847992,152262981,35585011,0.189435142
TCGA-04-1356-01A-01R-1569-13_GRCh37-lite_rnaseq.bam,189941320,172756400,17184920,0.09047489
TCGA-04-1356-01A-01R-1569-13_rnaseq.bam,189941320,164397195,25544125,0.134484298
TCGA-04-1357-01A-01R-1565-13_GRCh37-lite_rnaseq.bam,156161118,141841815,14319303,0.0916957
TCGA-04-1357-01A-01R-1565-13_rnaseq.bam,156161118,119795631,36365487,0.232871585
TCGA-04-1361-01A-01R-1565-13_GRCh37-lite_rnaseq.bam,235614184,207629737,27984447,0.118772336
TCGA-04-1361-01A-01R-1565-13_rnaseq.bam,235614184,192319355,43294829,0.183753067
TCGA-04-1362-01A-01R-1565-13_GRCh37-lite_rnaseq.bam,218339236,202574131,15765105,0.072204636
TCGA-04-1362-01A-01R-1565-13_rnaseq.bam,218339236,193522760,24816476,0.113660176
TCGA-04-1364-01A-01R-1565-13_GRCh37-lite_rnaseq.bam,168527526,149860392,18667134,0.110766083
TCGA-04-1364-01A-01R-1565-13_rnaseq.bam,168527526,145156935,23370591,0.138675216
TCGA-04-1365-01A-01R-1565-13_GRCh37-lite_rnaseq.bam,254423664,222323418,32100246,0.126168476
TCGA-04-1365-01A-01R-1565-13_rnaseq.bam,254423664,212635100,41788564,0.164247945
TCGA-04-1367-01A-01D-A324-10_wgs_Illumina.bam,1740495672,1627705185,112790487,0.064803658
TCGA-04-1367-10A-01D-A324-10_wgs_Illumina.bam,890518330,853948933,36569397,0.041065294
TCGA-04-1514-01A-01D-A324-10_wgs_Illumina.bam,1773642304,1688721493,84920811,0.047879333
TCGA-04-1514-01A-01R-1566-13_GRCh37-lite_rnaseq.bam,213083752,194681234,18402518,0.08636284
TCGA-04-1514-01A-01R-1566-13_rnaseq.bam,213083752,187897715,25186037,0.11819783
TCGA-04-1514-10A-01D-A324-10_wgs_Illumina.bam,849832670,814637610,35195060,0.041414106
TCGA-04-1517-01A-01R-1565-13_GRCh37-lite_rnaseq.bam,275956960,242039945,33917015,0.122906902
TCGA-04-1517-01A-01R-1565-13_rnaseq.bam,275956960,232072390,43884570,0.159026864
TCGA-04-1519-01A-01R-1565-13_GRCh37-lite_rnaseq.bam,163100770,146241375,16859395,0.103367967
TCGA-04-1519-01A-01R-1565-13_rnaseq.bam,163100770,139065640,24035130,0.147363682
TCGA-04-1530-01A-02R-1569-13_GRCh37-lite_rnaseq.bam,195111822,174197985,20913837,0.107188979
TCGA-04-1530-01A-02R-1569-13_rnaseq.bam,195111822,126633954,68477868,0.350967293
TCGA-04-1536-01A-01R-1566-13_GRCh37-lite_rnaseq.bam,159087910,139500926,19586984,0.123120506
TCGA-04-1536-01A-01R-1566-13_rnaseq.bam,159087910,120283855,38804055,0.243915801
TCGA-04-1542-01A-01R-1566-13_GRCh37-lite_rnaseq.bam,122604644,106459578,16145066,0.131683968
TCGA-04-1542-01A-01R-1566-13_rnaseq.bam,122604644,98572248,24032396,0.196015381
TCGA-04-1648-01A-01R-1567-13_GRCh37-lite_rnaseq.bam,178719844,157045660,21674184,0.121274636
TCGA-04-1648-01A-01R-1567-13_rnaseq.bam,178719844,149930013,28789831,0.161089168
TCGA-04-1651-01A-01R-1567-13_GRCh37-lite_rnaseq.bam,265462104,226901333,38560771,0.145259042
TCGA-04-1651-01A-01R-1567-13_rnaseq.bam,265462104,218480587,46981517,0.176980127
TCGA-04-1655-01A-01R-1566-13_GRCh37-lite_rnaseq.bam,156236144,140318298,15917846,0.101883249
TCGA-04-1655-01A-01R-1566-13_rnaseq.bam,156236144,133971026,22265118,0.142509393
TCGA-05-4249-01A-01D-1103_110729_SN208_0215_BD0CLPABXX_s_1_rg.sorted.bam,354218390,301319973,52898417,0.149338427
TCGA-05-4249-10A-01D-1103_110804_SN208_0217_BC03EKABXX_s_1_rg.sorted.bam,281564930,253948180,27616750,0.09808306
TCGA-05-4250-01A-01D-1103_110729_SN208_0215_BD0CLPABXX_s_2_rg.sorted.bam,357316668,293168639,64148029,0.179527111
TCGA-05-4250-10A-01D-1103_120228_SN1120_0116_AD0KRVACXX_s_1_rg.sorted.bam,535484734,494695297,40789437,0.076172922
TCGA-05-4382-01A-01D-1203_120318_SN1120_0124_AC0HNPACXX_s_3_rg.sorted.bam,310998274,268933653,42064621,0.135256767
TCGA-05-4382-10A-01D-1203_120318_SN1120_0124_AC0HNPACXX_s_4_rg.sorted.bam,265799414,255031216,10768198,0.040512497
TCGA-05-4384-01A-01D-1751_120228_SN1120_0117_BC0DKWACXX_s_4_rg.sorted.bam,581029260,496894769,84134491,0.144802503
TCGA-05-4384-10A-01D-1751_110921_SN590_0105_AB01DLACXX_s_1_rg.sorted.bam,419731064,403495602,16235462,0.03868063
TCGA-05-4389-01A-01D-1203_120318_SN1120_0124_AC0HNPACXX_s_5_rg.sorted.bam,325608310,299920379,25687931,0.078892123
TCGA-05-4389-10A-01D-1203_120318_SN1120_0124_AC0HNPACXX_s_6_rg.sorted.bam,319039856,300382884,18656972,0.058478499
TCGA-05-4390-01A-02D-1751_120305_SN1120_0118_AD0L4HACXX_s_1_rg.sorted.bam,533288072,467045075,66242997,0.124216161
TCGA-05-4390-10A-01D-1751_120305_SN1120_0118_AD0L4HACXX_s_2_rg.sorted.bam,367702244,341659290,26042954,0.070826204
TCGA-05-4395-01A-01D-1203_110913_SN208_0238_BC008YACXX_s_8_rg.sorted.bam,76439386,72980714,3458672,0.04524725
TCGA-05-4395-10A-01D-1203_120305_SN1120_0119_BD0REAACXX_s_6_rg.sorted.bam,476678298,260908068,215770230,0.452653773
TCGA-05-4396-01A-21D-1853_111204_SN208_0256_C0562ACXX_s_1_rg.sorted.bam,366143770,350706800,15436970,0.042160952
TCGA-05-4396-10A-01D-1853_120228_SN1120_0116_AD0KRVACXX_s_2_rg.sorted.bam,191291354,168091681,23199673,0.121279256
TCGA-05-4397-01A-01D-1203_120318_SN1120_0124_AC0HNPACXX_s_7_rg.sorted.bam,353204026,314150743,39053283,0.110568624
TCGA-05-4397-10A-01D-1203_120318_SN1120_0124_AC0HNPACXX_s_8_rg.sorted.bam,286963564,267258287,19705277,0.068668219
TCGA-05-4398-01A-01D-1203_120316_SN208_0275_BD0PL2ACXX_s_1_rg.sorted.bam,313120124,281259006,31861118,0.101753658
TCGA-05-4398-10A-01D-1203_120322_SN208_0278_BD0RB0ACXX_s_4_rg.sorted.bam,272207978,254495779,17712199,0.065068626
TCGA-05-4402-01A-01D-1203-02_IlluminaHiSeq-DNASeq_whole.bam,188485450,180446397,8039053,0.042650788
TCGA-05-4402-10A-01D-1203-02_IlluminaHiSeq-DNASeq_whole.bam,138838990,133152300,5686690,0.040958883
TCGA-05-4403-01A-01D-1203-02_IlluminaHiSeq-DNASeq_whole.bam,165110072,157597232,7512840,0.045502009
TCGA-05-4403-10A-01D-1203-02_IlluminaHiSeq-DNASeq_whole.bam,163830650,156324623,7506027,0.045815768
TCGA-05-4405-01A-21D-1853_111204_SN208_0256_C0562ACXX_s_2.rg.sorted.bam,450936210,423553211,27382999,0.060724773
TCGA-05-4405-10A-01D-1853_111204_SN208_0256_C0562ACXX_s_3_rg.sorted.bam,364288200,340912194,23376006,0.06416899
TCGA-05-4410-01A-21D-1853_111204_SN208_0256_C0562ACXX_s_4_rg.sorted.bam,424811098,398265015,26546083,0.062489147
TCGA-05-4410-10A-01D-1853_120228_SN1120_0116_AD0KRVACXX_s_4_rg.sorted.bam,516226448,461609800,54616648,0.105799787
TCGA-05-4415-01A-22D-1853_111204_SN208_0256_C0562ACXX_s_5_rg.sorted.bam,393259752,368694730,24565022,0.062465131
TCGA-05-4415-10A-01D-1853_120228_SN1120_0116_AD0KRVACXX_s_6_rg.sorted.bam,558934370,510703896,48230474,0.086290049
TCGA-05-4417-01A-22D-1853_111204_SN208_0256_C0562ACXX_s_6_rg.sorted.bam,405857660,386108557,19749103,0.048660171
TCGA-05-4417-10A-01D-1853_120228_SN1120_0116_AD0KRVACXX_s_8_rg.sorted.bam,566001584,513428422,52573162,0.092885185
TCGA-05-4418-01A-01D-1203-02_IlluminaHiSeq-DNASeq_whole.bam,155641996,148925598,6716398,0.043152865
TCGA-05-4418-10A-01D-1203-02_IlluminaHiSeq-DNASeq_whole.bam,122950136,118131582,4818554,0.039191124
TCGA-05-4420-01A-01D-1203_120316_SN208_0275_BD0PL2ACXX_s_3_rg.sorted.bam,314163132,276200071,37963061,0.120838689
TCGA-05-4420-10A-01D-1203_120316_SN208_0275_BD0PL2ACXX_s_4_rg.sorted.bam,359467456,339981980,19485476,0.054206509
TCGA-05-4422-01A-01D-1203_120316_SN208_0275_BD0PL2ACXX_s_5_rg.sorted.bam,351162654,306519171,44643483,0.127130498
TCGA-05-4422-10A-01D-1203_120316_SN208_0275_BD0PL2ACXX_s_6_rg.sorted.bam,355531690,333568727,21962963,0.06177498
TCGA-05-4424-01A-22D-1853_120312_SN1120_0120_AD0PYGACXX_s_1_rg.sorted.bam,360517448,335065961,25451487,0.070597102
TCGA-05-4424-10A-01D-1853_120312_SN1120_0120_AD0PYGACXX_s_2_rg.sorted.bam,428307916,286792549,141515367,0.330405677
TCGA-05-4425-01A-01D-1751_120305_SN1120_0118_AD0L4HACXX_s_3_rg.sorted.bam,497370036,444742303,52627733,0.10581203
TCGA-05-4425-10A-01D-1751_120305_SN1120_0118_AD0L4HACXX_s_4_rg.sorted.bam,478452416,449644371,28808045,0.060210888
TCGA-05-4426-01A-01D-1203_111013_SN208_0253_B00PJACXX_s_8_rg.sorted.bam,224476590,216397288,8079302,0.035991735
TCGA-05-4426-10A-01D-1203_111013_SN208_0253_B00PJACXX_s_7_rg.sorted.bam,162077876,156500726,5577150,0.03441031
TCGA-05-4427-01A-21D-1853_111207_SN590_0112_D09CDACXX_s_3_rg.sorted.bam,371504786,345102757,26402029,0.071067803
TCGA-05-4427-10A-01D-1853_120228_SN1120_0117_BC0DKWACXX_s_2_rg.sorted.bam,591985618,528917879,63067739,0.106535931
TCGA-05-4430-01A-02D-1203_111013_SN208_0253_B00PJACXX_s_6_rg.sorted.bam,234382012,225818488,8563524,0.036536609
TCGA-05-4430-10A-01D-1203_111013_SN208_0253_B00PJACXX_s_5_rg.sorted.bam,230939876,222111044,8828832,0.038230002
TCGA-05-4432-01A-01D-1203_111013_SN208_0253_B00PJACXX_s_4_rg.sorted.bam,239045394,230162224,8883170,0.037161017
TCGA-05-4432-10A-01D-1203_111013_SN208_0253_B00PJACXX_s_3_rg.sorted.bam,195820292,188490548,7329744,0.037430973
TCGA-05-4433-01A-22D-1853_120312_SN1120_0120_AD0PYGACXX_s_3_rg.sorted.bam,364220014,338749697,25470317,0.06993113
TCGA-05-4433-10A-01D-1853_120312_SN1120_0120_AD0PYGACXX_s_4_rg.sorted.bam,319472254,233066370,86405884,0.270464439
TCGA-05-4434-01A-01D-1203_111013_SN208_0253_B00PJACXX_s_2_rg.sorted.bam,202779768,195968371,6811397,0.033590121
TCGA-05-4434-10A-01D-1203_111013_SN208_0253_B00PJACXX_s_1_rg.sorted.bam,251304644,242084813,9219831,0.036687866
TCGA-05-5429-01A-01D-1623_110921_SN590_0105_AB01DLACXX_s_7_rg.sorted.bam,448585880,429005426,19580454,0.043649287
TCGA-05-5429-10A-01D-1623_110714_SN590_0097_BD0CMJABXX_s_2_rg.sorted.bam,156040390,139160629,16879761,0.108175588
TCGA-05-5715-01A-01D-1623_110921_SN590_0105_AB01DLACXX_s_8_rg.sorted.bam,423562426,407675005,15887421,0.037509042
TCGA-05-5715-10A-01D-1623_120228_SN1120_0116_AD0KRVACXX_s_3_rg.sorted.bam,548918576,481920990,66997586,0.122053778
TCGA-09-0364-01A-02R-1564-13_GRCh37-lite_rnaseq.bam,160607104,144304388,16302716,0.101506818
TCGA-09-0364-01A-02R-1564-13_rnaseq.bam,160607104,137312821,23294283,0.145038933
TCGA-09-0366-01A-01R-1564-13_GRCh37-lite_rnaseq.bam,333519698,284525751,48993947,0.14689971
TCGA-09-0366-01A-01R-1564-13_rnaseq.bam,333519698,274332493,59187205,0.177462397
TCGA-09-0367-01A-01R-1564-13_GRCh37-lite_rnaseq.bam,225999984,189026947,36973037,0.16359752
TCGA-09-0367-01A-01R-1564-13_rnaseq.bam,225999984,183510443,42489541,0.188006832
TCGA-09-0369-01A-01R-1564-13_GRCh37-lite_rnaseq.bam,243893124,205937147,37955977,0.155625449
TCGA-09-0369-01A-01R-1564-13_rnaseq.bam,243893124,195868243,48024881,0.196909532
TCGA-09-1659-01B-01R-1564-13_GRCh37-lite_rnaseq.bam,265208920,214916796,50292124,0.189632098
TCGA-09-1659-01B-01R-1564-13_rnaseq.bam,265208920,210895467,54313453,0.204794971
TCGA-09-1661-01B-01R-1566-13_GRCh37-lite_rnaseq.bam,131264474,118238280,13026194,0.099236249
TCGA-09-1661-01B-01R-1566-13_rnaseq.bam,131264474,105648274,25616200,0.195149527
TCGA-09-1662-01A-01R-1566-13_GRCh37-lite_rnaseq.bam,263839818,240057378,23782440,0.090139692
TCGA-09-1662-01A-01R-1566-13_rnaseq.bam,263839818,230299632,33540186,0.127123291
TCGA-09-1665-01B-01R-1566-13_GRCh37-lite_rnaseq.bam,293108416,252882203,40226213,0.137240048
TCGA-09-1665-01B-01R-1566-13_rnaseq.bam,293108416,207534073,85574343,0.291954575
TCGA-09-1666-01A-01D-A324-10_wgs_Illumina.bam,1736677890,1647355380,89322510,0.051432975
TCGA-09-1666-01A-01R-1566-13_GRCh37-lite_rnaseq.bam,167352822,153090917,14261905,0.085220583
TCGA-09-1666-01A-01R-1566-13_rnaseq.bam,167352822,149572565,17780257,0.106244142
TCGA-09-1666-10A-01D-A324-10_wgs_Illumina.bam,915204398,875825701,39378697,0.043027216
TCGA-09-1667-01C-01R-1566-13_GRCh37-lite_rnaseq.bam,158341910,146267579,12074331,0.076254802
TCGA-09-1667-01C-01R-1566-13_rnaseq.bam,158341910,141045853,17296057,0.109232338
TCGA-09-1668-01B-01R-1566-13_GRCh37-lite_rnaseq.bam,180251150,163941699,16309451,0.090481814
TCGA-09-1668-01B-01R-1566-13_rnaseq.bam,180251150,159202891,21048259,0.116771843
TCGA-09-1669-01A-01R-1566-13_GRCh37-lite_rnaseq.bam,174736518,150695212,24041306,0.137586043
TCGA-09-1669-01A-01R-1566-13_rnaseq.bam,174736518,145660136,29076382,0.16640129
TCGA-09-1670-01A-01R-1566-13_GRCh37-lite_rnaseq.bam,215307414,195828162,19479252,0.090471813
TCGA-09-1670-01A-01R-1566-13_rnaseq.bam,215307414,187162560,28144854,0.130719391
TCGA-09-1673-01A-01R-1566-13_GRCh37-lite_rnaseq.bam,170275878,152729004,17546874,0.103049676
TCGA-09-1673-01A-01R-1566-13_rnaseq.bam,170275878,148399799,21876079,0.128474328
TCGA-09-1674-01A-01R-1566-13_GRCh37-lite_rnaseq.bam,277444844,248574974,28869870,0.10405625
TCGA-09-1674-01A-01R-1566-13_rnaseq.bam,277444844,238704780,38740064,0.139631587
TCGA-09-2044-01B-01R-1568-13_GRCh37-lite_rnaseq.bam,229166248,206401029,22765219,0.099339319
TCGA-09-2044-01B-01R-1568-13_rnaseq.bam,229166248,195526779,33639469,0.146790678
TCGA-09-2045-01A-01D-A324-10_wgs_Illumina.bam,1751496064,1649537675,101958389,0.058212171
TCGA-09-2045-01A-01R-1568-13_GRCh37-lite_rnaseq.bam,90205876,83264141,6941735,0.076954355
TCGA-09-2045-01A-01R-1568-13_rnaseq.bam,90205876,78143231,12062645,0.133723495
TCGA-09-2045-11A-01D-A324-10_wgs_Illumina.bam,896910348,863604470,33305878,0.03713401
TCGA-09-2048-01A-01R-1568-13_GRCh37-lite_rnaseq.bam,241653842,222752832,18901010,0.078215227
TCGA-09-2048-01A-01R-1568-13_rnaseq.bam,241653842,183821773,57832069,0.239317813
TCGA-09-2051-01A-01R-1568-13_GRCh37-lite_rnaseq.bam,268488884,243365949,25122935,0.093571602
TCGA-09-2051-01A-01R-1568-13_rnaseq.bam,268488884,229264814,39224070,0.14609197
TCGA-09-2053-01C-01R-1568-13_GRCh37-lite_rnaseq.bam,173835706,158807747,15027959,0.086449207
TCGA-09-2053-01C-01R-1568-13_rnaseq.bam,173835706,152495957,21339749,0.122758146
TCGA-09-2054-01A-01R-1568-13_GRCh37-lite_rnaseq.bam,88853162,82334082,6519080,0.073369139
TCGA-09-2054-01A-01R-1568-13_rnaseq.bam,88853162,78064692,10788470,0.121419089
TCGA-09-2056-01B-01R-1568-13_GRCh37-lite_rnaseq.bam,253111470,232570194,20541276,0.081155058
TCGA-09-2056-01B-01R-1568-13_rnaseq.bam,253111470,205022238,48089232,0.189992307
TCGA-10-0926-01A-01R-1564-13_GRCh37-lite_rnaseq.bam,411815388,336245678,75569710,0.183503852
TCGA-10-0926-01A-01R-1564-13_rnaseq.bam,411815388,280130066,131685322,0.319767852
TCGA-10-0927-01A-02R-1564-13_GRCh37-lite_rnaseq.bam,90815966,73043620,17772346,0.195696272
TCGA-10-0927-01A-02R-1564-13_rnaseq.bam,90815966,69698801,21117165,0.23252701
TCGA-10-0928-01A-02R-1564-13_GRCh37-lite_rnaseq.bam,130455802,114169207,16286595,0.124843777
TCGA-10-0928-01A-02R-1564-13_rnaseq.bam,130455802,108079793,22376009,0.171521762
TCGA-10-0931-01A-01R-1564-13_GRCh37-lite_rnaseq.bam,369918074,322671019,47247055,0.127723024
TCGA-10-0931-01A-01R-1564-13_rnaseq.bam,369918074,301850755,68067319,0.18400647
TCGA-10-0933-01A-01R-1569-13_GRCh37-lite_rnaseq.bam,214774324,190092392,24681932,0.11492031
TCGA-10-0933-01A-01R-1569-13_rnaseq.bam,214774324,156258133,58516191,0.272454313
TCGA-10-0934-01A-02R-1564-13_GRCh37-lite_rnaseq.bam,357492522,312679438,44813084,0.125353906
TCGA-10-0934-01A-02R-1564-13_rnaseq.bam,357492522,298846959,58645563,0.164046964
TCGA-10-0936-01A-01R-1564-13_GRCh37-lite_rnaseq.bam,288099798,244498322,43601476,0.151341571
TCGA-10-0936-01A-01R-1564-13_rnaseq.bam,288099798,184384238,103715560,0.359998725
TCGA-10-0937-01A-02D-A324-10_wgs_Illumina.bam,1774739860,1677794109,96945751,0.05462533
TCGA-10-0937-01A-02R-1564-13_GRCh37-lite_rnaseq.bam,90120426,71153004,18967422,0.210467514
TCGA-10-0937-01A-02R-1564-13_rnaseq.bam,90120426,66307355,23813071,0.264236112
TCGA-10-0937-11A-01D-A324-10_wgs_Illumina.bam,846083176,813534957,32548219,0.03846929
TCGA-10-0938-01A-02R-1564-13_GRCh37-lite_rnaseq.bam,102213026,84663384,17549642,0.171696727
TCGA-10-0938-01A-02R-1564-13_rnaseq.bam,102213026,82995343,19217683,0.188015987
TCGA-13-0714-01A-01R-1564-13_GRCh37-lite_rnaseq.bam,168651884,147953537,20698347,0.122728229
TCGA-13-0714-01A-01R-1564-13_rnaseq.bam,168651884,84202129,84449755,0.500734134
TCGA-13-0720-01A-01R-1564-13_GRCh37-lite_rnaseq.bam,139670332,125703986,13966346,0.09999508
TCGA-13-0720-01A-01R-1564-13_rnaseq.bam,139670332,113777698,25892634,0.185383922
TCGA-13-0724-01A-01R-1564-13_GRCh37-lite_rnaseq.bam,136972564,113202918,23769646,0.173535818
TCGA-13-0724-01A-01R-1564-13_rnaseq.bam,136972564,99103539,37869025,0.276471608
TCGA-13-0725-01A-01R-1564-13_GRCh37-lite_rnaseq.bam,126768142,106955390,19812752,0.156291255
TCGA-13-0725-01A-01R-1564-13_rnaseq.bam,126768142,102420795,24347347,0.192062032
TCGA-13-0726-01A-01R-1564-13_GRCh37-lite_rnaseq.bam,237610618,202853256,34757362,0.146278657
TCGA-13-0726-01A-01R-1564-13_rnaseq.bam,237610618,183297694,54312924,0.228579533
TCGA-13-0727-01A-01R-1564-13_GRCh37-lite_rnaseq.bam,216288730,183362696,32926034,0.152231852
TCGA-13-0727-01A-01R-1564-13_rnaseq.bam,216288730,141157295,75131435,0.347366388
TCGA-13-0730-01A-01R-1564-13_GRCh37-lite_rnaseq.bam,157106494,137989940,19116554,0.121678955
TCGA-13-0730-01A-01R-1564-13_rnaseq.bam,157106494,99115505,57990989,0.369118981
TCGA-13-0760-01A-01R-1564-13_GRCh37-lite_rnaseq.bam,415583602,357438411,58145191,0.13991214
TCGA-13-0760-01A-01R-1564-13_rnaseq.bam,415583602,310521600,105062002,0.252805937
TCGA-13-0762-01A-01R-1564-13_GRCh37-lite_rnaseq.bam,278835860,241841130,36994730,0.132675654
TCGA-13-0762-01A-01R-1564-13_rnaseq.bam,278835860,214220483,64615377,0.231732665
TCGA-13-0765-01A-01R-1564-13_GRCh37-lite_rnaseq.bam,293373656,253814826,39558830,0.134841112
TCGA-13-0765-01A-01R-1564-13_rnaseq.bam,293373656,229648207,63725449,0.21721599
TCGA-13-0766-01A-02R-1564-13_GRCh37-lite_rnaseq.bam,99405656,82454444,16951212,0.170525629
TCGA-13-0766-01A-02R-1564-13_rnaseq.bam,99405656,58300440,41105216,0.413509831
TCGA-13-0768-01A-01R-1569-13_GRCh37-lite_rnaseq.bam,175072042,160191339,14880703,0.084997598
TCGA-13-0768-01A-01R-1569-13_rnaseq.bam,175072042,140595594,34476448,0.196927206
TCGA-13-0791-01A-01D-0926-12_Illumina.bam,594341962,470710760,123631202,0.208013585
TCGA-13-0791-02A-01D-0926-12_Illumina.bam,732237962,666413664,65824298,0.089894681
TCGA-13-0791-10A-01D-0926-12_Illumina.bam,624198794,568934500,55264294,0.088536368
TCGA-13-0795-01A-01R-1564-13_GRCh37-lite_rnaseq.bam,164957900,143431301,21526599,0.130497533
TCGA-13-0795-01A-01R-1564-13_rnaseq.bam,164957900,114574231,50383669,0.305433502
TCGA-13-0797-01A-01R-1564-13_GRCh37-lite_rnaseq.bam,197120706,169512680,27608026,0.140056448
TCGA-13-0797-01A-01R-1564-13_rnaseq.bam,197120706,153702990,43417716,0.22025954
TCGA-13-0799-01A-01R-1564-13_GRCh37-lite_rnaseq.bam,330161248,283983280,46177968,0.139864894
TCGA-13-0799-01A-01R-1564-13_rnaseq.bam,330161248,270043488,60117760,0.182086058
TCGA-13-0800-01A-01R-1564-13_GRCh37-lite_rnaseq.bam,152226432,137591356,14635076,0.096140176
TCGA-13-0800-01A-01R-1564-13_rnaseq.bam,152226432,130890132,21336300,0.140161598
TCGA-13-0801-01A-01R-1564-13_GRCh37-lite_rnaseq.bam,328813198,287335389,41477809,0.126143991
TCGA-13-0801-01A-01R-1564-13_rnaseq.bam,328813198,275926108,52887090,0.160842358
TCGA-13-0804-01A-01R-1564-13_GRCh37-lite_rnaseq.bam,99931610,86858208,13073402,0.13082349
TCGA-13-0804-01A-01R-1564-13_rnaseq.bam,99931610,84805904,15125706,0.151360575
TCGA-13-0883-01A-02R-1569-13_GRCh37-lite_rnaseq.bam,139937776,129571416,10366360,0.074078353
TCGA-13-0883-01A-02R-1569-13_rnaseq.bam,139937776,123444172,16493604,0.117863843
TCGA-13-0884-01B-01R-1565-13_GRCh37-lite_rnaseq.bam,145802216,128329288,17472928,0.119839934
TCGA-13-0884-01B-01R-1565-13_rnaseq.bam,145802216,118142277,27659939,0.189708632
TCGA-13-0885-01A-02R-1569-13_GRCh37-lite_rnaseq.bam,240154114,220514074,19640040,0.081780985
TCGA-13-0885-01A-02R-1569-13_rnaseq.bam,240154114,151584763,88569351,0.368802139
TCGA-13-0886-01A-01R-1569-13_GRCh37-lite_rnaseq.bam,276867706,251241635,25626071,0.092557097
TCGA-13-0886-01A-01R-1569-13_rnaseq.bam,276867706,183147687,93720019,0.338501085
TCGA-13-0887-01A-01R-1564-13_GRCh37-lite_rnaseq.bam,195712720,172534292,23178428,0.118430872
TCGA-13-0887-01A-01R-1564-13_rnaseq.bam,195712720,163132818,32579902,0.166467984
TCGA-13-0888-01A-01R-1564-13_GRCh37-lite_rnaseq.bam,135753008,117426786,18326222,0.134996802
TCGA-13-0888-01A-01R-1564-13_rnaseq.bam,135753008,89985626,45767382,0.337137148
TCGA-13-0890-01A-01R-1564-13_GRCh37-lite_rnaseq.bam,282018388,237557399,44460989,0.157652802
TCGA-13-0890-01A-01R-1564-13_rnaseq.bam,282018388,227326520,54691868,0.193930149
TCGA-13-0891-01A-01R-1564-13_GRCh37-lite_rnaseq.bam,103438044,90536223,12901821,0.12472994
TCGA-13-0891-01A-01R-1564-13_rnaseq.bam,103438044,87346936,16091108,0.155562764
TCGA-13-0893-01B-01R-1565-13_GRCh37-lite_rnaseq.bam,183129484,160113429,23016055,0.125681865
TCGA-13-0893-01B-01R-1565-13_rnaseq.bam,183129484,152219655,30909829,0.168786742
TCGA-13-0897-01A-01R-1564-13_GRCh37-lite_rnaseq.bam,156635750,134217966,22417784,0.143120482
TCGA-13-0897-01A-01R-1564-13_rnaseq.bam,156635750,128672656,27963094,0.178523064
TCGA-13-0899-01A-01R-1564-13_GRCh37-lite_rnaseq.bam,407366572,350528024,56838548,0.139526785
TCGA-13-0899-01A-01R-1564-13_rnaseq.bam,407366572,337867395,69499177,0.170605989
TCGA-13-0900-01B-01R-1565-13_GRCh37-lite_rnaseq.bam,222895648,203551695,19343953,0.086784794
TCGA-13-0900-01B-01R-1565-13_rnaseq.bam,222895648,196180935,26714713,0.119853004
TCGA-13-0901-01B-01R-1565-13_GRCh37-lite_rnaseq.bam,187627120,143270285,44356835,0.236409507
TCGA-13-0901-01B-01R-1565-13_rnaseq.bam,187627120,140657065,46970055,0.250337238
TCGA-13-0905-01B-01R-1565-13_GRCh37-lite_rnaseq.bam,266315662,228086712,38228950,0.143547509
TCGA-13-0905-01B-01R-1565-13_rnaseq.bam,266315662,220513110,45802552,0.17198595
TCGA-13-0906-01A-01R-1564-13_GRCh37-lite_rnaseq.bam,128351542,112517301,15834241,0.123366192
TCGA-13-0906-01A-01R-1564-13_rnaseq.bam,128351542,106305233,22046309,0.17176505
TCGA-13-0908-01B-01R-1565-13_GRCh37-lite_rnaseq.bam,229416988,201150809,28266179,0.123208744
TCGA-13-0908-01B-01R-1565-13_rnaseq.bam,229416988,190723005,38693983,0.16866224
TCGA-13-0911-01A-01R-1564-13_GRCh37-lite_rnaseq.bam,137158808,113415184,23743624,0.173110457
TCGA-13-0911-01A-01R-1564-13_rnaseq.bam,137158808,108354691,28804117,0.210005594
TCGA-13-0913-01A-01D-0926-12_SOLiD.bam,112670854,81389793,31281061,0.277632235
TCGA-13-0913-01A-01R-1564-13_GRCh37-lite_rnaseq.bam,337514502,288443287,49071215,0.145389945
TCGA-13-0913-01A-01R-1564-13_rnaseq.bam,337514502,273447322,64067180,0.189820525
TCGA-13-0913-02A-01R-1564-13_GRCh37-lite_rnaseq.bam,74002602,62785271,11217331,0.151580224
TCGA-13-0913-02A-01R-1564-13_rnaseq.bam,74002602,61004442,12998160,0.175644635
TCGA-13-0913-10A-01D-0926-12_SOLiD.bam,115224580,85462053,29762527,0.258300156
TCGA-13-0916-01A-01R-1564-13_GRCh37-lite_rnaseq.bam,392158228,354130545,38027683,0.096970254
TCGA-13-0916-01A-01R-1564-13_rnaseq.bam,392158228,336145361,56012867,0.142832314
TCGA-13-0919-01A-01R-1564-13_GRCh37-lite_rnaseq.bam,420951962,367581244,53370718,0.126785768
TCGA-13-0919-01A-01R-1564-13_rnaseq.bam,420951962,355490906,65461056,0.155507188
TCGA-13-0920-01A-01R-1564-13_GRCh37-lite_rnaseq.bam,107414186,93130149,14284037,0.132980917
TCGA-13-0920-01A-01R-1564-13_rnaseq.bam,107414186,85208621,22205565,0.20672842
TCGA-13-0923-01A-01R-1564-13_GRCh37-lite_rnaseq.bam,132780810,112685838,20094972,0.151339429
TCGA-13-0923-01A-01R-1564-13_rnaseq.bam,132780810,107634304,25146506,0.189383586
TCGA-13-0924-01A-01R-1564-13_GRCh37-lite_rnaseq.bam,114794766,100081600,14713166,0.12816931
TCGA-13-0924-01A-01R-1564-13_rnaseq.bam,114794766,97253181,17541585,0.15280823
TCGA-13-1403-01A-01R-1565-13_GRCh37-lite_rnaseq.bam,167726546,153894086,13832460,0.082470309
TCGA-13-1403-01A-01R-1565-13_rnaseq.bam,167726546,148522846,19203700,0.1144941
TCGA-13-1404-01A-01R-1565-13_GRCh37-lite_rnaseq.bam,140203628,125055404,15148224,0.108044451
TCGA-13-1404-01A-01R-1565-13_rnaseq.bam,140203628,119536014,20667614,0.147411407
TCGA-13-1405-01A-01R-1565-13_GRCh37-lite_rnaseq.bam,232401644,206572625,25829019,0.111139571
TCGA-13-1405-01A-01R-1565-13_rnaseq.bam,232401644,195871675,36529969,0.157184641
TCGA-13-1407-01A-01R-1565-13_GRCh37-lite_rnaseq.bam,238900648,202401942,36498706,0.152777761
TCGA-13-1407-01A-01R-1565-13_rnaseq.bam,238900648,192406906,46493742,0.194615387
TCGA-13-1408-01A-01R-1565-13_GRCh37-lite_rnaseq.bam,272455628,247598987,24856641,0.091231887
TCGA-13-1408-01A-01R-1565-13_rnaseq.bam,272455628,236585406,35870222,0.13165528
TCGA-13-1409-01A-01R-1565-13_GRCh37-lite_rnaseq.bam,189825470,162530029,27295441,0.1437923
TCGA-13-1409-01A-01R-1565-13_rnaseq.bam,189825470,156312886,33512584,0.176544191
TCGA-13-1410-01A-01R-1565-13_GRCh37-lite_rnaseq.bam,219670392,189217060,30453332,0.138631937
TCGA-13-1410-01A-01R-1565-13_rnaseq.bam,219670392,180940935,38729457,0.176307133
TCGA-13-1411-01A-01R-1565-13_GRCh37-lite_rnaseq.bam,251741158,217084034,34657124,0.137669677
TCGA-13-1411-01A-01R-1565-13_rnaseq.bam,251741158,205178134,46563024,0.184963891
TCGA-13-1477-01A-01R-1565-13_GRCh37-lite_rnaseq.bam,242086884,217341366,24745518,0.102217508
TCGA-13-1477-01A-01R-1565-13_rnaseq.bam,242086884,176700313,65386571,0.270095471
TCGA-13-1481-01A-01R-1565-13_GRCh37-lite_rnaseq.bam,272793966,247603691,25190275,0.09234176
TCGA-13-1481-01A-01R-1565-13_rnaseq.bam,272793966,226420872,46373094,0.169993108
TCGA-13-1482-01A-01R-1565-13_GRCh37-lite_rnaseq.bam,385374826,341558769,43816057,0.113697248
TCGA-13-1482-01A-01R-1565-13_rnaseq.bam,385374826,327698481,57676345,0.14966298
TCGA-13-1483-01A-01R-1565-13_GRCh37-lite_rnaseq.bam,223847584,194215353,29632231,0.132376819
TCGA-13-1483-01A-01R-1565-13_rnaseq.bam,223847584,181657065,42190519,0.188478778
TCGA-13-1485-01A-02R-1565-13_GRCh37-lite_rnaseq.bam,143295992,128819456,14476536,0.101025408
TCGA-13-1485-01A-02R-1565-13_rnaseq.bam,143295992,122466690,20829302,0.145358581
TCGA-13-1487-01A-01R-1565-13_GRCh37-lite_rnaseq.bam,107496522,98655570,8840952,0.082244075
TCGA-13-1487-01A-01R-1565-13_rnaseq.bam,107496522,93829724,13666798,0.127137118
TCGA-13-1488-01A-01R-1565-13_GRCh37-lite_rnaseq.bam,145475774,133304923,12170851,0.08366239
TCGA-13-1488-01A-01R-1565-13_rnaseq.bam,145475774,126815874,18659900,0.128268092
TCGA-13-1489-01A-01R-1565-13_GRCh37-lite_rnaseq.bam,211664304,194421081,17243223,0.081464955
TCGA-13-1489-01A-01R-1565-13_rnaseq.bam,211664304,186350973,25313331,0.119591875
TCGA-13-1489-02A-01R-1565-13_GRCh37-lite_rnaseq.bam,211017684,190743484,20274200,0.096078204
TCGA-13-1489-02A-01R-1565-13_rnaseq.bam,211017684,182600175,28417509,0.134668851
TCGA-13-1492-01A-01R-1565-13_GRCh37-lite_rnaseq.bam,222845428,194106307,28739121,0.128964373
TCGA-13-1492-01A-01R-1565-13_rnaseq.bam,222845428,186769871,36075557,0.161886009
TCGA-13-1495-01A-01R-1565-13_GRCh37-lite_rnaseq.bam,198996456,181022454,17974002,0.090323227
TCGA-13-1495-01A-01R-1565-13_rnaseq.bam,198996456,166113575,32882881,0.165243551
TCGA-13-1496-01A-01R-1565-13_GRCh37-lite_rnaseq.bam,117811840,107231516,10580324,0.089806967
TCGA-13-1496-01A-01R-1565-13_rnaseq.bam,117811840,103437291,14374549,0.122012771
TCGA-13-1497-01A-01R-1565-13_GRCh37-lite_rnaseq.bam,180371276,160959627,19411649,0.107620512
TCGA-13-1497-01A-01R-1565-13_rnaseq.bam,180371276,151069530,29301746,0.162452396
TCGA-13-1498-01A-01R-1565-13_GRCh37-lite_rnaseq.bam,234286716,205808369,28478347,0.1215534
TCGA-13-1498-01A-01R-1565-13_rnaseq.bam,234286716,195794932,38491784,0.164293498
TCGA-13-1499-01A-01R-1565-13_GRCh37-lite_rnaseq.bam,248108544,222880930,25227614,0.101679747
TCGA-13-1499-01A-01R-1565-13_rnaseq.bam,248108544,213718621,34389923,0.138608379
TCGA-13-1501-01A-01R-1565-13_GRCh37-lite_rnaseq.bam,245201262,192096898,53104364,0.216574595
TCGA-13-1501-01A-01R-1565-13_rnaseq.bam,245201262,185096259,60105003,0.245125178
TCGA-13-1505-01A-01R-1565-13_GRCh37-lite_rnaseq.bam,156221384,143439879,12781505,0.081816616
TCGA-13-1505-01A-01R-1565-13_rnaseq.bam,156221384,135195088,21026296,0.134592944
TCGA-13-1506-01A-01R-1565-13_GRCh37-lite_rnaseq.bam,112007974,102726686,9281288,0.082862743
TCGA-13-1506-01A-01R-1565-13_rnaseq.bam,112007974,96595898,15412076,0.137598025
TCGA-13-1507-01A-01R-1565-13_GRCh37-lite_rnaseq.bam,173008996,155199506,17809490,0.102939676
TCGA-13-1507-01A-01R-1565-13_rnaseq.bam,173008996,137560988,35448008,0.204891126
TCGA-13-1509-01A-01R-1565-13_GRCh37-lite_rnaseq.bam,248250752,211323228,36927524,0.148750905
TCGA-13-1509-01A-01R-1565-13_rnaseq.bam,248250752,199385517,48865235,0.196838215
TCGA-13-1510-01A-02R-1565-13_GRCh37-lite_rnaseq.bam,207938008,186594952,21343056,0.102641437
TCGA-13-1510-01A-02R-1565-13_rnaseq.bam,207938008,178654047,29283961,0.140830247
TCGA-13-1511-01A-01R-1565-13_GRCh37-lite_rnaseq.bam,229098514,204336401,24762113,0.108085
TCGA-13-1511-01A-01R-1565-13_rnaseq.bam,229098514,193981783,35116731,0.153282229
TCGA-13-1512-01A-01R-1565-13_GRCh37-lite_rnaseq.bam,167675892,146705610,20970282,0.125064383
TCGA-13-1512-01A-01R-1565-13_rnaseq.bam,167675892,137022872,30653020,0.182811134
TCGA-13-1819-01A-01D-0926-12_SOLiD.bam,112131672,75977087,36154585,0.322429732
TCGA-13-1819-02A-01D-0926-12_SOLiD.bam,101117228,62898623,38218605,0.377963338
TCGA-13-2060-01A-01R-1568-13_GRCh37-lite_rnaseq.bam,181405796,165585574,15820222,0.087209022
TCGA-13-2060-01A-01R-1568-13_rnaseq.bam,181405796,159346351,22059445,0.121602757
TCGA-13-A5FT-01A-11R-A406-31_rnaseq.bam,225990584,179355589,46634995,0.206358133
TCGA-20-0987-01A-02R-1564-13_GRCh37-lite_rnaseq.bam,78827854,69896247,8931607,0.113305216
TCGA-20-0987-01A-02R-1564-13_rnaseq.bam,78827854,67638760,11189094,0.141943405
TCGA-20-0991-01A-01R-1564-13_GRCh37-lite_rnaseq.bam,170135214,145882364,24252850,0.142550442
TCGA-20-0991-01A-01R-1564-13_rnaseq.bam,170135214,111284398,58850816,0.345906145
TCGA-20-1682-01A-01R-1564-13_GRCh37-lite_rnaseq.bam,135369712,114894064,20475648,0.151257232
TCGA-20-1682-01A-01R-1564-13_rnaseq.bam,135369712,106330522,29039190,0.214517632
TCGA-20-1683-01A-01R-1566-13_GRCh37-lite_rnaseq.bam,243014308,220093392,22920916,0.094319204
TCGA-20-1683-01A-01R-1566-13_rnaseq.bam,243014308,209035969,33978339,0.139820323
TCGA-20-1684-01A-01R-1566-13_GRCh37-lite_rnaseq.bam,297309108,254958389,42350719,0.142446759
TCGA-20-1684-01A-01R-1566-13_rnaseq.bam,297309108,245989395,51319713,0.172613995
TCGA-20-1685-01A-01R-1566-13_GRCh37-lite_rnaseq.bam,293875968,265445588,28430380,0.096742786
TCGA-20-1685-01A-01R-1566-13_rnaseq.bam,293875968,253392629,40483339,0.137756548
TCGA-20-1686-01A-01R-1566-13_GRCh37-lite_rnaseq.bam,150826036,132422023,18404013,0.122021459
TCGA-20-1686-01A-01R-1566-13_rnaseq.bam,150826036,123829460,26996576,0.178991484
TCGA-20-1687-01A-01R-1566-13_GRCh37-lite_rnaseq.bam,150610688,131453789,19156899,0.127194818
TCGA-20-1687-01A-01R-1566-13_rnaseq.bam,150610688,123314879,27295809,0.18123421
TCGA-23-1021-01B-01R-1564-13_GRCh37-lite_rnaseq.bam,111339344,95506268,15833076,0.14220558
TCGA-23-1021-01B-01R-1564-13_rnaseq.bam,111339344,91883570,19455774,0.174743027
TCGA-23-1022-01A-01R-1564-13_GRCh37-lite_rnaseq.bam,242837202,216254396,26582806,0.109467601
TCGA-23-1022-01A-01R-1564-13_rnaseq.bam,242837202,160290577,82546625,0.339925779
TCGA-23-1023-01A-02R-1564-13_GRCh37-lite_rnaseq.bam,268915652,228258651,40657001,0.151188675
TCGA-23-1023-01A-02R-1564-13_rnaseq.bam,268915652,182060659,86854993,0.32298229
TCGA-23-1023-01R-01R-1564-13_GRCh37-lite_rnaseq.bam,332310492,299450857,32859635,0.098882328
TCGA-23-1023-01R-01R-1564-13_rnaseq.bam,332310492,280070169,52240323,0.157203351
TCGA-23-1024-01A-02R-1564-13_GRCh37-lite_rnaseq.bam,249816896,212125979,37690917,0.150874171
TCGA-23-1024-01A-02R-1564-13_rnaseq.bam,249816896,204325414,45491482,0.1820993
TCGA-23-1026-01B-01R-1569-13_GRCh37-lite_rnaseq.bam,137711558,125836065,11875493,0.086234541
TCGA-23-1026-01B-01R-1569-13_rnaseq.bam,137711558,119874497,17837061,0.129524793
TCGA-23-1027-01A-02R-1564-13_GRCh37-lite_rnaseq.bam,398940128,332999388,65940740,0.165289815
TCGA-23-1027-01A-02R-1564-13_rnaseq.bam,398940128,316442365,82497763,0.206792341
TCGA-23-1028-01A-01R-1564-13_GRCh37-lite_rnaseq.bam,153807954,125527234,28280720,0.183870335
TCGA-23-1028-01A-01R-1564-13_rnaseq.bam,153807954,118577876,35230078,0.22905238
TCGA-23-1029-01B-01R-1567-13_GRCh37-lite_rnaseq.bam,208854798,188548522,20306276,0.097226763
TCGA-23-1029-01B-01R-1567-13_rnaseq.bam,208854798,180738225,28116573,0.134622586
TCGA-23-1030-01A-02R-1564-13_GRCh37-lite_rnaseq.bam,156647372,136243011,20404361,0.130256644
TCGA-23-1030-01A-02R-1564-13_rnaseq.bam,156647372,129505248,27142124,0.173268939
TCGA-23-1032-01A-02R-1564-13_GRCh37-lite_rnaseq.bam,381014232,310529081,70485151,0.184993486
TCGA-23-1032-01A-02R-1564-13_rnaseq.bam,381014232,294924104,86090128,0.225949901
TCGA-23-1107-01A-01R-1564-13_GRCh37-lite_rnaseq.bam,82310612,69922728,12387884,0.150501663
TCGA-23-1107-01A-01R-1564-13_rnaseq.bam,82310612,68313873,13996739,0.170047806
TCGA-23-1109-01A-01R-1564-13_GRCh37-lite_rnaseq.bam,156202458,137043766,19158692,0.122652948
TCGA-23-1109-01A-01R-1564-13_rnaseq.bam,156202458,132509686,23692772,0.151679892
TCGA-23-1110-01A-01D-A324-10_wgs_Illumina.bam,1849253020,1766199214,83053806,0.044912083
TCGA-23-1110-01A-01R-1564-13_GRCh37-lite_rnaseq.bam,51958522,46367004,5591518,0.107615032
TCGA-23-1110-01A-01R-1564-13_rnaseq.bam,51958522,44908912,7049610,0.135677647
TCGA-23-1110-10A-01D-A324-10_wgs_Illumina.bam,951358650,914737395,36621255,0.038493637
TCGA-23-1111-01A-01R-1567-13_GRCh37-lite_rnaseq.bam,216798860,195786984,21011876,0.096918757
TCGA-23-1111-01A-01R-1567-13_rnaseq.bam,216798860,186398344,30400516,0.14022452
TCGA-23-1113-01A-01R-1564-13_GRCh37-lite_rnaseq.bam,103630442,88575813,15054629,0.145272265
TCGA-23-1113-01A-01R-1564-13_rnaseq.bam,103630442,84601548,19028894,0.183622627
TCGA-23-1114-01B-01R-1566-13_GRCh37-lite_rnaseq.bam,220152238,197117415,23034823,0.104631337
TCGA-23-1114-01B-01R-1566-13_rnaseq.bam,220152238,190470080,29682158,0.134825602
TCGA-23-1116-01A-01R-1564-13_GRCh37-lite_rnaseq.bam,110822064,95045328,15776736,0.142360965
TCGA-23-1116-01A-01R-1564-13_rnaseq.bam,110822064,91515524,19306540,0.174212059
TCGA-23-1118-01A-01R-1564-13_GRCh37-lite_rnaseq.bam,155333340,140047903,15285437,0.098404097
TCGA-23-1118-01A-01R-1564-13_rnaseq.bam,155333340,132882617,22450723,0.144532545
TCGA-23-1119-01A-02R-1565-13_GRCh37-lite_rnaseq.bam,106631546,92258223,14373323,0.134794285
TCGA-23-1119-01A-02R-1565-13_rnaseq.bam,106631546,85955577,20675969,0.193901053
TCGA-23-1120-01A-02R-1565-13_GRCh37-lite_rnaseq.bam,227727982,203819836,23908146,0.104985544
TCGA-23-1120-01A-02R-1565-13_rnaseq.bam,227727982,193312791,34415191,0.151124121
TCGA-23-1122-01A-01R-1565-13_GRCh37-lite_rnaseq.bam,222304670,196107056,26197614,0.117845541
TCGA-23-1122-01A-01R-1565-13_rnaseq.bam,222304670,187435696,34868974,0.156852188
TCGA-23-1123-01A-01R-1565-13_GRCh37-lite_rnaseq.bam,250058568,224139249,25919319,0.103652993
TCGA-23-1123-01A-01R-1565-13_rnaseq.bam,250058568,211857625,38200943,0.152767983
TCGA-23-1809-01A-01R-1566-13_GRCh37-lite_rnaseq.bam,218029398,191754978,26274420,0.120508611
TCGA-23-1809-01A-01R-1566-13_rnaseq.bam,218029398,182355712,35673686,0.163618697
TCGA-23-2077-01A-01R-1568-13_GRCh37-lite_rnaseq.bam,176665514,160178736,16486778,0.093321994
TCGA-23-2077-01A-01R-1568-13_rnaseq.bam,176665514,151363839,25301675,0.143217963
TCGA-23-2078-01A-01R-1568-13_GRCh37-lite_rnaseq.bam,257128528,228450576,28677952,0.111531584
TCGA-23-2078-01A-01R-1568-13_rnaseq.bam,257128528,219654283,37474245,0.145741296
TCGA-23-2081-01A-01R-1568-13_GRCh37-lite_rnaseq.bam,330638650,299868630,30770020,0.093062381
TCGA-23-2081-01A-01R-1568-13_rnaseq.bam,330638650,281535852,49102798,0.148508948
TCGA-23-2084-01A-02R-1568-13_GRCh37-lite_rnaseq.bam,260503204,233782954,26720250,0.102571675
TCGA-23-2084-01A-02R-1568-13_rnaseq.bam,260503204,220902875,39600329,0.152014748
TCGA-24-0966-01A-01R-1564-13_GRCh37-lite_rnaseq.bam,182064414,151816339,30248075,0.166139414
TCGA-24-0966-01A-01R-1564-13_rnaseq.bam,182064414,147642376,34422038,0.189065162
TCGA-24-0968-01A-01R-1569-13_GRCh37-lite_rnaseq.bam,197489362,180524845,16964517,0.085900916
TCGA-24-0968-01A-01R-1569-13_rnaseq.bam,197489362,148984548,48504814,0.245607224
TCGA-24-0970-01B-01R-1565-13_GRCh37-lite_rnaseq.bam,205916946,183810083,22106863,0.107358153
TCGA-24-0970-01B-01R-1565-13_rnaseq.bam,205916946,177409269,28507677,0.138442598
TCGA-24-0975-01A-02R-1565-13_GRCh37-lite_rnaseq.bam,245439548,208748805,36690743,0.149489939
TCGA-24-0975-01A-02R-1565-13_rnaseq.bam,245439548,180949759,64489789,0.262752232
TCGA-24-0979-01A-01R-1565-13_GRCh37-lite_rnaseq.bam,248016270,219395381,28620889,0.11539924
TCGA-24-0979-01A-01R-1565-13_rnaseq.bam,248016270,206839658,41176612,0.166023834
TCGA-24-0982-01A-01R-1565-13_GRCh37-lite_rnaseq.bam,167546482,150237145,17309337,0.103310656
TCGA-24-0982-01A-01R-1565-13_rnaseq.bam,167546482,125322357,42224125,0.252014393
TCGA-24-1103-01A-01R-1565-13_GRCh37-lite_rnaseq.bam,163344564,146850052,16494512,0.100979865
TCGA-24-1103-01A-01R-1565-13_rnaseq.bam,163344564,139844187,23500377,0.143869967
TCGA-24-1104-01A-01R-1565-13_GRCh37-lite_rnaseq.bam,195593094,173201309,22391785,0.11448147
TCGA-24-1104-01A-01R-1565-13_rnaseq.bam,195593094,159878350,35714744,0.182597163
TCGA-24-1105-01A-01R-1565-13_GRCh37-lite_rnaseq.bam,255372788,236084199,19288589,0.075531106
TCGA-24-1105-01A-01R-1565-13_rnaseq.bam,255372788,227418282,27954506,0.109465485
TCGA-24-1413-01A-01R-1565-13_GRCh37-lite_rnaseq.bam,140217262,122991164,17226098,0.122852905
TCGA-24-1413-01A-01R-1565-13_rnaseq.bam,140217262,119598196,20619066,0.147050839
TCGA-24-1416-01A-01R-1565-13_GRCh37-lite_rnaseq.bam,120561046,106221810,14339236,0.118937555
TCGA-24-1416-01A-01R-1565-13_rnaseq.bam,120561046,102275615,18285431,0.151669479
TCGA-24-1417-01A-01R-1565-13_GRCh37-lite_rnaseq.bam,179020764,163681611,15339153,0.085683653
TCGA-24-1417-01A-01R-1565-13_rnaseq.bam,179020764,156354067,22666697,0.126614905
TCGA-24-1418-01A-01R-1565-13_GRCh37-lite_rnaseq.bam,174590112,156957329,17632783,0.100995313
TCGA-24-1418-01A-01R-1565-13_rnaseq.bam,174590112,150013847,24576265,0.140765503
TCGA-24-1419-01A-01D-A324-10_wgs_Illumina.bam,1801904956,1706459915,95445041,0.052968965
TCGA-24-1419-01A-01R-1565-13_GRCh37-lite_rnaseq.bam,243320990,214434431,28886559,0.118717908
TCGA-24-1419-01A-01R-1565-13_rnaseq.bam,243320990,199022726,44298264,0.182056895
TCGA-24-1419-10A-01D-A324-10_wgs_Illumina.bam,925288412,887872911,37415501,0.040436582
TCGA-24-1422-01A-01R-1565-13_GRCh37-lite_rnaseq.bam,282998084,250139976,32858108,0.116107175
TCGA-24-1422-01A-01R-1565-13_rnaseq.bam,282998084,240096350,42901734,0.15159726
TCGA-24-1423-01A-01R-1565-13_GRCh37-lite_rnaseq.bam,252536716,229094044,23442672,0.092828767
TCGA-24-1423-01A-01R-1565-13_rnaseq.bam,252536716,217122157,35414559,0.140235288
TCGA-24-1424-01A-01R-1565-13_GRCh37-lite_rnaseq.bam,240183530,215200222,24983308,0.104017574
TCGA-24-1424-01A-01R-1565-13_rnaseq.bam,240183530,196475494,43708036,0.181977657
TCGA-24-1425-01A-02R-1566-13_GRCh37-lite_rnaseq.bam,230424620,204552741,25871879,0.112279144
TCGA-24-1425-01A-02R-1566-13_rnaseq.bam,230424620,174802403,55622217,0.241390078
TCGA-24-1426-01A-01R-1565-13_GRCh37-lite_rnaseq.bam,241739030,208767431,32971599,0.136393362
TCGA-24-1426-01A-01R-1565-13_rnaseq.bam,241739030,201674814,40064216,0.165733336
TCGA-24-1427-01A-01R-1565-13_GRCh37-lite_rnaseq.bam,206931338,189458977,17472361,0.084435548
TCGA-24-1427-01A-01R-1565-13_rnaseq.bam,206931338,178098170,28833168,0.139336885
TCGA-24-1428-01A-01R-1564-13_GRCh37-lite_rnaseq.bam,432954454,367381592,65572862,0.151454411
TCGA-24-1428-01A-01R-1564-13_rnaseq.bam,432954454,350638509,82315945,0.190126107
TCGA-24-1430-01A-01R-1566-13_GRCh37-lite_rnaseq.bam,184283706,163645200,20638506,0.111993113
TCGA-24-1430-01A-01R-1566-13_rnaseq.bam,184283706,155370489,28913217,0.156895135
TCGA-24-1431-01A-01R-1566-13_GRCh37-lite_rnaseq.bam,165135326,151085956,14049370,0.08507792
TCGA-24-1431-01A-01R-1566-13_rnaseq.bam,165135326,145572017,19563309,0.118468346
TCGA-24-1434-01A-01R-1566-13_GRCh37-lite_rnaseq.bam,240936792,210635061,30301731,0.125766309
TCGA-24-1434-01A-01R-1566-13_rnaseq.bam,240936792,202983334,37953458,0.157524543
TCGA-24-1435-01A-01R-1566-13_GRCh37-lite_rnaseq.bam,185543186,162078143,23465043,0.126466746
TCGA-24-1435-01A-01R-1566-13_rnaseq.bam,185543186,153154534,32388652,0.174561258
TCGA-24-1436-01A-01R-1566-13_GRCh37-lite_rnaseq.bam,286202442,260077933,26124509,0.091279826
TCGA-24-1436-01A-01R-1566-13_rnaseq.bam,286202442,238408600,47793842,0.166993131
TCGA-24-1463-01A-01R-1566-13_GRCh37-lite_rnaseq.bam,301497486,268342692,33154794,0.109967066
TCGA-24-1463-01A-01R-1566-13_rnaseq.bam,301497486,257982886,43514600,0.144328235
TCGA-24-1464-01A-01R-1566-13_GRCh37-lite_rnaseq.bam,185080628,168109283,16971345,0.091697036
TCGA-24-1464-01A-01R-1566-13_rnaseq.bam,185080628,154067567,31013061,0.167565138
TCGA-24-1467-01A-01R-1566-13_GRCh37-lite_rnaseq.bam,125593838,114625020,10968818,0.087335638
TCGA-24-1467-01A-01R-1566-13_rnaseq.bam,125593838,109210813,16383025,0.130444497
TCGA-24-1469-01A-01R-1566-13_GRCh37-lite_rnaseq.bam,189592408,172572790,17019618,0.089769512
TCGA-24-1469-01A-01R-1566-13_rnaseq.bam,189592408,164167884,25424524,0.13410096
TCGA-24-1470-01A-01R-1566-13_GRCh37-lite_rnaseq.bam,221442110,195388563,26053547,0.117653986
TCGA-24-1470-01A-01R-1566-13_rnaseq.bam,221442110,186671841,34770269,0.157017421
TCGA-24-1471-01A-01R-1566-13_GRCh37-lite_rnaseq.bam,284918270,260258702,24659568,0.08654962
TCGA-24-1471-01A-01R-1566-13_rnaseq.bam,284918270,250308084,34610186,0.121474084
TCGA-24-1474-01A-01R-1566-13_GRCh37-lite_rnaseq.bam,198204108,181917076,16287032,0.082173029
TCGA-24-1474-01A-01R-1566-13_rnaseq.bam,198204108,176185843,22018265,0.111088843
TCGA-24-1544-01A-01R-1566-13_GRCh37-lite_rnaseq.bam,103722052,87507323,16214729,0.156328656
TCGA-24-1544-01A-01R-1566-13_rnaseq.bam,103722052,81777784,21944268,0.211568009
TCGA-24-1545-01A-01R-1566-13_GRCh37-lite_rnaseq.bam,286912876,245742297,41170579,0.143495055
TCGA-24-1545-01A-01R-1566-13_rnaseq.bam,286912876,233785885,53126991,0.185167678
TCGA-24-1546-01A-01R-1566-13_GRCh37-lite_rnaseq.bam,220631402,199611592,21019810,0.095271162
TCGA-24-1546-01A-01R-1566-13_rnaseq.bam,220631402,176906091,43725311,0.198182628
TCGA-24-1548-01A-01D-A324-10_wgs_Illumina.bam,1861991684,1775701376,86290308,0.046343015
TCGA-24-1548-01A-01R-1566-13_GRCh37-lite_rnaseq.bam,288322744,255317258,33005486,0.114474098
TCGA-24-1548-01A-01R-1566-13_rnaseq.bam,288322744,245075731,43247013,0.149995149
TCGA-24-1548-10A-01D-A324-10_wgs_Illumina.bam,820799424,785376119,35423305,0.043157078
TCGA-24-1549-01A-01R-1566-13_GRCh37-lite_rnaseq.bam,197942782,180730378,17212404,0.086956462
TCGA-24-1549-01A-01R-1566-13_rnaseq.bam,197942782,170979249,26963533,0.136218824
TCGA-24-1550-01A-01R-1566-13_GRCh37-lite_rnaseq.bam,236422018,213475280,22946738,0.09705838
TCGA-24-1550-01A-01R-1566-13_rnaseq.bam,236422018,202530650,33891368,0.143351149
TCGA-24-1551-01A-01R-1566-13_GRCh37-lite_rnaseq.bam,157947470,137161428,20786042,0.131600981
TCGA-24-1551-01A-01R-1566-13_rnaseq.bam,157947470,131818201,26129269,0.165430121
TCGA-24-1552-01A-01D-A324-10_wgs_Illumina.bam,1812894384,1731364974,81529410,0.044971958
TCGA-24-1552-01A-01R-1566-13_GRCh37-lite_rnaseq.bam,165829104,147677253,18151851,0.10946119
TCGA-24-1552-01A-01R-1566-13_rnaseq.bam,165829104,140394781,25434323,0.153376714
TCGA-24-1552-10A-01D-A324-10_wgs_Illumina.bam,916835340,879476611,37358729,0.040747479
TCGA-24-1553-01A-01R-1566-13_GRCh37-lite_rnaseq.bam,226970586,206004606,20965980,0.092373115
TCGA-24-1553-01A-01R-1566-13_rnaseq.bam,226970586,189846563,37124023,0.163563146
TCGA-24-1555-01A-01R-1566-13_GRCh37-lite_rnaseq.bam,290550788,262987151,27563637,0.094866846
TCGA-24-1555-01A-01R-1566-13_rnaseq.bam,290550788,250754061,39796727,0.13696995
TCGA-24-1556-01A-01R-1566-13_GRCh37-lite_rnaseq.bam,292651366,265543002,27108364,0.092630232
TCGA-24-1556-01A-01R-1566-13_rnaseq.bam,292651366,256064608,36586758,0.125018238
TCGA-24-1557-01A-01R-1566-13_GRCh37-lite_rnaseq.bam,110982340,101934086,9048254,0.081528773
TCGA-24-1557-01A-01R-1566-13_rnaseq.bam,110982340,95841496,15140844,0.136425705
TCGA-24-1558-01A-01D-A324-10_wgs_Illumina.bam,1767183632,1690058845,77124787,0.043642769
TCGA-24-1558-01A-01R-1566-13_GRCh37-lite_rnaseq.bam,237496926,197801830,39695096,0.16713941
TCGA-24-1558-01A-01R-1566-13_rnaseq.bam,237496926,189439227,48057699,0.202350825
TCGA-24-1558-10A-01D-A324-10_wgs_Illumina.bam,862732080,824696931,38035149,0.044086861
TCGA-24-1560-01A-01R-1566-13_GRCh37-lite_rnaseq.bam,205222328,181240455,23981873,0.116858011
TCGA-24-1560-01A-01R-1566-13_rnaseq.bam,205222328,173065902,32156426,0.156690679
TCGA-24-1562-01A-01R-1566-13_GRCh37-lite_rnaseq.bam,228100082,206392254,21707828,0.095167997
TCGA-24-1562-01A-01R-1566-13_rnaseq.bam,228100082,194182013,33918069,0.148698189
TCGA-24-1563-01A-01R-1566-13_GRCh37-lite_rnaseq.bam,151937918,138079719,13858199,0.091209615
TCGA-24-1563-01A-01R-1566-13_rnaseq.bam,151937918,133324012,18613906,0.122509945
TCGA-24-1564-01A-01R-1566-13_GRCh37-lite_rnaseq.bam,171584498,157065322,14519176,0.084618227
TCGA-24-1564-01A-01R-1566-13_rnaseq.bam,171584498,150710971,20873527,0.12165159
TCGA-24-1565-01A-01R-1566-13_GRCh37-lite_rnaseq.bam,217258820,193423438,23835382,0.109709617
TCGA-24-1565-01A-01R-1566-13_rnaseq.bam,217258820,181787877,35470943,0.163265837
TCGA-24-1567-01A-01R-1566-13_GRCh37-lite_rnaseq.bam,190849590,170210786,20638804,0.108141726
TCGA-24-1567-01A-01R-1566-13_rnaseq.bam,190849590,152415132,38434458,0.201386118
TCGA-24-1603-01A-01R-1566-13_GRCh37-lite_rnaseq.bam,236517212,209700804,26816408,0.113380366
TCGA-24-1603-01A-01R-1566-13_rnaseq.bam,236517212,201275815,35241397,0.149001405
TCGA-24-1604-01A-01R-1566-13_GRCh37-lite_rnaseq.bam,221242170,204473271,16768899,0.075794316
TCGA-24-1604-01A-01R-1566-13_rnaseq.bam,221242170,195254722,25987448,0.117461549
TCGA-24-1616-01A-01R-1566-13_GRCh37-lite_rnaseq.bam,223269632,201186192,22083440,0.098909287
TCGA-24-1616-01A-01R-1566-13_rnaseq.bam,223269632,192678860,30590772,0.137012686
TCGA-24-1842-01A-01R-1567-13_GRCh37-lite_rnaseq.bam,216568054,192367057,24200997,0.11174777
TCGA-24-1842-01A-01R-1567-13_rnaseq.bam,216568054,184366330,32201724,0.148691016
TCGA-24-1843-01A-01R-1567-13_GRCh37-lite_rnaseq.bam,241377350,216497187,24880163,0.103075798
TCGA-24-1843-01A-01R-1567-13_rnaseq.bam,241377350,203428372,37948978,0.157218471
TCGA-24-1844-01A-01R-1567-13_GRCh37-lite_rnaseq.bam,211982174,189211693,22770481,0.107416961
TCGA-24-1844-01A-01R-1567-13_rnaseq.bam,211982174,175096816,36885358,0.174002169
TCGA-24-1845-01A-01R-1567-13_GRCh37-lite_rnaseq.bam,239102064,215589109,23512955,0.09833857
TCGA-24-1845-01A-01R-1567-13_rnaseq.bam,239102064,202611062,36491002,0.152616842
TCGA-24-1846-01A-01R-1567-13_GRCh37-lite_rnaseq.bam,229709640,207717857,21991783,0.09573731
TCGA-24-1846-01A-01R-1567-13_rnaseq.bam,229709640,191561916,38147724,0.166069321
TCGA-24-1847-01A-01R-1566-13_GRCh37-lite_rnaseq.bam,188579266,166386742,22192524,0.117682736
TCGA-24-1847-01A-01R-1566-13_rnaseq.bam,188579266,157738524,30840742,0.163542592
TCGA-24-1849-01A-01R-1567-13_GRCh37-lite_rnaseq.bam,278842298,251650853,27191445,0.097515496
TCGA-24-1849-01A-01R-1567-13_rnaseq.bam,278842298,234857840,43984458,0.157739548
TCGA-24-1850-01A-01R-1567-13_GRCh37-lite_rnaseq.bam,96660958,89311336,7349622,0.076035063
TCGA-24-1850-01A-01R-1567-13_rnaseq.bam,96660958,82114639,14546319,0.150488049
TCGA-24-1852-02A-01D-0926-12_SOLiD.bam,101986771,70971692,31015079,0.304108844
TCGA-24-1923-01A-01R-1567-13_GRCh37-lite_rnaseq.bam,123331790,113473517,9858273,0.079932943
TCGA-24-1923-01A-01R-1567-13_rnaseq.bam,123331790,105070544,18261246,0.14806601
TCGA-24-1924-01A-01R-1567-13_GRCh37-lite_rnaseq.bam,219815414,193516333,26299081,0.11964166
TCGA-24-1924-01A-01R-1567-13_rnaseq.bam,219815414,176415799,43399615,0.197436632
TCGA-24-1928-01A-01R-1567-13_GRCh37-lite_rnaseq.bam,231739074,209046831,22692243,0.097921523
TCGA-24-1928-01A-01R-1567-13_rnaseq.bam,231739074,198541344,33197730,0.14325478
TCGA-24-1930-01A-01R-1567-13_GRCh37-lite_rnaseq.bam,249083508,184068344,65015164,0.261017538
TCGA-24-1930-01A-01R-1567-13_rnaseq.bam,249083508,175916395,73167113,0.293745313
TCGA-24-2019-01A-02R-1568-13_GRCh37-lite_rnaseq.bam,326901964,284748205,42153759,0.128949238
TCGA-24-2019-01A-02R-1568-13_rnaseq.bam,326901964,268147203,58754761,0.179732053
TCGA-24-2020-01A-01R-1567-13_GRCh37-lite_rnaseq.bam,236997622,214133311,22864311,0.096474854
TCGA-24-2020-01A-01R-1567-13_rnaseq.bam,236997622,201118607,35879015,0.151389768
TCGA-24-2023-01A-01R-1567-13_GRCh37-lite_rnaseq.bam,233732334,210679017,23053317,0.09863127
TCGA-24-2023-01A-01R-1567-13_rnaseq.bam,233732334,195704383,38027951,0.162698718
TCGA-24-2024-01A-02D-A324-10_wgs_Illumina.bam,1689304584,1602950427,86354157,0.051118169
TCGA-24-2024-01A-02R-1568-13_GRCh37-lite_rnaseq.bam,255537046,229685384,25851662,0.101166005
TCGA-24-2024-01A-02R-1568-13_rnaseq.bam,255537046,219217557,36319489,0.142130034
TCGA-24-2024-11A-01D-A324-10_wgs_Illumina.bam,906689754,874087385,32602369,0.03595758
TCGA-24-2026-01A-01R-1567-13_GRCh37-lite_rnaseq.bam,198812178,182043180,16768998,0.08434593
TCGA-24-2026-01A-01R-1567-13_rnaseq.bam,198812178,172256269,26555909,0.133572849
TCGA-24-2027-01A-01R-1567-13_GRCh37-lite_rnaseq.bam,194077366,177592421,16484945,0.08494007
TCGA-24-2027-01A-01R-1567-13_rnaseq.bam,194077366,169000526,25076840,0.129210533
TCGA-24-2033-01A-01R-1568-13_GRCh37-lite_rnaseq.bam,140288354,128074072,12214282,0.087065545
TCGA-24-2033-01A-01R-1568-13_rnaseq.bam,140288354,122831155,17457199,0.124437977
TCGA-24-2035-01A-01R-1568-13_GRCh37-lite_rnaseq.bam,147050812,130606452,16444360,0.11182774
TCGA-24-2035-01A-01R-1568-13_rnaseq.bam,147050812,118046175,29004637,0.197242277
TCGA-24-2036-01A-01R-1568-13_GRCh37-lite_rnaseq.bam,199122768,182517265,16605503,0.083393291
TCGA-24-2036-01A-01R-1568-13_rnaseq.bam,199122768,173090225,26032543,0.130736145
TCGA-24-2038-01A-01R-1568-13_GRCh37-lite_rnaseq.bam,206885542,187991781,18893761,0.091324705
TCGA-24-2038-01A-01R-1568-13_rnaseq.bam,206885542,171690647,35194895,0.170117712
TCGA-24-2254-01A-01R-1568-13_GRCh37-lite_rnaseq.bam,123896200,111281809,12614391,0.101814188
TCGA-24-2254-01A-01R-1568-13_rnaseq.bam,123896200,106956760,16939440,0.136722837
TCGA-24-2261-01A-01R-1568-13_GRCh37-lite_rnaseq.bam,277389376,253123241,24266135,0.087480405
TCGA-24-2261-01A-01R-1568-13_rnaseq.bam,277389376,240983923,36405453,0.131243141
TCGA-24-2262-01A-01R-1568-13_GRCh37-lite_rnaseq.bam,110412364,100124624,10287740,0.093175616
TCGA-24-2262-01A-01R-1568-13_rnaseq.bam,110412364,95379850,15032514,0.136148828
TCGA-24-2267-01A-01R-1568-13_GRCh37-lite_rnaseq.bam,136816018,125699086,11116932,0.081254609
TCGA-24-2267-01A-01R-1568-13_rnaseq.bam,136816018,119156299,17659719,0.1290764
TCGA-24-2271-01A-01R-1568-13_GRCh37-lite_rnaseq.bam,102429422,94869062,7560360,0.073810433
TCGA-24-2271-01A-01R-1568-13_rnaseq.bam,102429422,88783894,13645528,0.133218832
TCGA-24-2280-01A-01R-1568-13_GRCh37-lite_rnaseq.bam,170253364,154016172,16237192,0.095370756
TCGA-24-2280-01A-01R-1568-13_rnaseq.bam,170253364,148897482,21355882,0.125435889
TCGA-24-2281-01A-01R-1568-13_GRCh37-lite_rnaseq.bam,166099048,153182041,12917007,0.077766894
TCGA-24-2281-01A-01R-1568-13_rnaseq.bam,166099048,145815022,20284026,0.122120062
TCGA-24-2288-01A-01R-1568-13_GRCh37-lite_rnaseq.bam,137023166,124320851,12702315,0.092701952
TCGA-24-2288-01A-01R-1568-13_rnaseq.bam,137023166,118395077,18628089,0.135948464
TCGA-24-2289-01A-01R-1568-13_GRCh37-lite_rnaseq.bam,188638364,169891867,18746497,0.099377966
TCGA-24-2289-01A-01R-1568-13_rnaseq.bam,188638364,161596900,27041464,0.143350819
TCGA-24-2290-01A-01D-A324-10_wgs_Illumina.bam,1657161458,1564313939,92847519,0.056028046
TCGA-24-2290-01A-01R-1568-13_GRCh37-lite_rnaseq.bam,158926502,144161205,14765297,0.092906449
TCGA-24-2290-01A-01R-1568-13_rnaseq.bam,158926502,135358083,23568419,0.148297601
TCGA-24-2290-10A-01D-A324-10_wgs_Illumina.bam,877899888,842485220,35414668,0.040340212
TCGA-24-2293-01A-01R-1568-13_GRCh37-lite_rnaseq.bam,268568878,244086860,24482018,0.091157316
TCGA-24-2293-01A-01R-1568-13_rnaseq.bam,268568878,228859926,39708952,0.147853885
TCGA-24-2297-01A-01R-1568-13_GRCh37-lite_rnaseq.bam,261759352,234340710,27418642,0.104747516
TCGA-24-2297-01A-01R-1568-13_rnaseq.bam,261759352,224499875,37259477,0.142342486
TCGA-24-2298-01A-01R-1569-13_GRCh37-lite_rnaseq.bam,231909998,211990631,19919367,0.085892662
TCGA-24-2298-01A-01R-1569-13_rnaseq.bam,231909998,201530938,30379060,0.130995042
TCGA-25-1312-01A-01R-1565-13_GRCh37-lite_rnaseq.bam,163458032,147413709,16044323,0.098155611
TCGA-25-1312-01A-01R-1565-13_rnaseq.bam,163458032,141223011,22235021,0.136028929
TCGA-25-1313-01A-01R-1565-13_GRCh37-lite_rnaseq.bam,174850404,159112076,15738328,0.090010247
TCGA-25-1313-01A-01R-1565-13_rnaseq.bam,174850404,155180555,19669849,0.112495302
TCGA-25-1314-01A-01R-1565-13_GRCh37-lite_rnaseq.bam,294495666,267108015,27387651,0.092998486
TCGA-25-1314-01A-01R-1565-13_rnaseq.bam,294495666,251671535,42824131,0.145415148
TCGA-25-1315-01A-01R-1565-13_GRCh37-lite_rnaseq.bam,228229674,202431089,25798585,0.113037821
TCGA-25-1315-01A-01R-1565-13_rnaseq.bam,228229674,195144409,33085265,0.144964782
TCGA-25-1316-01A-01R-1565-13_GRCh37-lite_rnaseq.bam,210394894,180006802,30388092,0.1444336
TCGA-25-1316-01A-01R-1565-13_rnaseq.bam,210394894,172613472,37781422,0.179573854
TCGA-25-1317-01A-01R-1565-13_GRCh37-lite_rnaseq.bam,203920682,174778876,29141806,0.142907555
TCGA-25-1317-01A-01R-1565-13_rnaseq.bam,203920682,169302183,34618499,0.169764531
TCGA-25-1318-01A-01R-1565-13_GRCh37-lite_rnaseq.bam,160462978,149210076,11252902,0.070127715
TCGA-25-1318-01A-01R-1565-13_rnaseq.bam,160462978,140993592,19469386,0.121332573
TCGA-25-1319-01A-01R-1565-13_GRCh37-lite_rnaseq.bam,180566564,159690374,20876190,0.115614926
TCGA-25-1319-01A-01R-1565-13_rnaseq.bam,180566564,151576369,28990195,0.160551291
TCGA-25-1320-01A-01R-1565-13_GRCh37-lite_rnaseq.bam,211933746,191072161,20861585,0.098434465
TCGA-25-1320-01A-01R-1565-13_rnaseq.bam,211933746,182572226,29361520,0.138541033
TCGA-25-1321-01A-01R-1565-13_GRCh37-lite_rnaseq.bam,252033918,228576475,23457443,0.093072564
TCGA-25-1321-01A-01R-1565-13_rnaseq.bam,252033918,218674765,33359153,0.132359776
TCGA-25-1322-01A-01R-1565-13_GRCh37-lite_rnaseq.bam,262356482,240896098,21460384,0.081798566
TCGA-25-1322-01A-01R-1565-13_rnaseq.bam,262356482,228834680,33521802,0.12777196
TCGA-25-1323-01A-01R-1565-13_GRCh37-lite_rnaseq.bam,178403208,157728010,20675198,0.115890282
TCGA-25-1323-01A-01R-1565-13_rnaseq.bam,178403208,152551016,25852192,0.144908784
TCGA-25-1324-01A-01R-1565-13_GRCh37-lite_rnaseq.bam,306736334,264005105,42731229,0.139309316
TCGA-25-1324-01A-01R-1565-13_rnaseq.bam,306736334,255795603,50940731,0.166073351
TCGA-25-1326-01A-01R-1565-13_GRCh37-lite_rnaseq.bam,177230586,163020683,14209903,0.080177487
TCGA-25-1326-01A-01R-1565-13_rnaseq.bam,177230586,156140222,21090364,0.118999573
TCGA-25-1328-01A-01R-1565-13_GRCh37-lite_rnaseq.bam,127408574,117402578,10005996,0.078534715
TCGA-25-1328-01A-01R-1565-13_rnaseq.bam,127408574,112563540,14845034,0.116515188
TCGA-25-1329-01A-01R-1565-13_GRCh37-lite_rnaseq.bam,255047564,235856225,19191339,0.075246118
TCGA-25-1329-01A-01R-1565-13_rnaseq.bam,255047564,227803518,27244046,0.106819472
TCGA-25-1623-01A-01R-1566-13_GRCh37-lite_rnaseq.bam,195002726,175119509,19883217,0.10196379
TCGA-25-1623-01A-01R-1566-13_rnaseq.bam,195002726,167106924,27895802,0.143053395
TCGA-25-1625-01A-01R-1566-13_GRCh37-lite_rnaseq.bam,291498620,260068433,31430187,0.107822764
TCGA-25-1625-01A-01R-1566-13_rnaseq.bam,291498620,232599319,58899301,0.202056878
TCGA-25-1626-01A-01R-1566-13_GRCh37-lite_rnaseq.bam,197267702,179064219,18203483,0.092278071
TCGA-25-1626-01A-01R-1566-13_rnaseq.bam,197267702,167476928,29790774,0.151016987
TCGA-25-1627-01A-01R-1566-13_GRCh37-lite_rnaseq.bam,197367382,179306031,18061351,0.091511327
TCGA-25-1627-01A-01R-1566-13_rnaseq.bam,197367382,165710790,31656592,0.160394244
TCGA-25-1628-01A-01R-1566-13_GRCh37-lite_rnaseq.bam,223788638,198511366,25277272,0.112951543
TCGA-25-1628-01A-01R-1566-13_rnaseq.bam,223788638,187249136,36539502,0.163276842
TCGA-25-1630-01A-01R-1566-13_GRCh37-lite_rnaseq.bam,135983964,111376962,24607002,0.180955175
TCGA-25-1630-01A-01R-1566-13_rnaseq.bam,135983964,106334271,29649693,0.218038158
TCGA-25-1631-01A-01R-1569-13_GRCh37-lite_rnaseq.bam,198594762,180841161,17753601,0.089396119
TCGA-25-1631-01A-01R-1569-13_rnaseq.bam,198594762,169015567,29579195,0.148942473
TCGA-25-1632-01A-01R-1566-13_GRCh37-lite_rnaseq.bam,185119668,163994474,21125194,0.114116421
TCGA-25-1632-01A-01R-1566-13_rnaseq.bam,185119668,158538102,26581566,0.143591258
TCGA-25-1633-01A-01R-1566-13_GRCh37-lite_rnaseq.bam,165802678,146404430,19398248,0.116995987
TCGA-25-1633-01A-01R-1566-13_rnaseq.bam,165802678,140560851,25241827,0.152240165
TCGA-25-1634-01A-01R-1566-13_GRCh37-lite_rnaseq.bam,180004894,159625656,20379238,0.113214911
TCGA-25-1634-01A-01R-1566-13_rnaseq.bam,180004894,147563238,32441656,0.180226522
TCGA-25-1635-01A-01R-1566-13_GRCh37-lite_rnaseq.bam,189851400,168563228,21288172,0.112130709
TCGA-25-1635-01A-01R-1566-13_rnaseq.bam,189851400,160218297,29633103,0.156085776
TCGA-25-1870-01A-01R-1567-13_GRCh37-lite_rnaseq.bam,178701518,161951718,16749800,0.093730597
TCGA-25-1870-01A-01R-1567-13_rnaseq.bam,178701518,149251522,29449996,0.164799921
TCGA-25-1871-01A-01R-1567-13_GRCh37-lite_rnaseq.bam,297400678,264891215,32509463,0.109312
TCGA-25-1871-01A-01R-1567-13_rnaseq.bam,297400678,242304015,55096663,0.185260718
TCGA-25-1877-01A-01R-1567-13_GRCh37-lite_rnaseq.bam,189695138,169490457,20204681,0.106511328
TCGA-25-1877-01A-01R-1567-13_rnaseq.bam,189695138,126071640,63623498,0.335398675
TCGA-25-2042-01A-01R-1568-13_GRCh37-lite_rnaseq.bam,187574986,169320848,18254138,0.097316483
TCGA-25-2042-01A-01R-1568-13_rnaseq.bam,187574986,157429200,30145786,0.160713252
TCGA-25-2391-01A-01D-A324-10_wgs_Illumina.bam,1733627036,1652329484,81297552,0.046894488
TCGA-25-2391-01A-01R-1569-13_GRCh37-lite_rnaseq.bam,229174892,209982804,19192088,0.083744287
TCGA-25-2391-01A-01R-1569-13_rnaseq.bam,229174892,195467733,33707159,0.147080506
TCGA-25-2391-10A-01D-A324-10_wgs_Illumina.bam,900074284,862792556,37281728,0.041420723
TCGA-25-2392-01A-01R-1569-13_GRCh37-lite_rnaseq.bam,214886346,195684209,19202137,0.089359503
TCGA-25-2392-01A-01R-1569-13_rnaseq.bam,214886346,183710517,31175829,0.145080549
TCGA-25-2393-01A-01R-1569-13_GRCh37-lite_rnaseq.bam,194608250,176328051,18280199,0.09393332
TCGA-25-2393-01A-01R-1569-13_rnaseq.bam,194608250,166366880,28241370,0.145119079
TCGA-25-2396-01A-01R-1569-13_GRCh37-lite_rnaseq.bam,161260352,149396259,11864093,0.073571047
TCGA-25-2396-01A-01R-1569-13_rnaseq.bam,161260352,139797903,21462449,0.133091915
TCGA-25-2397-01A-01R-1569-13_GRCh37-lite_rnaseq.bam,138333138,126186011,12147127,0.087810681
TCGA-25-2397-01A-01R-1569-13_rnaseq.bam,138333138,119587752,18745386,0.135509006
TCGA-25-2398-01A-01R-1569-13_GRCh37-lite_rnaseq.bam,138241772,128002688,10239084,0.074066499
TCGA-25-2398-01A-01R-1569-13_rnaseq.bam,138241772,122109534,16132238,0.116695828
TCGA-25-2399-01A-01R-1569-13_GRCh37-lite_rnaseq.bam,198884426,182505194,16379232,0.082355528
TCGA-25-2399-01A-01R-1569-13_rnaseq.bam,198884426,173458011,25426415,0.127845179
TCGA-25-2400-01A-01R-1569-13_GRCh37-lite_rnaseq.bam,170301130,157591257,12709873,0.07463176
TCGA-25-2400-01A-01R-1569-13_rnaseq.bam,170301130,142087234,28213896,0.165670633
TCGA-25-2401-01A-01R-1569-13_GRCh37-lite_rnaseq.bam,130851076,119879069,10972007,0.083851103
TCGA-25-2401-01A-01R-1569-13_rnaseq.bam,130851076,114782808,16068268,0.122798134
TCGA-25-2404-01A-01R-1569-13_GRCh37-lite_rnaseq.bam,207015776,189411346,17604430,0.085039075
TCGA-25-2404-01A-01R-1569-13_rnaseq.bam,207015776,178743032,28272744,0.136572896
TCGA-25-2409-01A-01R-1569-13_GRCh37-lite_rnaseq.bam,200557712,184018099,16539613,0.082468098
TCGA-25-2409-01A-01R-1569-13_rnaseq.bam,200557712,173358550,27199162,0.135617632
TCGA-29-1688-01A-01R-1566-13_GRCh37-lite_rnaseq.bam,134584830,123006176,11578654,0.086032386
TCGA-29-1688-01A-01R-1566-13_rnaseq.bam,134584830,118475079,16109751,0.119699605
TCGA-29-1690-01A-01R-1566-13_GRCh37-lite_rnaseq.bam,215832910,186354012,29478898,0.136582035
TCGA-29-1690-01A-01R-1566-13_rnaseq.bam,215832910,170978996,44853914,0.20781777
TCGA-29-1691-01A-01R-1566-13_GRCh37-lite_rnaseq.bam,206404546,186345449,20059097,0.097183407
TCGA-29-1691-01A-01R-1566-13_rnaseq.bam,206404546,173479298,32925248,0.159518037
TCGA-29-1693-01A-01R-1567-13_GRCh37-lite_rnaseq.bam,233289856,208750396,24539460,0.105188714
TCGA-29-1693-01A-01R-1567-13_rnaseq.bam,233289856,195959705,37330151,0.160016177
TCGA-29-1694-01A-01R-1567-13_GRCh37-lite_rnaseq.bam,234851340,210139616,24711724,0.105222836
TCGA-29-1694-01A-01R-1567-13_rnaseq.bam,234851340,192248448,42602892,0.181403657
TCGA-29-1695-01A-01R-1567-13_GRCh37-lite_rnaseq.bam,225546478,202747919,22798559,0.101081423
TCGA-29-1695-01A-01R-1567-13_rnaseq.bam,225546478,191680206,33866272,0.150152076
TCGA-29-1696-01A-01R-1567-13_GRCh37-lite_rnaseq.bam,257560266,219702886,37857380,0.146984551
TCGA-29-1696-01A-01R-1567-13_rnaseq.bam,257560266,208529836,49030430,0.190364883
TCGA-29-1697-01A-01R-1567-13_GRCh37-lite_rnaseq.bam,264566868,237017882,27548986,0.104128632
TCGA-29-1697-01A-01R-1567-13_rnaseq.bam,264566868,223989976,40576892,0.153371026
TCGA-29-1698-01A-01R-1567-13_GRCh37-lite_rnaseq.bam,275422562,248425433,26997129,0.098020761
TCGA-29-1698-01A-01R-1567-13_rnaseq.bam,275422562,228355244,47067318,0.170891294
TCGA-29-1699-01A-01R-1567-13_GRCh37-lite_rnaseq.bam,452162088,408250507,43911581,0.09711469
TCGA-29-1699-01A-01R-1567-13_rnaseq.bam,452162088,392115275,60046813,0.132799309
TCGA-29-1701-01A-01R-1567-13_GRCh37-lite_rnaseq.bam,166211532,144167075,22044457,0.132628926
TCGA-29-1701-01A-01R-1567-13_rnaseq.bam,166211532,136122416,30089116,0.181029052
TCGA-29-1702-01A-01R-1567-13_GRCh37-lite_rnaseq.bam,294664242,259576812,35087430,0.119075969
TCGA-29-1702-01A-01R-1567-13_rnaseq.bam,294664242,249473119,45191123,0.153364802
TCGA-29-1703-01A-01R-1567-13_GRCh37-lite_rnaseq.bam,178137512,163434790,14702722,0.0825358
TCGA-29-1703-01A-01R-1567-13_rnaseq.bam,178137512,154984142,23153370,0.129974702
TCGA-29-1704-01B-01D-0926-12_Illumina.bam,586084608,503825954,82258654,0.140352865
TCGA-29-1704-02A-01D-0926-12_Illumina.bam,703638314,560550665,143087649,0.203353976
TCGA-29-1704-10A-01D-0926-12_Illumina.bam,626862204,558701313,68160891,0.108733451
TCGA-29-1705-01A-01D-0926-12_Illumina.bam,592537070,471508508,121028562,0.204254836
TCGA-29-1705-01A-01R-1567-13_GRCh37-lite_rnaseq.bam,203253166,182727705,20525461,0.100984705
TCGA-29-1705-01A-01R-1567-13_rnaseq.bam,203253166,172342097,30911069,0.152081611
TCGA-29-1705-02A-01D-0926-12_Illumina.bam,627183108,578947464,48235644,0.076908391
TCGA-29-1705-02A-01R-1567-13_GRCh37-lite_rnaseq.bam,357993788,294218929,63774859,0.178145155
TCGA-29-1705-02A-01R-1567-13_rnaseq.bam,357993788,189397514,168596274,0.470947485
TCGA-29-1705-10A-01D-0926-12_Illumina.bam,586807550,520087167,66720383,0.113700621
TCGA-29-1707-01A-01D-0926-12_Illumina.bam,741333078,573608810,167724268,0.226246842
TCGA-29-1707-02A-01D-0926-12_Illumina.bam,510451394,441911271,68540123,0.134273554
TCGA-29-1707-02A-01R-1567-13_GRCh37-lite_rnaseq.bam,221463174,188552248,32910926,0.148606766
TCGA-29-1707-02A-01R-1567-13_rnaseq.bam,221463174,175654478,45808696,0.206845658
TCGA-29-1707-10A-01D-0926-12_Illumina.bam,542851362,336962154,205889208,0.379273633
TCGA-29-1710-01A-02D-0926-12_Illumina.bam,1087435394,1037374584,50060810,0.046035664
TCGA-29-1710-01A-02R-1567-13_GRCh37-lite_rnaseq.bam,216075262,195564667,20510595,0.094923384
TCGA-29-1710-01A-02R-1567-13_rnaseq.bam,216075262,183572646,32502616,0.150422662
TCGA-29-1710-10A-01D-0926-12_Illumina.bam,1054962992,1002880063,52082929,0.049369437
TCGA-29-1711-01A-01R-1567-13_GRCh37-lite_rnaseq.bam,124562600,113028960,11533640,0.092593122
TCGA-29-1711-01A-01R-1567-13_rnaseq.bam,124562600,106784908,17777692,0.142720945
TCGA-29-1761-01A-01R-1567-13_GRCh37-lite_rnaseq.bam,213351308,193317339,20033969,0.093901318
TCGA-29-1761-01A-01R-1567-13_rnaseq.bam,213351308,181410409,31940899,0.14971035
TCGA-29-1762-01A-01R-1567-13_GRCh37-lite_rnaseq.bam,266046900,238904739,27142161,0.102020211
TCGA-29-1762-01A-01R-1567-13_rnaseq.bam,266046900,225625529,40421371,0.151933253
TCGA-29-1763-01A-02R-1567-13_GRCh37-lite_rnaseq.bam,256326312,231681557,24644755,0.096146021
TCGA-29-1763-01A-02R-1567-13_rnaseq.bam,256326312,219146433,37179879,0.145049015
TCGA-29-1766-01A-01R-1567-13_GRCh37-lite_rnaseq.bam,119840236,92082200,27758036,0.231625345
TCGA-29-1766-01A-01R-1567-13_rnaseq.bam,119840236,84801612,35038624,0.292377795
TCGA-29-1768-01A-01R-1567-13_GRCh37-lite_rnaseq.bam,140133080,125107602,15025478,0.10722292
TCGA-29-1768-01A-01R-1567-13_rnaseq.bam,140133080,107942149,32190931,0.229716859
TCGA-29-1769-01A-01R-1567-13_GRCh37-lite_rnaseq.bam,177103988,158546861,18557127,0.104780966
TCGA-29-1769-01A-01R-1567-13_rnaseq.bam,177103988,143063611,34040377,0.192205593
TCGA-29-1770-01A-01R-1567-13_GRCh37-lite_rnaseq.bam,207345978,188889024,18456954,0.08901525
TCGA-29-1770-01A-01R-1567-13_rnaseq.bam,207345978,181511569,25834409,0.12459566
TCGA-29-1770-02A-01R-1567-13_GRCh37-lite_rnaseq.bam,296543568,267570233,28973335,0.097703468
TCGA-29-1770-02A-01R-1567-13_rnaseq.bam,296543568,247171667,49371901,0.166491222
TCGA-29-1774-01A-01R-1567-13_GRCh37-lite_rnaseq.bam,183229270,166781301,16447969,0.089767148
TCGA-29-1774-01A-01R-1567-13_rnaseq.bam,183229270,115630566,67598704,0.368929615
TCGA-29-1776-01A-01R-1567-13_GRCh37-lite_rnaseq.bam,184020914,163074902,20946012,0.113824084
TCGA-29-1776-01A-01R-1567-13_rnaseq.bam,184020914,133722316,50298598,0.273330878
TCGA-29-1777-01A-01R-1567-13_GRCh37-lite_rnaseq.bam,149571542,128156448,21415094,0.14317626
TCGA-29-1777-01A-01R-1567-13_rnaseq.bam,149571542,104347146,45224396,0.302359629
TCGA-29-1778-01A-01R-1567-13_GRCh37-lite_rnaseq.bam,206887090,188065766,18821324,0.090973893
TCGA-29-1778-01A-01R-1567-13_rnaseq.bam,206887090,180457666,26429424,0.127748058
TCGA-29-1781-01A-01R-1567-13_GRCh37-lite_rnaseq.bam,195360252,172929419,22430833,0.114817793
TCGA-29-1781-01A-01R-1567-13_rnaseq.bam,195360252,161289899,34070353,0.174397569
TCGA-29-1783-01A-01R-1567-13_GRCh37-lite_rnaseq.bam,242702206,220047483,22654723,0.093343705
TCGA-29-1783-01A-01R-1567-13_rnaseq.bam,242702206,203428046,39274160,0.161820367
TCGA-29-1784-01A-02R-1567-13_GRCh37-lite_rnaseq.bam,240990284,186083199,54907085,0.227839414
TCGA-29-1784-01A-02R-1567-13_rnaseq.bam,240990284,172252054,68738230,0.285232371
TCGA-29-1785-01A-01R-1567-13_GRCh37-lite_rnaseq.bam,211369324,144070229,67299095,0.318395753
TCGA-29-1785-01A-01R-1567-13_rnaseq.bam,211369324,135973914,75395410,0.356699868
TCGA-29-2414-01A-02D-1168-10_Illumina.bam,410624803,370703721,39921082,0.097220338
TCGA-29-2414-01A-02R-1569-13_GRCh37-lite_rnaseq.bam,176257910,162063442,14194468,0.080532374
TCGA-29-2414-01A-02R-1569-13_rnaseq.bam,176257910,136707263,39550647,0.224390764
TCGA-29-2414-02A-01D-0926-12_Illumina.bam,545989556,464016649,81972907,0.150136401
TCGA-29-2414-02A-01R-1569-13_GRCh37-lite_rnaseq.bam,160871380,146390271,14481109,0.090016689
TCGA-29-2414-02A-01R-1569-13_rnaseq.bam,160871380,136585944,24285436,0.150961818
TCGA-29-2414-10A-01D-0926-12_Illumina.bam,635788294,493191925,142596369,0.224282785
TCGA-29-2425-01A-01R-1569-13_GRCh37-lite_rnaseq.bam,163783400,152131396,11652004,0.071142765
TCGA-29-2425-01A-01R-1569-13_rnaseq.bam,163783400,145531955,18251445,0.111436476
TCGA-29-2427-01A-01R-1569-13_GRCh37-lite_rnaseq.bam,135323380,123513042,11810338,0.087274926
TCGA-29-2427-01A-01R-1569-13_rnaseq.bam,135323380,94268325,41055055,0.303384788
TCGA-29-2428-01A-01R-1569-13_GRCh37-lite_rnaseq.bam,150819066,137327459,13491607,0.08945558
TCGA-29-2428-01A-01R-1569-13_rnaseq.bam,150819066,119310216,31508850,0.208918215
TCGA-29-A5NZ-01A-11R-A406-31_rnaseq.bam,252296602,213262858,39033744,0.154713713
TCGA-2H-A9GF-01A-11R-A37I-31_rnaseq.bam,208769828,168180395,40589433,0.194421931
TCGA-2H-A9GG-01A-11R-A37I-31_rnaseq.bam,236980908,197116404,39864504,0.168218209
TCGA-2H-A9GH-01A-11R-A37I-31_rnaseq.bam,180762512,152426817,28335695,0.156756479
TCGA-2H-A9GI-01A-11R-A37I-31_rnaseq.bam,240667344,189216198,51451146,0.213785324
TCGA-2H-A9GJ-01A-11R-A37I-31_rnaseq.bam,229945606,202574615,27370991,0.119032459
TCGA-2H-A9GK-01A-11R-A37I-31_rnaseq.bam,206731454,159847414,46884040,0.226787163
TCGA-2H-A9GL-01A-12R-A37I-31_rnaseq.bam,263728636,213288077,50440559,0.191259318
TCGA-2H-A9GM-01A-11R-A37I-31_rnaseq.bam,230967298,199987155,30980143,0.134132162
TCGA-2H-A9GN-01A-11R-A37I-31_rnaseq.bam,244879718,211671360,33208358,0.135610896
TCGA-2H-A9GO-01A-11R-A37I-31_rnaseq.bam,277730786,235287400,42443386,0.152822043
TCGA-2H-A9GQ-01A-11R-A37I-31_rnaseq.bam,177409564,149530841,27878723,0.157143292
TCGA-2H-A9GR-01A-12R-A37I-31_rnaseq.bam,252551842,191876111,60675731,0.240250598
TCGA-30-1714-01A-02R-1567-13_GRCh37-lite_rnaseq.bam,109545294,81658916,27886378,0.25456482
TCGA-30-1714-01A-02R-1567-13_rnaseq.bam,109545294,77896180,31649114,0.288913497
TCGA-30-1718-01A-01R-1567-13_GRCh37-lite_rnaseq.bam,203416500,184476188,18940312,0.093110991
TCGA-30-1718-01A-01R-1567-13_rnaseq.bam,203416500,172699081,30717419,0.151007509
TCGA-30-1853-01A-02R-1567-13_GRCh37-lite_rnaseq.bam,124839264,110191124,14648140,0.117336001
TCGA-30-1853-01A-02R-1567-13_rnaseq.bam,124839264,101441664,23397600,0.187421803
TCGA-30-1855-01A-01R-1567-13_GRCh37-lite_rnaseq.bam,287185562,252873381,34312181,0.119477389
TCGA-30-1855-01A-01R-1567-13_rnaseq.bam,287185562,237105933,50079629,0.174380734
TCGA-30-1857-01A-02R-1569-13_rnaseq.bam,186515734,168968666,17547068,0.094078219
TCGA-30-1860-01A-01R-1568-13_GRCh37-lite_rnaseq.bam,105280720,96843758,8436962,0.080137769
TCGA-30-1860-01A-01R-1568-13_rnaseq.bam,105280720,89165942,16114778,0.153064854
TCGA-30-1861-01A-01R-1568-13_GRCh37-lite_rnaseq.bam,178254502,153992801,24261701,0.136107087
TCGA-30-1861-01A-01R-1568-13_rnaseq.bam,178254502,144596341,33658161,0.188820819
TCGA-30-1862-01A-02R-1568-13_GRCh37-lite_rnaseq.bam,158464598,141518312,16946286,0.106940517
TCGA-30-1862-01A-02R-1568-13_rnaseq.bam,158464598,134243489,24221109,0.152848708
TCGA-30-1866-01A-02R-1568-13_GRCh37-lite_rnaseq.bam,114577388,104847139,9730249,0.084922943
TCGA-30-1866-01A-02R-1568-13_rnaseq.bam,114577388,94326985,20250403,0.17673996
TCGA-30-1891-01A-01R-1568-13_GRCh37-lite_rnaseq.bam,172077810,157854820,14222990,0.082654411
TCGA-30-1891-01A-01R-1568-13_rnaseq.bam,172077810,137491886,34585924,0.200990029
TCGA-30-1892-01A-01R-1568-13_GRCh37-lite_rnaseq.bam,112383656,102683423,9700233,0.086313556
TCGA-30-1892-01A-01R-1568-13_rnaseq.bam,112383656,90859181,21524475,0.191526738
TCGA-31-1944-01A-01R-1568-13_GRCh37-lite_rnaseq.bam,142143962,130820556,11323406,0.079661534
TCGA-31-1944-01A-01R-1568-13_rnaseq.bam,142143962,122563511,19580451,0.137750846
TCGA-31-1946-01A-01R-1568-13_GRCh37-lite_rnaseq.bam,173231526,159541213,13690313,0.079028993
TCGA-31-1946-01A-01R-1568-13_rnaseq.bam,173231526,150748149,22483377,0.129788021
TCGA-31-1950-01A-01R-1568-13_GRCh37-lite_rnaseq.bam,204585332,186067639,18517693,0.090513297
TCGA-31-1950-01A-01R-1568-13_rnaseq.bam,204585332,174561485,30023847,0.146754641
TCGA-31-1951-01A-01R-1568-13_GRCh37-lite_rnaseq.bam,192968136,172521149,20446987,0.105960432
TCGA-31-1951-01A-01R-1568-13_rnaseq.bam,192968136,164075908,28892228,0.149725383
TCGA-31-1953-01A-01R-1568-13_GRCh37-lite_rnaseq.bam,204138216,185812380,18325836,0.089771706
TCGA-31-1953-01A-01R-1568-13_rnaseq.bam,204138216,174451916,29686300,0.14542255
TCGA-31-1956-01A-01R-1568-13_GRCh37-lite_rnaseq.bam,135673578,121336161,14337417,0.105675823
TCGA-31-1956-01A-01R-1568-13_rnaseq.bam,135673578,115798321,19875257,0.146493203
TCGA-31-1959-01A-01R-1568-13_GRCh37-lite_rnaseq.bam,134870744,122022509,12848235,0.095263321
TCGA-31-1959-01A-01R-1568-13_rnaseq.bam,134870744,115339163,19531581,0.144817033
TCGA-35-4122-01A-01D-1103_110804_SN208_0217_BC03EKABXX_s_3_rg.sorted.bam,121137312,106235492,14901820,0.123015937
TCGA-35-4122-10A-01D-1103_110729_SN208_0215_BD0CLPABXX_s_4_rg.sorted.bam,128179302,113918363,14260939,0.111257736
TCGA-35-4123-01A-01D-1103_110913_SN208_0238_BC008YACXX_s_6_rg.sorted.bam,89042558,84488932,4553626,0.051139883
TCGA-35-4123-10A-01D-1103_110804_SN208_0217_BC03EKABXX_s_4_rg.sorted.bam,286920890,255274853,31646037,0.11029534
TCGA-36-1568-01A-01R-1566-13_GRCh37-lite_rnaseq.bam,192795258,171817882,20977376,0.108806494
TCGA-36-1568-01A-01R-1566-13_rnaseq.bam,192795258,165416604,27378654,0.14200896
TCGA-36-1569-01A-01R-1566-13_GRCh37-lite_rnaseq.bam,258817320,234525663,24291657,0.093856381
TCGA-36-1569-01A-01R-1566-13_rnaseq.bam,258817320,219236938,39580382,0.152927872
TCGA-36-1570-01A-01D-A324-10_wgs_Illumina.bam,1736494460,1608280495,128213965,0.07383494
TCGA-36-1570-01A-01R-1566-13_GRCh37-lite_rnaseq.bam,239513368,211911707,27601661,0.115240586
TCGA-36-1570-01A-01R-1566-13_rnaseq.bam,239513368,203523722,35989646,0.150261534
TCGA-36-1570-10A-01D-A324-10_wgs_Illumina.bam,891317784,847719320,43598464,0.048914612
TCGA-36-1571-01A-01D-A324-10_wgs_Illumina.bam,1810870662,1703779256,107091406,0.059138076
TCGA-36-1571-01A-01R-1566-13_GRCh37-lite_rnaseq.bam,232635616,209938611,22697005,0.097564618
TCGA-36-1571-01A-01R-1566-13_rnaseq.bam,232635616,202166871,30468745,0.13097197
TCGA-36-1571-10A-01D-A324-10_wgs_Illumina.bam,895103302,843971774,51131528,0.057123606
TCGA-36-1574-01A-01D-A324-10_wgs_Illumina.bam,1597129608,1528561911,68567697,0.04293183
TCGA-36-1574-01A-01R-1566-13_GRCh37-lite_rnaseq.bam,189949576,169051152,20898424,0.110020904
TCGA-36-1574-01A-01R-1566-13_rnaseq.bam,189949576,161424596,28524980,0.150171328
TCGA-36-1574-10A-01D-A324-10_wgs_Illumina.bam,826450360,793421000,33029360,0.039965328
TCGA-36-1575-01A-01R-1566-13_GRCh37-lite_rnaseq.bam,331011340,292855892,38155448,0.115269308
TCGA-36-1575-01A-01R-1566-13_rnaseq.bam,331011340,279635355,51375985,0.155209139
TCGA-36-1576-01A-01R-1566-13_GRCh37-lite_rnaseq.bam,163216682,149148308,14068374,0.086194461
TCGA-36-1576-01A-01R-1566-13_rnaseq.bam,163216682,143224297,19992385,0.122489838
TCGA-36-1577-01A-01R-1566-13_GRCh37-lite_rnaseq.bam,227807052,210356693,17450359,0.076601487
TCGA-36-1577-01A-01R-1566-13_rnaseq.bam,227807052,198584555,29222497,0.128277403
TCGA-36-1578-01A-01R-1566-13_GRCh37-lite_rnaseq.bam,281830920,244641790,37189130,0.131955465
TCGA-36-1578-01A-01R-1566-13_rnaseq.bam,281830920,233249590,48581330,0.172377573
TCGA-36-1580-01A-01R-1566-13_GRCh37-lite_rnaseq.bam,222786236,197405666,25380570,0.11392342
TCGA-36-1580-01A-01R-1566-13_rnaseq.bam,222786236,179707578,43078658,0.193363193
TCGA-36-1581-01A-01R-1566-13_GRCh37-lite_rnaseq.bam,228045398,205205816,22839582,0.100153663
TCGA-36-1581-01A-01R-1566-13_rnaseq.bam,228045398,193109115,34936283,0.153198807
TCGA-38-4628-01A-01D-1203_110804_SN208_0217_BC03EKABXX_s_8_rg.sorted.bam,331835052,275255272,56579780,0.170505737
TCGA-38-4628-11A-01D-1203_120305_SN1120_0119_BD0REAACXX_s_7_rg.sorted.bam,359449900,15040389,344409511,0.958157204
TCGA-38-4629-01A-02D-1203_120305_SN1120_0119_BD0REAACXX_s_8_rg.sorted.bam,523524530,393249281,130275249,0.248842684
TCGA-38-4629-11A-01D-1203_110712_SN590_0096_A80WMCABXX_s_4_rg.sorted.bam,368607384,290480549,78126835,0.211951356
TCGA-38-4631-01A-01D-1751_120305_SN1120_0118_AD0L4HACXX_s_5_rg.sorted.bam,452457908,406438615,46019293,0.101709556
TCGA-38-4631-11A-01D-1751_120305_SN1120_0118_AD0L4HACXX_s_6_rg.sorted.bam,562891532,509458871,53432661,0.094925324
TCGA-38-4632-01A-01D-1751_120305_SN1120_0118_AD0L4HACXX_s_7_rg.sorted.bam,551869370,486577545,65291825,0.11831029
TCGA-38-4632-11A-01D-1751_120305_SN1120_0118_AD0L4HACXX_s_8_rg.sorted.bam,655011452,585437667,69573785,0.106217662
TCGA-38-6178-01A-11D-1751_120301_SN208_0270_AD0KLRACXX_s_3_rg.sorted.bam,480392388,434408082,45984306,0.095722387
TCGA-38-6178-10A-01D-1751_110921_SN590_0105_AB01DLACXX_s_2_rg.sorted.bam,468466142,446423946,22042196,0.047051844
TCGA-3M-AB46-01A-11R-A414-31_rnaseq.bam,254815306,184907922,69907384,0.27434531
TCGA-3M-AB47-01A-22R-A414-31_rnaseq.bam,261189668,180645232,80544436,0.308375276
TCGA-3P-A9WA-01A-11R-A406-31_rnaseq.bam,287409544,247263956,40145588,0.139680776
TCGA-44-2661-01A-01D-1103_110913_SN208_0238_BC008YACXX_s_7_rg.sorted.bam,63891644,60626571,3265073,0.051103287
TCGA-44-2661-10A-01D-1103_110804_SN208_0217_BC03EKABXX_s_6_rg.sorted.bam,286150060,258685761,27464299,0.095978659
TCGA-44-3396-01A-01D-1203_110804_SN208_0216_AD0CLLABXX_s_7_rg.sorted.bam,319907850,263673474,56234376,0.175783045
TCGA-44-3396-10A-01D-1203_110729_SN208_0215_BD0CLPABXX_s_5_rg.sorted.bam,243348376,229450807,13897569,0.057109767
TCGA-44-3918-01A-01D-1103_110729_SN208_0215_BD0CLPABXX_s_6_rg.sorted.bam,282516308,262365750,20150558,0.071325291
TCGA-44-3918-11A-01D-1103_110712_SN590_0096_A80WMCABXX_s_8_rg.sorted.bam,164781948,155116769,9665179,0.058654356
TCGA-44-3919-01A-02D-1103_110804_SN208_0217_BC03EKABXX_s_7_rg.sorted.bam,142411594,123288229,19123365,0.13428236
TCGA-44-3919-11A-01D-1103_110707_SN590_0095_BD0D4KABXX_s_6_rg.sorted.bam,251162622,235981576,15181046,0.060443094
TCGA-44-4112-01A-01D-1103_120318_SN1120_0124_AC0HNPACXX_s_1_rg.sorted.bam,369385354,310770882,58614472,0.158681094
TCGA-44-4112-11A-01D-1103_120318_SN1120_0124_AC0HNPACXX_s_2_rg.sorted.bam,316093114,264693402,51399712,0.162609401
TCGA-44-5643-01A-01D-1623_120228_SN1120_0116_AD0KRVACXX_s_7_rg.sorted.bam,466775866,411926970,54848896,0.117505852
TCGA-44-5643-10A-01D-1623_120228_SN1120_0116_AD0KRVACXX_s_5_rg.sorted.bam,502848286,447232247,55616039,0.110602026
TCGA-44-5643-11A-01D-1623_110804_SN208_0216_AD0CLLABXX_s_4_rg.sorted.bam,253404412,210285392,43119020,0.170158916
TCGA-44-5645-01A-01D-1623_110804_SN208_0216_AD0CLLABXX_s_5_rg.sorted.bam,77731930,36265556,41466374,0.53345355
TCGA-44-5645-10A-01D-1623_110804_SN208_0216_AD0CLLABXX_s_6_rg.sorted.bam,74707210,63420354,11286856,0.151081214
TCGA-44-5645-11A-01D-1623_110804_SN208_0216_AD0CLLABXX_s_8_rg.sorted.bam,334495744,261846373,72649371,0.217190719
TCGA-44-6144-01A-11D-1751_110921_SN590_0105_AB01DLACXX_s_3_rg.sorted.bam,445090980,426144805,18946175,0.042566971
TCGA-44-6144-10A-01D-1751_110921_SN590_0105_AB01DLACXX_s_4_rg.sorted.bam,386200448,369902258,16298190,0.042201375
TCGA-44-6145-01A-11D-1751_110921_SN590_0105_AB01DLACXX_s_5_rg.sorted.bam,404769572,360938075,43831497,0.10828753
TCGA-44-6145-10A-01D-1751_110927_SN208_0243_BC00TKACXX_s_1_rg.sorted.bam,327013224,314750166,12263058,0.03750019
TCGA-44-6145-11A-01D-1751_110927_SN208_0243_BC00TKACXX_s_2_rg.sorted.bam,334765202,320519145,14246057,0.04255537
TCGA-44-6146-01A-11D-1751_110927_SN208_0243_BC00TKACXX_s_3_rg.sorted.bam,325575574,311370903,14204671,0.043629412
TCGA-44-6146-10A-01D-1751_110927_SN208_0243_BC00TKACXX_s_4_rg.sorted.bam,323520028,310245214,13274814,0.041032433
TCGA-44-6146-11A-01D-1751_110927_SN208_0243_BC00TKACXX_s_5_rg.sorted.bam,318499734,304327531,14172203,0.04449675
TCGA-44-6147-01A-11D-1751_111207_SN590_0112_D09CDACXX_s_1_rg.sorted.bam,322099100,306033928,16065172,0.049876488
TCGA-44-6147-11A-01D-1751_111207_SN590_0112_D09CDACXX_s_2_rg.sorted.bam,298562342,286392942,12169400,0.040759996
TCGA-44-6148-01A-11D-1751_110927_SN208_0243_BC00TKACXX_s_6_rg.sorted.bam,361560948,344187294,17373654,0.048051799
TCGA-44-6148-10A-01D-1751_110927_SN208_0243_BC00TKACXX_s_7_rg.sorted.bam,339784450,326368041,13416409,0.039485059
TCGA-44-6148-11A-01D-1751_110927_SN208_0243_BC00TKACXX_s_8_rg.sorted.bam,305360160,292252422,13107738,0.042925501
TCGA-44-6774-01A-21D-1853_111204_SN208_0256_C0562ACXX_s_7_rg.sorted.bam,360261086,199516331,160744755,0.446189614
TCGA-44-6774-11A-01D-1853_111204_SN208_0256_C0562ACXX_s_8_rg.sorted.bam,407037792,387422898,19614894,0.048189368
TCGA-44-6775-01A-11D-1853_111207_SN590_0112_D09CDACXX_s_4_rg.sorted.bam,423712096,399937547,23774549,0.056110149
TCGA-44-6775-10A-01D-1853_111207_SN590_0112_D09CDACXX_s_5_rg.sorted.bam,379376594,359352880,20023714,0.052780573
TCGA-44-6775-11A-01D-1853_111207_SN590_0112_D09CDACXX_s_6_rg.sorted.bam,395416768,375040922,20375846,0.05153005
TCGA-44-6776-01A-11D-1853_111207_SN590_0112_D09CDACXX_s_7_rg.sorted.bam,403532690,384860637,18672053,0.046271476
TCGA-44-6776-10A-01D-1853_111207_SN590_0112_D09CDACXX_s_8_rg.sorted.bam,407379602,391095316,16284286,0.039973248
TCGA-44-6776-11A-01D-1853_120123_SN590_0134_AC0DJKACXX_s_1_rg.sorted.bam,342902515,325895562,17006953,0.049597049
TCGA-44-6777-01A-11D-1853_120123_SN590_0134_AC0DJKACXX_s_2_rg.sorted.bam,465677355,423395063,42282292,0.090797398
TCGA-44-6777-11A-01D-1853_120123_SN590_0134_AC0DJKACXX_s_3_rg.sorted.bam,449500878,420922628,28578250,0.06357774
TCGA-44-6778-01A-11D-1853_120312_SN1120_0120_AD0PYGACXX_s_5_rg.sorted.bam,328124812,304588155,23536657,0.071730805
TCGA-44-6778-10A-01D-1853_120312_SN1120_0120_AD0PYGACXX_s_6_rg.sorted.bam,465252172,392119896,73132276,0.157188468
TCGA-44-6778-11A-01D-1853_120312_SN1120_0120_AD0PYGACXX_s_7_rg.sorted.bam,422978682,400960719,22017963,0.052054545
TCGA-44-6779-01A-11D-1853_120312_SN1120_0120_AD0PYGACXX_s_8_rg.sorted.bam,364813672,344361545,20452127,0.056061844
TCGA-44-6779-10A-01D-1853_120312_SN1120_0121_BD0RHPACXX_s_1_rg.sorted.bam,474465692,404120829,70344863,0.148261221
TCGA-44-6779-11A-01D-1853_120312_SN1120_0121_BD0RHPACXX_s_2_rg.sorted.bam,433560936,408721740,24839196,0.05729113
TCGA-49-4486-01A-01D-1203-02_IlluminaHiSeq-DNASeq_whole.bam,181824756,169843881,11980875,0.06589243
TCGA-49-4486-11A-01D-1203-02_IlluminaHiSeq-DNASeq_whole.bam,172409794,164284703,8125091,0.047126621
TCGA-49-4488-01A-01D-1751_120309_SN208_0274_AD0R6DACXX_s_1_rg.sorted.bam,400978008,354007264,46970744,0.117140449
TCGA-49-4488-11A-01D-1751_120309_SN208_0274_AD0R6DACXX_s_2_rg.sorted.bam,318722600,296906051,21816549,0.068449959
TCGA-49-4494-01A-01D-1203-02_IlluminaHiSeq-DNASeq_whole.bam,170435598,160095278,10340320,0.060669955
TCGA-49-4494-11A-01D-1203-02_IlluminaHiSeq-DNASeq_whole.bam,154663894,146746802,7917092,0.051189012
TCGA-49-4501-01A-01D-1203-02_IlluminaHiSeq-DNASeq_whole.bam,153289240,141835623,11453617,0.074718989
TCGA-49-4501-11A-01D-1203-02_IlluminaHiSeq-DNASeq_whole.bam,197467066,187667785,9799281,0.049624888
TCGA-49-4505-01A-01D-1203-02_IlluminaHiSeq-DNASeq_whole.bam,161607508,153675785,7931723,0.049080164
TCGA-49-4505-11A-01D-1203-02_IlluminaHiSeq-DNASeq_whole.bam,197614832,189258061,8356771,0.042288177
TCGA-49-4506-01A-01D-1203_110729_SN208_0215_BD0CLPABXX_s_7_rg.sorted.bam,284830290,260072409,24757881,0.086921517
TCGA-49-4506-11A-01D-1203_110729_SN208_0215_BD0CLPABXX_s_8_rg.sorted.bam,275351628,259158980,16192648,0.058807163
TCGA-49-4507-01A-01D-1203-02_IlluminaHiSeq-DNASeq_whole.bam,295629874,272492798,23137076,0.07826366
TCGA-49-4507-11A-01D-1203-02_IlluminaHiSeq-DNASeq_whole.bam,283019840,261113040,21906800,0.077403761
TCGA-49-4510-01A-01D-1203-02_IlluminaHiSeq-DNASeq_whole.bam,276534514,258573756,17960758,0.064949426
TCGA-49-4510-11A-01D-1203-02_IlluminaHiSeq-DNASeq_whole.bam,280393886,263155146,17238740,0.061480442
TCGA-49-4512-01A-21D-1853_120123_SN590_0134_AC0DJKACXX_s_6_rg.sorted.bam,413984934,389364700,24620234,0.059471328
TCGA-49-4512-11A-01D-1853_120123_SN590_0134_AC0DJKACXX_s_7_rg.sorted.bam,469174472,434736333,34438139,0.073401562
TCGA-49-6742-01A-11D-1853_111218_SN208_0258_C054RACXX_s_1_rg.sorted.bam,429434206,406660622,22773584,0.053031602
TCGA-49-6742-11A-01D-1853_111218_SN208_0258_C054RACXX_s_2_rg.sorted.bam,383347804,365764869,17582935,0.045866795
TCGA-49-6743-01A-11D-1853_111218_SN208_0258_C054RACXX_s_3_rg.sorted.bam,410216974,391835580,18381394,0.044808955
TCGA-49-6743-11A-01D-1853_111218_SN208_0258_C054RACXX_s_4_rg.sorted.bam,338368218,325331789,13036429,0.038527345
TCGA-49-6744-01A-11D-1853_111218_SN208_0258_C054RACXX_s_5_rg.sorted.bam,303086672,290980504,12106168,0.039942924
TCGA-49-6744-11A-01D-1853_111218_SN208_0258_C054RACXX_s_6_rg.sorted.bam,284308916,274684256,9624660,0.033852825
TCGA-49-6745-01A-11D-1853_111218_SN208_0258_C054RACXX_s_7_rg.sorted.bam,332689136,319460241,13228895,0.039763532
TCGA-49-6745-11A-01D-1853_111218_SN208_0258_C054RACXX_s_8_rg.sorted.bam,319004388,293596129,25408259,0.079648619
TCGA-49-6767-01A-11D-1853_120205_SN590_0136_BD0LRYACXX_s_7_rg.sorted.bam,244435850,237162817,7273033,0.029754363
TCGA-49-6767-11A-01D-1853_120205_SN590_0136_BD0LRYACXX_s_8_rg.sorted.bam,190873564,184617556,6256008,0.032775665
TCGA-50-5045-01A-01D-1623_120205_SN590_0136_BD0LRYACXX_s_1_rg.sorted.bam,343714406,328357304,15357102,0.044679832
TCGA-50-5045-10A-01D-1623_120205_SN590_0136_BD0LRYACXX_s_2_rg.sorted.bam,183272324,177188751,6083573,0.033194172
TCGA-50-5049-01A-01D-1623_120205_SN590_0136_BD0LRYACXX_s_3_rg.sorted.bam,428309934,404302914,24007020,0.056050579
TCGA-50-5049-10A-01D-1623_120205_SN590_0136_BD0LRYACXX_s_4_rg.sorted.bam,435297754,405709088,29588666,0.067973395
TCGA-50-5051-01A-21D-1853_120322_SN208_0277_AD0PL1ACXX_s_7_rg.sorted.bam,307507768,287420485,20087283,0.065322847
TCGA-50-5051-10A-01D-1853_120322_SN208_0277_AD0PL1ACXX_s_8_rg.sorted.bam,229121520,216800837,12320683,0.053773574
TCGA-50-5055-01A-01D-1623_120205_SN590_0136_BD0LRYACXX_s_5_rg.sorted.bam,399371496,348505453,50866043,0.127365231
TCGA-50-5055-10A-01D-1623_120205_SN590_0136_BD0LRYACXX_s_6_rg.sorted.bam,352598094,298767649,53830445,0.152667998
TCGA-50-5930-01A-11D-1751_111007_SN590_0110_C003AACXX_s_1_rg.sorted.bam,379574362,362053226,17521136,0.046159956
TCGA-50-5930-11A-01D-1751_111007_SN590_0110_C003AACXX_s_2_rg.sorted.bam,417066080,396296484,20769596,0.049799293
TCGA-50-5931-01A-11D-1751_110928_SN590_0108_BB01CWACXX_s_2_rg.sorted.bam,519964858,485775980,34188878,0.065752286
TCGA-50-5931-11A-01D-1751_110928_SN590_0108_BB01CWACXX_s_3_rg.sorted.bam,344140098,330797764,13342334,0.038770065
TCGA-50-5932-01A-11D-1751_111007_SN590_0110_C003AACXX_s_6_rg.sorted.bam,447749278,426071431,21677847,0.048415147
TCGA-50-5932-11A-01D-1751_110928_SN590_0108_BB01CWACXX_s_5_rg.sorted.bam,316816298,304918172,11898126,0.037555284
TCGA-50-5933-01A-11D-1751_110928_SN590_0108_BB01CWACXX_s_6_rg.sorted.bam,345852938,333029552,12823386,0.037077569
TCGA-50-5933-11A-01D-1751_110928_SN590_0108_BB01CWACXX_s_7_rg.sorted.bam,380637118,364239618,16397500,0.043079088
TCGA-50-5935-01A-11D-1751_110928_SN590_0108_BB01CWACXX_s_8_rg.sorted.bam,358509802,345190679,13319123,0.03715135
TCGA-50-5935-11A-01D-1751_110928_SN590_0108_BB01CWACXX_s_1_rg.sorted.bam,339201772,326326932,12874840,0.037956288
TCGA-50-5939-01A-11D-1623_120302_SN208_0271_BC0D91ACXX_s_3_rg.sorted.bam,484214100,451961353,32252747,0.066608442
TCGA-50-5939-11A-01D-1623_120302_SN208_0271_BC0D91ACXX_s_4_rg.sorted.bam,546106034,495914949,50191085,0.091907216
TCGA-50-5941-01A-11D-1751_111007_SN590_0110_C003AACXX_s_3_rg.sorted.bam,400915222,383255682,17659540,0.044048066
TCGA-50-5941-10A-01D-1751_111007_SN590_0110_C003AACXX_s_4_rg.sorted.bam,405186154,386997420,18188734,0.044889821
TCGA-50-5942-01A-21D-1751_111007_SN590_0110_C003AACXX_s_5_rg.sorted.bam,410876796,391272445,19604351,0.047713454
TCGA-50-5944-01A-11D-1751_111221_SN1120_0106_BD0M7HACXX_s_1_rg.sorted.bam,183500788,178601010,4899778,0.026701673
TCGA-50-5944-10A-01D-1751_111221_SN1120_0106_BD0M7HACXX_s_2_rg.sorted.bam,302157344,293914512,8242832,0.027279933
TCGA-50-5946-01A-11D-1751_111111_SN208_0254_B0160ACXX_s_3_rg.sorted.bam,289099508,275444352,13655156,0.047233411
TCGA-50-5946-10A-01D-1751_111111_SN208_0254_B0160ACXX_s_4_rg.sorted.bam,293305036,283530208,9774828,0.033326492
TCGA-50-6591-01A-11D-1751_111111_SN208_0254_B0160ACXX_s_5_rg.sorted.bam,244468672,237776148,6692524,0.027375794
TCGA-50-6591-11A-01D-1751_111111_SN208_0254_B0160ACXX_s_6_rg.sorted.bam,287498678,277876916,9621762,0.033467152
TCGA-50-6592-01A-11D-1751_111111_SN208_0254_B0160ACXX_s_7_rg.sorted.bam,305705528,296269793,9435735,0.030865438
TCGA-50-6592-11A-01D-1751_111111_SN208_0254_B0160ACXX_s_8_rg.sorted.bam,300281624,290642699,9638925,0.032099617
TCGA-50-6593-01A-11D-1751_120105_SN1120_0107_AC054PACXX_s_3_rg.sorted.bam,370147328,237016851,133130477,0.359668886
TCGA-50-6593-11A-01D-1751_120105_SN1120_0107_AC054PACXX_s_4_rg.sorted.bam,362214372,349799192,12415180,0.03427578
TCGA-50-6594-01A-11D-1751_120105_SN1120_0107_AC054PACXX_s_1_rg.sorted.bam,290958396,282533829,8424567,0.028954542
TCGA-50-6594-11A-01D-1751_120105_SN1120_0107_AC054PACXX_s_2_rg.sorted.bam,408271070,392956028,15315042,0.037511945
TCGA-50-6597-01A-11D-1853_120312_SN1120_0121_BD0RHPACXX_s_3_rg.sorted.bam,418806298,396721380,22084918,0.052733013
TCGA-50-6597-10A-01D-1853_120312_SN1120_0121_BD0RHPACXX_s_4_rg.sorted.bam,478937686,429695355,49242331,0.102815737
TCGA-55-6543-01A-11D-1751_111115_SN590_0111_D09ATACXX_s_8.rg.sorted.bam,322978208,308031381,14946827,0.046278128
TCGA-55-6543-10A-01D-1751_120228_SN1120_0117_BC0DKWACXX_s_8_rg.sorted.bam,583116256,513709957,69406299,0.119026521
TCGA-55-6642-01A-11D-1853_120310_SN590_0144_AD0PNFACXX_s_1_rg.sorted.bam,563926160,408052932,155873228,0.276407159
TCGA-55-6642-11A-01D-1853_120310_SN590_0144_AD0PNFACXX_s_2_rg.sorted.bam,463344348,431104732,32239616,0.069580251
TCGA-55-6712-01A-11D-1853_120312_SN1120_0121_BD0RHPACXX_s_5_rg.sorted.bam,426471550,396605579,29865971,0.070030395
TCGA-55-6712-10A-01D-1853_120312_SN1120_0121_BD0RHPACXX_s_6_rg.sorted.bam,403443522,350062194,53381328,0.132314252
TCGA-57-1582-01A-01R-1566-13_GRCh37-lite_rnaseq.bam,168591108,150655719,17935389,0.106383956
TCGA-57-1582-01A-01R-1566-13_rnaseq.bam,168591108,144476922,24114186,0.143033558
TCGA-57-1583-01A-01R-1566-13_GRCh37-lite_rnaseq.bam,212714476,186758149,25956327,0.122024262
TCGA-57-1583-01A-01R-1566-13_rnaseq.bam,212714476,179986660,32727816,0.153857963
TCGA-57-1584-01A-01R-1566-13_GRCh37-lite_rnaseq.bam,167995098,145687245,22307853,0.132788714
TCGA-57-1584-01A-01R-1566-13_rnaseq.bam,167995098,139239756,28755342,0.171167744
TCGA-57-1585-01A-01R-1566-13_GRCh37-lite_rnaseq.bam,263203826,238043494,25160332,0.095592577
TCGA-57-1585-01A-01R-1566-13_rnaseq.bam,263203826,225812448,37391378,0.142062441
TCGA-57-1586-01A-02R-1567-13_GRCh37-lite_rnaseq.bam,163038684,150769395,12269289,0.075253852
TCGA-57-1586-01A-02R-1567-13_rnaseq.bam,163038684,144367318,18671366,0.114521079
TCGA-57-1993-01A-01R-1568-13_GRCh37-lite_rnaseq.bam,145266144,133944357,11321787,0.077938236
TCGA-57-1993-01A-01R-1568-13_rnaseq.bam,145266144,127324403,17941741,0.123509446
TCGA-57-1994-01A-01R-1568-13_GRCh37-lite_rnaseq.bam,183285166,159603775,23681391,0.12920517
TCGA-57-1994-01A-01R-1568-13_rnaseq.bam,183285166,151120940,32164226,0.175487339
TCGA-59-2348-01A-01R-1569-13_GRCh37-lite_rnaseq.bam,216634912,195633382,21001530,0.096944347
TCGA-59-2348-01A-01R-1569-13_rnaseq.bam,216634912,185704634,30930278,0.142776054
TCGA-59-2350-01A-01R-1569-13_GRCh37-lite_rnaseq.bam,169764154,157238357,12525797,0.073783521
TCGA-59-2350-01A-01R-1569-13_rnaseq.bam,169764154,150555068,19209086,0.113151602
TCGA-59-2351-01A-01R-1569-13_GRCh37-lite_rnaseq.bam,168668174,152275998,16392176,0.097185946
TCGA-59-2351-01A-01R-1569-13_rnaseq.bam,168668174,143709960,24958214,0.147972278
TCGA-59-2352-01A-01R-1569-13_GRCh37-lite_rnaseq.bam,138566042,126744867,11821175,0.085310765
TCGA-59-2352-01A-01R-1569-13_rnaseq.bam,138566042,121652065,16913977,0.122064373
TCGA-59-2354-01A-01R-1569-13_GRCh37-lite_rnaseq.bam,278021524,249564301,28457223,0.102356187
TCGA-59-2354-01A-01R-1569-13_rnaseq.bam,278021524,240306805,37714719,0.135653954
TCGA-59-2355-01A-01R-1569-13_GRCh37-lite_rnaseq.bam,182344982,166692301,15652681,0.08584103
TCGA-59-2355-01A-01R-1569-13_rnaseq.bam,182344982,158733279,23611703,0.129489184
TCGA-59-2363-01A-01R-1569-13_GRCh37-lite_rnaseq.bam,159295526,145857674,13437852,0.084358
TCGA-59-2363-01A-01R-1569-13_rnaseq.bam,159295526,140156419,19139107,0.120148428
TCGA-59-A5PD-01A-11R-A406-31_rnaseq.bam,229485284,187796813,41688471,0.18166076
TCGA-5X-AA5U-01A-11R-A406-31_rnaseq.bam,259265818,209289437,49976381,0.192761165
TCGA-61-1721-01A-01R-1569-13_GRCh37-lite_rnaseq.bam,129094540,118226061,10868479,0.084190075
TCGA-61-1721-01A-01R-1569-13_rnaseq.bam,129094540,110943635,18150905,0.140601647
TCGA-61-1724-01A-01R-1568-13_GRCh37-lite_rnaseq.bam,196902110,178565970,18336140,0.093123126
TCGA-61-1724-01A-01R-1568-13_rnaseq.bam,196902110,170188923,26713187,0.135667348
TCGA-61-1725-01A-01R-1567-13_GRCh37-lite_rnaseq.bam,121505118,109910878,11594240,0.095421824
TCGA-61-1725-01A-01R-1567-13_rnaseq.bam,121505118,104726132,16778986,0.138092833
TCGA-61-1728-01A-01R-1568-13_GRCh37-lite_rnaseq.bam,262674986,238245360,24429626,0.093003245
TCGA-61-1728-01A-01R-1568-13_rnaseq.bam,262674986,225829009,36845977,0.140272119
TCGA-61-1733-01A-01R-1567-13_GRCh37-lite_rnaseq.bam,197064604,125712419,71352185,0.362075094
TCGA-61-1733-01A-01R-1567-13_rnaseq.bam,197064604,119543721,77520883,0.393378016
TCGA-61-1736-01B-01R-1568-13_GRCh37-lite_rnaseq.bam,193292806,168549351,24743455,0.128010222
TCGA-61-1736-01B-01R-1568-13_rnaseq.bam,193292806,156575303,36717503,0.189957939
TCGA-61-1737-01A-01R-1567-13_GRCh37-lite_rnaseq.bam,221595674,202053615,19542059,0.088187908
TCGA-61-1737-01A-01R-1567-13_rnaseq.bam,221595674,193868037,27727637,0.125127158
TCGA-61-1738-01A-01R-1567-13_GRCh37-lite_rnaseq.bam,155494220,134847537,20646683,0.132781032
TCGA-61-1738-01A-01R-1567-13_rnaseq.bam,155494220,126317118,29177102,0.187641071
TCGA-61-1740-01A-01R-1567-13_GRCh37-lite_rnaseq.bam,267257936,236521496,30736440,0.11500665
TCGA-61-1740-01A-01R-1567-13_rnaseq.bam,267257936,227791698,39466238,0.147670968
TCGA-61-1741-01A-02R-1567-13_GRCh37-lite_rnaseq.bam,162620028,146947597,15672431,0.096374544
TCGA-61-1741-01A-02R-1567-13_rnaseq.bam,162620028,141180951,21439077,0.131835403
TCGA-61-1743-01A-01R-1568-13_GRCh37-lite_rnaseq.bam,304844078,275311139,29532939,0.096878835
TCGA-61-1743-01A-01R-1568-13_rnaseq.bam,304844078,261441678,43402400,0.142375736
TCGA-61-1900-01A-01R-1567-13_GRCh37-lite_rnaseq.bam,225783318,199693554,26089764,0.115552222
TCGA-61-1900-01A-01R-1567-13_rnaseq.bam,225783318,188530389,37252929,0.16499416
TCGA-61-1907-01A-01R-1567-13_GRCh37-lite_rnaseq.bam,133570930,122525221,11045709,0.082695456
TCGA-61-1907-01A-01R-1567-13_rnaseq.bam,133570930,114821694,18749236,0.140369136
TCGA-61-1910-01A-01R-1567-13_GRCh37-lite_rnaseq.bam,80761816,75202392,5559424,0.068837283
TCGA-61-1910-01A-01R-1567-13_rnaseq.bam,80761816,70828578,9933238,0.122994238
TCGA-61-1911-01A-01R-1567-13_GRCh37-lite_rnaseq.bam,67893982,52588772,15305210,0.22542808
TCGA-61-1911-01A-01R-1567-13_rnaseq.bam,67893982,50356270,17537712,0.258310258
TCGA-61-1914-01A-01R-1567-13_GRCh37-lite_rnaseq.bam,174339000,158956629,15382371,0.08823253
TCGA-61-1914-01A-01R-1567-13_rnaseq.bam,174339000,149852780,24486220,0.140451764
TCGA-61-1916-01A-01D-0926-12_Illumina.bam,596182480,478027857,118154623,0.198185332
TCGA-61-1916-02A-01D-0926-12_Illumina.bam,628799616,585374341,43425275,0.069060594
TCGA-61-1916-11A-01D-0926-12_Illumina.bam,534391820,432443564,101948256,0.190774357
TCGA-61-1917-01A-01R-1568-13_GRCh37-lite_rnaseq.bam,174977976,159985623,14992353,0.085681372
TCGA-61-1917-01A-01R-1568-13_rnaseq.bam,174977976,152596838,22381138,0.127908315
TCGA-61-1918-01A-01R-1568-13_GRCh37-lite_rnaseq.bam,142447638,132044785,10402853,0.073029312
TCGA-61-1918-01A-01R-1568-13_rnaseq.bam,142447638,123607567,18840071,0.132259624
TCGA-61-1919-01A-01R-1568-13_GRCh37-lite_rnaseq.bam,139494368,127592251,11902117,0.08532328
TCGA-61-1919-01A-01R-1568-13_rnaseq.bam,139494368,118765212,20729156,0.1486021
TCGA-61-1995-01A-01R-1568-13_GRCh37-lite_rnaseq.bam,243524738,218312659,25212079,0.103529848
TCGA-61-1995-01A-01R-1568-13_rnaseq.bam,243524738,205938109,37586629,0.154344192
TCGA-61-1998-01A-01R-1568-13_GRCh37-lite_rnaseq.bam,143682570,131254830,12427740,0.086494416
TCGA-61-1998-01A-01R-1568-13_rnaseq.bam,143682570,97058884,46623686,0.324490897
TCGA-61-2000-01A-01D-A324-10_wgs_Illumina.bam,1799914664,1711768005,88146659,0.048972688
TCGA-61-2000-01A-01R-1568-13_GRCh37-lite_rnaseq.bam,170864562,153337277,17527285,0.10257999
TCGA-61-2000-01A-01R-1568-13_rnaseq.bam,170864562,145865416,24999146,0.146309719
TCGA-61-2000-11A-01D-A324-10_wgs_Illumina.bam,878860576,838226422,40634154,0.04623504
TCGA-61-2002-01A-01R-1568-13_GRCh37-lite_rnaseq.bam,251524868,226986822,24538046,0.097557137
TCGA-61-2002-01A-01R-1568-13_rnaseq.bam,251524868,213370679,38154189,0.151691518
TCGA-61-2003-01A-01R-1568-13_GRCh37-lite_rnaseq.bam,199596112,179975427,19620685,0.09830194
TCGA-61-2003-01A-01R-1568-13_rnaseq.bam,199596112,169531675,30064437,0.150626366
TCGA-61-2008-01A-02R-1568-13_GRCh37-lite_rnaseq.bam,181519002,166520331,14998671,0.082628655
TCGA-61-2008-01A-02R-1568-13_rnaseq.bam,181519002,149938318,31580684,0.173980044
TCGA-61-2008-02A-01R-1568-13_GRCh37-lite_rnaseq.bam,117356394,110098114,7258280,0.061848185
TCGA-61-2008-02A-01R-1568-13_rnaseq.bam,117356394,105322590,12033804,0.102540676
TCGA-61-2009-01A-01R-1568-13_GRCh37-lite_rnaseq.bam,170073682,155686507,14387175,0.084593776
TCGA-61-2009-01A-01R-1568-13_rnaseq.bam,170073682,141217345,28856337,0.16966962
TCGA-61-2012-01A-01R-1568-13_GRCh37-lite_rnaseq.bam,154141214,136216695,17924519,0.116286349
TCGA-61-2012-01A-01R-1568-13_rnaseq.bam,154141214,129844765,24296449,0.157624612
TCGA-61-2016-01A-01R-1568-13_GRCh37-lite_rnaseq.bam,293290402,262389129,30901273,0.105360669
TCGA-61-2016-01A-01R-1568-13_rnaseq.bam,293290402,247111162,46179240,0.157452271
TCGA-61-2088-01A-01R-1568-13_GRCh37-lite_rnaseq.bam,183243642,165985208,17258434,0.094182989
TCGA-61-2088-01A-01R-1568-13_rnaseq.bam,183243642,147014186,36229456,0.19771194
TCGA-61-2092-01A-01R-1568-13_GRCh37-lite_rnaseq.bam,159049208,148337528,10711680,0.067348213
TCGA-61-2092-01A-01R-1568-13_rnaseq.bam,159049208,134366109,24683099,0.155191587
TCGA-61-2094-01A-01R-1568-13_GRCh37-lite_rnaseq.bam,311957668,280811407,31146261,0.099841306
TCGA-61-2094-01A-01R-1568-13_rnaseq.bam,311957668,264275189,47682479,0.152849197
TCGA-61-2095-01A-01D-0926-12_Illumina.bam,1158224704,1053441092,104783612,0.090469156
TCGA-61-2095-01A-01R-1568-13_GRCh37-lite_rnaseq.bam,304146732,276313645,27833087,0.091512037
TCGA-61-2095-01A-01R-1568-13_rnaseq.bam,304146732,265646561,38500171,0.126584201
TCGA-61-2095-11A-01D-0926-12_Illumina.bam,1144172574,1097376881,46795693,0.040899156
TCGA-61-2097-01A-02R-1568-13_GRCh37-lite_rnaseq.bam,92507268,84802448,7704820,0.083288807
TCGA-61-2097-01A-02R-1568-13_rnaseq.bam,92507268,80665530,11841738,0.128008731
TCGA-61-2098-01A-01R-1568-13_GRCh37-lite_rnaseq.bam,236660356,217553663,19106693,0.080734658
TCGA-61-2098-01A-01R-1568-13_rnaseq.bam,236660356,204847920,31812436,0.134422328
TCGA-61-2101-01A-01R-1568-13_GRCh37-lite_rnaseq.bam,261893294,237535796,24357498,0.093005428
TCGA-61-2101-01A-01R-1568-13_rnaseq.bam,261893294,222062684,39830610,0.15208717
TCGA-61-2102-01A-01R-1568-13_GRCh37-lite_rnaseq.bam,102195196,92759679,9435517,0.092328381
TCGA-61-2102-01A-01R-1568-13_rnaseq.bam,102195196,88521392,13673804,0.133800849
TCGA-61-2104-01A-01R-1568-13_GRCh37-lite_rnaseq.bam,194997200,175643363,19353837,0.099251871
TCGA-61-2104-01A-01R-1568-13_rnaseq.bam,194997200,164353523,30643677,0.157149318
TCGA-61-2109-01A-01R-1568-13_GRCh37-lite_rnaseq.bam,156688014,141384518,15303496,0.097668581
TCGA-61-2109-01A-01R-1568-13_rnaseq.bam,156688014,133604024,23083990,0.147324543
TCGA-61-2110-01A-01R-1568-13_GRCh37-lite_rnaseq.bam,177483700,162265367,15218333,0.085744961
TCGA-61-2110-01A-01R-1568-13_rnaseq.bam,177483700,152719653,24764047,0.139528571
TCGA-61-2111-01A-01R-1568-13_GRCh37-lite_rnaseq.bam,110491670,100370835,10120835,0.091598172
TCGA-61-2111-01A-01R-1568-13_rnaseq.bam,110491670,95673723,14817947,0.134109178
TCGA-61-2113-01A-01R-1568-13_GRCh37-lite_rnaseq.bam,187217576,170860865,16356711,0.08736739
TCGA-61-2113-01A-01R-1568-13_rnaseq.bam,187217576,164172148,23045428,0.123094362
TCGA-64-5774-01A-01D-1623_120228_SN1120_0117_BC0DKWACXX_s_1_rg.sorted.bam,576199886,505308053,70891833,0.123033403
TCGA-64-5774-10A-01D-1623_110826_SN590_0103_AC005WACXX_s_2_rg.sorted.bam,382667980,365517555,17150425,0.04481803
TCGA-64-5775-01A-01D-1623_110824_SN208_0222_BB0164ACXX_s_1_rg.sorted.bam,276410670,268114671,8295999,0.03001331
TCGA-64-5775-10A-01D-1623_110824_SN208_0222_BB0164ACXX_s_2_rg.sorted.bam,241685136,233336630,8348506,0.034542902
TCGA-64-5778-01A-01D-1623_110824_SN208_0222_BB0164ACXX_s_3_rg.sorted.bam,256383868,249142061,7241807,0.028245954
TCGA-64-5778-10A-01D-1623_110824_SN208_0222_BB0164ACXX_s_4_rg.sorted.bam,247532504,239463075,8069429,0.032599472
TCGA-64-5779-01A-01D-1623_110824_SN208_0222_BB0164ACXX_s_5_rg.sorted.bam,279757146,270660264,9096882,0.032517067
TCGA-64-5779-10A-01D-1623_110824_SN208_0222_BB0164ACXX_s_6_rg.sorted.bam,172522586,166940381,5582205,0.032356372
TCGA-64-5781-01A-01D-1623_110824_SN208_0222_BB0164ACXX_s_7_rg.sorted.bam,261369342,254911006,6458336,0.024709616
TCGA-64-5781-10A-01D-1623_110824_SN208_0222_BB0164ACXX_s_8_rg.sorted.bam,295396282,284980036,10416246,0.03526194
TCGA-64-5815-01A-01D-1623_120228_SN1120_0117_BC0DKWACXX_s_3_rg.sorted.bam,577842810,510305592,67537218,0.116878184
TCGA-64-5815-10A-01D-1623_110826_SN590_0103_AC005WACXX_s_6_rg.sorted.bam,414291780,393801043,20490737,0.049459675
TCGA-67-6215-01A-11D-1751_111115_SN590_0111_D09ATACXX_s_7.rg.sorted.bam,337068112,320517305,16550807,0.049102263
TCGA-67-6215-10A-01D-1751_120301_SN208_0270_AD0KLRACXX_s_5_rg.sorted.bam,389959166,347126961,42832205,0.109837667
TCGA-67-6216-01A-11D-1751_111115_SN590_0111_D09ATACXX_s_1.rg.sorted.bam,326044518,278320344,47724174,0.146373183
TCGA-67-6216-10A-01D-1751_120301_SN208_0270_AD0KLRACXX_s_6_rg.sorted.bam,419560682,372807966,46752716,0.111432548
TCGA-67-6217-01A-11D-1751_120309_SN208_0274_AD0R6DACXX_s_3_rg.sorted.bam,459248666,431146606,28102060,0.061191381
TCGA-67-6217-10A-01D-1751_120309_SN208_0274_AD0R6DACXX_s_4_rg.sorted.bam,415701958,379828306,35873652,0.086296567
TCGA-71-6725-01A-11D-1853_120312_SN1120_0121_BD0RHPACXX_s_7_rg.sorted.bam,477509136,437626664,39882472,0.083521904
TCGA-71-6725-10A-01D-1853_120305_SN1120_0119_BD0REAACXX_s_1_rg.sorted.bam,498974384,445812478,53161906,0.106542355
TCGA-73-4658-01A-01D-1751_120309_SN208_0274_AD0R6DACXX_s_5_rg.sorted.bam,448051764,399662480,48389284,0.107999316
TCGA-73-4658-11A-01D-1751_120309_SN208_0274_AD0R6DACXX_s_6_rg.sorted.bam,447978696,415023429,32955267,0.073564362
TCGA-73-4659-01A-01D-1203-02_IlluminaHiSeq-DNASeq_whole.bam,291850500,271816930,20033570,0.068643261
TCGA-73-4659-11A-01D-1203-02_IlluminaHiSeq-DNASeq_whole.bam,268826072,250147446,18678626,0.069482197
TCGA-73-4662-01A-01D-1203_110629_SN208_0211_AB0BP8ABXX_s_5_rg.sorted.bam,279642786,262693638,16949148,0.060609995
TCGA-73-4662-11A-01D-1203_110629_SN208_0211_AB0BP8ABXX_s_6_rg.sorted.bam,305856206,281244241,24611965,0.080469072
TCGA-73-4666-01A-01D-1203-02_IlluminaHiSeq-DNASeq_whole.bam,237282314,215899211,21383103,0.090116716
TCGA-73-4666-11A-01D-1203-02_IlluminaHiSeq-DNASeq_whole.bam,233598666,216089050,17509616,0.074955976
TCGA-73-4668-01A-01D-1203-02_IlluminaHiSeq-DNASeq_whole.bam,233220622,214520980,18699642,0.080180054
TCGA-73-4668-11A-01D-1203-02_IlluminaHiSeq-DNASeq_whole.bam,257885126,239710449,18174677,0.070475864
TCGA-73-4670-01A-01D-1203-02_IlluminaHiSeq-DNASeq_whole.bam,207926756,196098393,11828363,0.056887162
TCGA-73-4670-11A-01D-1203-02_IlluminaHiSeq-DNASeq_whole.bam,178480836,164771905,13708931,0.07680898
TCGA-73-4675-01A-01D-1203-02_IlluminaHiSeq-DNASeq_whole.bam,196578660,179470213,17108447,0.087031049
TCGA-73-4675-11A-01D-1203-02_IlluminaHiSeq-DNASeq_whole.bam,214375128,201916202,12458926,0.058117404
TCGA-73-4676-01A-01D-1751_120309_SN208_0274_AD0R6DACXX_s_7_rg.sorted.bam,398214816,356856782,41358034,0.103858602
TCGA-73-4676-11A-01D-1751_120309_SN208_0274_AD0R6DACXX_s_8_rg.sorted.bam,363228540,284041032,79187508,0.218010149
TCGA-73-4677-01A-01D-1203-02_IlluminaHiSeq-DNASeq_whole.bam,215407378,202635641,12771737,0.059291084
TCGA-73-4677-11A-01D-1203-02_IlluminaHiSeq-DNASeq_whole.bam,228143484,212588284,15555200,0.068181654
TCGA-75-5122-01A-01D-1751_120309_SN208_0273_BC0HEAACXX_s_1_rg.sorted.bam,339326448,278702798,60623650,0.178658782
TCGA-75-5122-10A-01D-1751_120309_SN208_0273_BC0HEAACXX_s_2_rg.sorted.bam,435037500,383625545,51411955,0.118178215
TCGA-75-5125-01A-01D-1751_120309_SN208_0273_BC0HEAACXX_s_3_rg.sorted.bam,344680998,287015405,57665593,0.16730134
TCGA-75-5125-10A-01D-1751_120309_SN208_0273_BC0HEAACXX_s_4_rg.sorted.bam,304940878,264115232,40825646,0.133880529
TCGA-75-5126-01A-01D-1751_120309_SN208_0273_BC0HEAACXX_s_5_rg.sorted.bam,327002164,266964119,60038045,0.183601369
TCGA-75-5126-10A-01D-1751_120309_SN208_0273_BC0HEAACXX_s_6_rg.sorted.bam,479711826,427116643,52595183,0.109639121
TCGA-75-5146-01A-01D-1623_110913_SN208_0238_BC008YACXX_s_5_rg.sorted.bam,69415476,65651983,3763493,0.054216916
TCGA-75-5146-10A-01D-1623_120228_SN1120_0117_BC0DKWACXX_s_5_rg.sorted.bam,598247352,545858947,52388405,0.087569807
TCGA-75-5147-01A-01D-1623_110913_SN208_0238_BC008YACXX_s_4_rg.sorted.bam,78375590,73641044,4734546,0.060408426
TCGA-75-5147-10A-01D-1623_120228_SN1120_0117_BC0DKWACXX_s_7_rg.sorted.bam,590309480,534315349,55994131,0.094855551
TCGA-75-6205-01A-11D-1751_111116_SN208_0255_D09F1ACXX_s_4_rg.sorted.bam,391944056,375598567,16345489,0.041703628
TCGA-75-6205-10A-01D-1751_120301_SN208_0270_AD0KLRACXX_s_7_rg.sorted.bam,359419714,323184017,36235697,0.100817222
TCGA-75-6206-01A-11D-1751_111116_SN208_0255_D09F1ACXX_s_5_rg.sorted.bam,413248474,390924775,22323699,0.05402004
TCGA-75-6206-10A-01D-1751_120301_SN208_0270_AD0KLRACXX_s_8_rg.sorted.bam,358916114,315434137,43481977,0.121148021
TCGA-86-6562-01A-11D-1751_120403_SN1222_0094_BD0UKBACXX_s_3_rg.sorted.bam,438422136,403635375,34786761,0.079345357
TCGA-86-6562-10A-01D-1751_120309_SN208_0273_BC0HEAACXX_s_8_rg.sorted.bam,392229792,362330678,29899114,0.076228565
TCGA-91-6828-01A-11D-1853_120310_SN590_0144_AD0PNFACXX_s_3_rg.sorted.bam,447120556,420380329,26740227,0.059805407
TCGA-91-6828-10A-01D-1853_120310_SN590_0144_AD0PNFACXX_s_4_rg.sorted.bam,456321704,430062665,26259039,0.057545014
TCGA-91-6829-01A-21D-1853_120305_SN1120_0119_BD0REAACXX_s_2_rg.sorted.bam,622702506,572538460,50164046,0.080558606
TCGA-91-6829-11A-01D-1853_120305_SN1120_0119_BD0REAACXX_s_3_rg.sorted.bam,456078370,428264559,27813811,0.060984718
TCGA-91-6831-01A-11D-1853_120305_SN1120_0119_BD0REAACXX_s_4_rg.sorted.bam,528646122,494307560,34338562,0.064955668
TCGA-91-6831-11A-02D-1853_120305_SN1120_0119_BD0REAACXX_s_5_rg.sorted.bam,568942220,532712201,36230019,0.063679611
TCGA-91-6835-01A-11D-1853_120310_SN590_0144_AD0PNFACXX_s_5_rg.sorted.bam,536802880,481535512,55267368,0.102956542
TCGA-91-6835-11A-01D-1853_120310_SN590_0144_AD0PNFACXX_s_6_rg.sorted.bam,416330528,393468220,22862308,0.05491384
TCGA-91-6836-01A-21D-1853_120310_SN590_0144_AD0PNFACXX_s_7_rg.sorted.bam,463534098,436106762,27427336,0.059170051
TCGA-91-6836-11A-01D-1853_120310_SN590_0144_AD0PNFACXX_s_8_rg.sorted.bam,474169250,443496153,30673097,0.064688077
TCGA-A2-A04P-01A-31D-A128-09_IlluminaGA-DNASeq_whole.bam,1095370238,1038267911,57102327,0.052130618
TCGA-A2-A04P-10A-01D-A128-09_IlluminaGA-DNASeq_whole.bam,1386720370,1330287638,56432732,0.040695106
TCGA-A2-A04T-01A-21D-A128-09_IlluminaGA-DNASeq_whole.bam,1240800218,1194475119,46325099,0.037334857
TCGA-A2-A04T-10A-01D-A128-09_IlluminaGA-DNASeq_whole.bam,1527555024,1462585600,64969424,0.042531642
TCGA-A2-A0D0-01A-11D-A128-09_IlluminaGA-DNASeq_whole.bam,1576301518,1521520966,54780552,0.034752585
TCGA-A2-A0D0-10A-01D-A128-09_IlluminaGA-DNASeq_whole.bam,1033661534,980668291,52993243,0.0512675
TCGA-A2-A0D2-01A-21D-A128-09_IlluminaGA-DNASeq_whole.bam,1378843048,1321872452,56970596,0.04131768
TCGA-A2-A0D2-10A-01D-A128-09_IlluminaGA-DNASeq_whole.bam,1865714626,1771099947,94614679,0.0507123
TCGA-A2-A0EU-01A-22D-A060_130807_SN590_0235_AC29RAACXX_s_1_rg.sorted.bam,445708672,425545279,20163393,0.045238952
TCGA-A2-A0EU-10A-01D-A060_130807_SN590_0235_AC29RAACXX_s_2_rg.sorted.bam,442317728,420107210,22210518,0.050213945
TCGA-A3-3308-01A-01D-2094-10_Illumina.bam,2.16E+09,2056276002,101853998,0.047195488
TCGA-A3-3308-11A-01D-2094-10_Illumina.bam,1031408932,986306057,45102875,0.043729382
TCGA-A3-3363-01A-01D-2094-10_wgs_Illumina.bam,2037579894,1933654374,103925520,0.05100439
TCGA-A3-3363-11A-01D-2094-10_wgs_Illumina.bam,1125192630,1065987295,59205335,0.052617955
TCGA-A3-3370-01A-02D-2099-10_Illumina.bam,2.25E+09,2144000381,106819619,0.04745809
TCGA-A3-3370-11A-01D-2099-10_Illumina.bam,1183015126,1130022485,52992641,0.044794559
TCGA-A3-3372-01A-01D-2094-10_Illumina.bam,2039148840,1942915206,96233634,0.047193041
TCGA-A3-3372-11A-01D-2094-10_Illumina.bam,986786030,943213229,43572801,0.044156281
TCGA-A3-3387-01A-01D-2102-10_Illumina.bam,1210465696,1162565057,47900639,0.039572075
TCGA-A3-3387-11A-01D-2102-10_Illumina.bam,1007647556,960901016,46746540,0.046391756
TCGA-A4-A48D-01A-11D-A25F-10_wgs_Illumina.bam,2.30E+09,2.16E+09,140650000,0.061069332
TCGA-A4-A48D-10A-01D-A25F-10_wgs_Illumina.bam,1318436488,1236608167,81828321,0.062064667
TCGA-A4-A4ZT-01A-11D-A26P-10_wgs_Illumina.bam,2.16E+09,2055878639,103751361,0.048041267
TCGA-A4-A4ZT-10A-01D-A26P-10_wgs_Illumina.bam,1206737714,1140866253,65871461,0.054586395
TCGA-A4-A57E-01A-11D-A26P-10_wgs_Illumina.bam,2.30E+09,2.18E+09,119610000,0.052057537
TCGA-A4-A57E-10A-01D-A26P-10_wgs_Illumina.bam,1470948696,1388974824,81973872,0.055728573
TCGA-A5-A0G2-01A-11D-A043_120301_SN590_0142_AD0LPVACXX_s_1_rg.sorted.bam,423908228,396091556,27816672,0.065619561
TCGA-A5-A0G2-10A-01D-A043_120301_SN590_0142_AD0LPVACXX_s_2_rg.sorted.bam,401115542,360747834,40367708,0.100638604
TCGA-A5-A0G5-01A-11D-A043_120327_SN590_0148_BC0LM8ACXX_s_3_rg.sorted.bam,438935854,408144908,30790946,0.070149079
TCGA-A5-A0G5-10A-01D-A043_120318_SN590_0146_AC0KH7ACXX_s_2_rg.sorted.bam,390489200,367939092,22550108,0.057748353
TCGA-A5-A0G9-01A-11D-A043_120318_SN590_0146_AC0KH7ACXX_s_3_rg.sorted.bam,345030134,327278818,17751316,0.051448596
TCGA-A5-A0G9-10A-01D-A043_120318_SN590_0146_AC0KH7ACXX_s_4_rg.sorted.bam,172637626,166242665,6394961,0.037042684
TCGA-A5-A0GB-01A-11D-A043_120324_SN1120_0127_BC0L80ACXX_s_2_rg.sorted.bam,385043930,370056210,14987720,0.038924701
TCGA-A5-A0GB-10A-01D-A043_120530_SN1222_0110_AC0VLAACXX_s_3_rg.sorted.bam,383961826,370448399,13513427,0.035194715
TCGA-A5-A0GD-01A-11D-A043_120209_SN1120_0114_BC0DFVACXX_s_3_rg.sorted.bam,299112206,289434083,9678123,0.032356162
TCGA-A5-A0GD-10A-01D-A043_120504_SN208_0297_BC0VJEACXX_s_7_rg.sorted.bam,577415488,269912761,307502727,0.532550189
TCGA-A5-A0GE-01A-11D-A043_120214_SN590_0139_BC0DYEACXX_s_1_rg.sorted.bam,459131206,412659386,46471820,0.101216862
TCGA-A5-A0GE-10A-01D-A043_120214_SN590_0139_BC0DYEACXX_s_2_rg.sorted.bam,386520970,369173785,17347185,0.04488032
TCGA-A5-A0GJ-01A-11D-A043_120318_SN590_0146_AC0KH7ACXX_s_7_rg.sorted.bam,421756978,395129209,26627769,0.063135337
TCGA-A5-A0GJ-10A-01D-A043_120318_SN590_0146_AC0KH7ACXX_s_8_rg.sorted.bam,370080686,356036735,14043951,0.037948349
TCGA-A5-A0GN-01A-11D-A043_120324_SN1120_0127_BC0L80ACXX_s_3_rg.sorted.bam,459563652,433391642,26172010,0.056949695
TCGA-A5-A0GN-10A-01D-A043_120324_SN1120_0127_BC0L80ACXX_s_4_rg.sorted.bam,336663292,314726479,21936813,0.065159504
TCGA-A5-A0GU-01A-11D-A043_120209_SN1120_0114_BC0DFVACXX_s_5_rg.sorted.bam,319291213,290243468,29047745,0.090975711
TCGA-A5-A0GU-10A-01D-A043_120209_SN1120_0114_BC0DFVACXX_s_6_rg.sorted.bam,172519878,166128563,6391315,0.037046832
TCGA-A5-A0GV-01A-31D-A043_120214_SN590_0139_BC0DYEACXX_s_3_rg.sorted.bam,357944830,334727689,23217141,0.064862345
TCGA-A5-A0GV-10A-01D-A043_120214_SN590_0139_BC0DYEACXX_s_4_rg.sorted.bam,514160264,479678398,34481866,0.067064432
TCGA-A5-A0GW-01A-11D-A043_120301_SN590_0142_AD0LPVACXX_s_5_rg.sorted.bam,450533522,403087405,47446117,0.105310958
TCGA-A5-A0GW-10A-01D-A043_120301_SN590_0142_AD0LPVACXX_s_6_rg.sorted.bam,333968786,258902564,75066222,0.224770174
TCGA-A5-A0GX-01A-11D-A043_120504_SN590_0156_BC0H68ACXX_s_2_rg.sorted.bam,479456484,424260390,55196094,0.115122218
TCGA-A5-A0GX-10A-01D-A043_120327_SN590_0148_BC0LM8ACXX_s_8_rg.sorted.bam,453900868,431949112,21951756,0.048362446
TCGA-A5-A0R6-01A-11D-A101_120403_SN1222_0093_AC0L7VACXX_s_2_rg.sorted.bam,210782974,204458575,6324399,0.030004316
TCGA-A5-A0R7-01A-31D-A101_120403_SN1222_0093_AC0L7VACXX_s_3_rg.sorted.bam,325675004,315729983,9945021,0.030536642
TCGA-A5-A0R8-01A-11D-A101_120403_SN1222_0093_AC0L7VACXX_s_4_rg.sorted.bam,238657268,230529909,8127359,0.034054521
TCGA-A5-A0R8-10A-01D-A101_120406_SN1120_0131_BD0UK4ACXX_s_4_rg.sorted.bam,509244096,482623624,26620472,0.052274483
TCGA-A5-A0R9-01A-11D-A101_120403_SN1222_0093_AC0L7VACXX_s_5_rg.sorted.bam,309602900,300144051,9458849,0.030551552
TCGA-A5-A0R9-10A-01D-A101_120406_SN1120_0131_BD0UK4ACXX_s_5_rg.sorted.bam,473505430,454678353,18827077,0.039761058
TCGA-A5-A0RA-01A-21D-A101_120403_SN1222_0093_AC0L7VACXX_s_6_rg.sorted.bam,226247090,213677120,12569970,0.055558593
TCGA-A5-A0RA-10A-01D-A101_120406_SN1120_0131_BD0UK4ACXX_s_6_rg.sorted.bam,479075518,456517496,22558022,0.047086568
TCGA-A5-A0VP-01A-21D-A101_120407_SN590_0151_BC0KKJACXX_s_6_rg.sorted.bam,248510380,239749869,8760511,0.035252093
TCGA-A5-A0VP-10A-01D-A101_120409_SN1222_0096_BD0VA2ACXX_s_6_rg.sorted.bam,409693802,383503526,26190276,0.063926464
TCGA-A5-A0VQ-01A-11D-A101_120407_SN590_0151_BC0KKJACXX_s_2_rg.sorted.bam,293069858,277021103,16048755,0.054760852
TCGA-A5-A0VQ-10A-01D-A101_120409_SN1222_0096_BD0VA2ACXX_s_7_rg.sorted.bam,459404722,440788591,18616131,0.040522289
TCGA-A6-2671-01A-01D-1405-02_IlluminaHiSeq-DNASeq_whole.bam,286679634,241552909,45126725,0.157411688
TCGA-A6-2671-10A-01D-1405-02_IlluminaHiSeq-DNASeq_whole.bam,269729224,231793752,37935472,0.140642795
TCGA-A6-2674-01A-02D-1167-02_IlluminaHiSeq-DNASeq_whole.bam,66006994,61183943,4823051,0.073068787
TCGA-A6-2674-10A-01D-1167_101023_SN208_0166_A808PFABXX_s_4_rg.sorted.bam,128777602,114732879,14044723,0.109061846
TCGA-A6-2674-10A-01D-1167-02_IlluminaHiSeq-DNASeq_whole.bam,64304752,59866648,4438104,0.069016735
TCGA-A6-2676-01A-01D-1167-02_101203_SN177_0125_B802RYABXX_s_1.rg.sorted.bam,184216844,152777095,31439749,0.17066707
TCGA-A6-2676-10A-01D-1167-02_101203_SN177_0125_B802RYABXX_s_2.rg.sorted.bam,207840890,172852319,34988571,0.168343058
TCGA-A6-2678-01A-01D-1167-02_IlluminaHiSeq-DNASeq_whole.bam,215176428,176742193,38434235,0.178617311
TCGA-A6-2678-10A-01D-1167-02_IlluminaHiSeq-DNASeq_whole.bam,216825634,177756293,39069341,0.180187832
TCGA-A6-2679-01A-02D-1405-02_IlluminaHiSeq-DNASeq_whole.bam,71720196,66518356,5201840,0.07252964
TCGA-A6-2679-10A-01D-1405-02_IlluminaHiSeq-DNASeq_whole.bam,64637478,59766026,4871452,0.07536575
TCGA-A6-2680-01A-01D-1405-02_IlluminaHiSeq-DNASeq_whole.bam,278348860,238775198,39573662,0.142172891
TCGA-A6-2680-01A-01D-1554-10_wgs_Illumina.bam,1612840820,1525540803,87300017,0.054128105
TCGA-A6-2680-10A-01D-1405-02_IlluminaHiSeq-DNASeq_whole.bam,170840786,148676571,22164215,0.129736087
TCGA-A6-2680-10A-01D-2188-10_wgs_Illumina.bam,1099213434,1043670744,55542690,0.050529486
TCGA-A6-2681-01A-01D-1405-02_IlluminaHiSeq-DNASeq_whole.bam,176778076,151843357,24934719,0.141050969
TCGA-A6-2681-01A-01D-1554-10_wgs_Illumina.bam,1527332028,1445721221,81610807,0.053433573
TCGA-A6-2681-10A-01D-1405-02_IlluminaHiSeq-DNASeq_whole.bam,154701850,135852114,18849736,0.121845576
TCGA-A6-2681-10A-01D-2188-10_wgs_Illumina.bam,1170203316,1106938811,63264505,0.054062832
TCGA-A6-2682-01A-01D-1405_110114_SN177_0133_A809KVABXX_s_8_rg.sorted.bam,280798190,240866719,39931471,0.14220701
TCGA-A6-2682-10A-01D-1405_110503_SN177_0159_AB02MCABXX_s_8_rg.sorted.bam,151809204,133457437,18351767,0.120887051
TCGA-A6-2683-01A-01D-1167-02_IlluminaHiSeq-DNASeq_whole.bam,191661572,140674159,50987413,0.266028356
TCGA-A6-2683-01A-01D-1554-10_wgs_Illumina.bam,1315210272,1244198861,71011411,0.053992439
TCGA-A6-2683-10A-01D-1167-02_IlluminaHiSeq-DNASeq_whole.bam,174717588,164156179,10561409,0.060448459
TCGA-A6-2683-11A-01D-1554-10_wgs_Illumina.bam,1325742330,1237721738,88020592,0.066393439
TCGA-A6-2684-01A-01D-1405-02_IlluminaHiSeq-DNASeq_whole.bam,76301242,70673868,5627374,0.073752063
TCGA-A6-2684-10A-01D-1405-02_IlluminaHiSeq-DNASeq_whole.bam,67690136,62537065,5153071,0.076127355
TCGA-A6-3807-01A-01D-1167-02_IlluminaHiSeq-DNASeq_whole.bam,189998580,138032410,51966170,0.273508202
TCGA-A6-3807-01A-01D-1459-10_wgs_Illumina.bam,1452347612,1381020433,71327179,0.049111644
TCGA-A6-3807-10A-01D-1459-10_wgs_Illumina.bam,963785540,908896615,54888925,0.056951389
TCGA-A6-3807-11A-01D-1167-02_IlluminaHiSeq-DNASeq_whole.bam,198225356,176302341,21923015,0.110596421
TCGA-A6-3808-01A-01D-1167-02_IlluminaHiSeq-DNASeq_whole.bam,195781682,173849826,21931856,0.112022002
TCGA-A6-3810-01A-01D-1167-02_IlluminaHiSeq-DNASeq_whole.bam,172687416,146937799,25749617,0.149111137
TCGA-A6-3810-11A-01D-1167-02_IlluminaHiSeq-DNASeq_whole.bam,174820384,166294826,8525558,0.048767528
TCGA-A6-6141-01A-11D-1771-10_wgs_Illumina.bam,2.50E+09,2.36E+09,137430000,0.055019977
TCGA-A6-6141-10A-01D-1771-10_wgs_Illumina.bam,1235530130,1161169045,74361085,0.06018557
TCGA-A6-6781-01A-22D-1924-10_wgs_Illumina.bam,2.27E+09,2.15E+09,120310000,0.052945655
TCGA-A6-6781-10A-01D-1924-10_wgs_Illumina.bam,1133829572,1072151837,61677735,0.054397712
TCGA-A6-A565-01A-31D-A28G-10_wgs_Illumina.bam,2.41E+09,2.28E+09,135860000,0.056332772
TCGA-A6-A565-10A-01D-A28G-10_wgs_Illumina.bam,1342275270,1263677111,78598159,0.058555917
TCGA-A6-A566-01A-11D-A28G-10_wgs_Illumina.bam,2.41E+09,2.27E+09,135000000,0.056023106
TCGA-A6-A566-10A-01D-A28G-10_wgs_Illumina.bam,1432382714,1338523111,93859603,0.065526903
TCGA-A6-A567-01A-31D-A28G-10_wgs_Illumina.bam,2.43E+09,2.31E+09,121640000,0.050114946
TCGA-A6-A567-10A-01D-A28G-10_wgs_Illumina.bam,1416140450,1311319652,104820798,0.074018646
TCGA-A6-A56B-01A-31D-A28G-10_wgs_Illumina.bam,2.40E+09,2.28E+09,127110000,0.052889556
TCGA-A6-A56B-10A-01D-A28G-10_wgs_Illumina.bam,1417287272,1324211106,93076166,0.065672054
TCGA-A6-A5ZU-10A-01D-A28G-10_wgs_Illumina.bam,1333958366,1249894349,84064017,0.063018471
TCGA-A7-A0CE-01A-11D-A12L-09_IlluminaGA-DNASeq_whole_1.bam,1257359794,1196850622,60509172,0.048123991
TCGA-A7-A0D9-01A-31D-A060_130807_SN590_0235_AC29RAACXX_s_5_rg.sorted.bam,433059946,413047387,20012559,0.046211983
TCGA-A7-A0D9-10A-01D-A060_130807_SN590_0235_AC29RAACXX_s_6_rg.sorted.bam,420148694,401506220,18642474,0.044371134
TCGA-A7-A0DC-01B-04D-A22S_120816_SN1222_0144_AD16PUACXX_s_2_rg.sorted.bam,587462878,140851164,446611714,0.760238188
TCGA-A7-A26F-01B-04D-A22S_120816_SN1222_0144_AD16PUACXX_s_1_rg.sorted.bam,417215486,354287890,62927596,0.150827565
TCGA-AA-3494-01A-01D-1405-02_IlluminaHiSeq-DNASeq_whole.bam,182871474,175623279,7248195,0.03963546
TCGA-AA-3494-11A-01D-1405-02_IlluminaHiSeq-DNASeq_whole.bam,156472426,150658308,5814118,0.037157461
TCGA-AA-3495-01A-01D-1405-02_IlluminaHiSeq-DNASeq_whole.bam,148472800,142964106,5508694,0.037102378
TCGA-AA-3495-11A-01D-1405-02_IlluminaHiSeq-DNASeq_whole.bam,153000838,147133212,5867626,0.038350287
TCGA-AA-3502-01A-01D-1405-02_IlluminaHiSeq-DNASeq_whole.bam,163236152,156982465,6253687,0.038310674
TCGA-AA-3502-11A-01D-1405-02_IlluminaHiSeq-DNASeq_whole.bam,148341394,142863729,5477665,0.036926072
TCGA-AA-3509-01A-01D-1405-02_IlluminaHiSeq-DNASeq_whole.bam,70156494,63914052,6242442,0.088978819
TCGA-AA-3509-11A-01D-1405-02_IlluminaHiSeq-DNASeq_whole.bam,180891194,162919325,17971869,0.099351818
TCGA-AA-3510-01A-01D-1405-02_IlluminaHiSeq-DNASeq_whole.bam,195533884,174040504,21493380,0.109921511
TCGA-AA-3510-11A-01D-1405-02_IlluminaHiSeq-DNASeq_whole.bam,313000628,261811423,51189205,0.163543458
TCGA-AA-3514-01A-02D-1547_110525_SN590_0091_AC02W2ABXX_s_1.rg.sorted.bam,230316674,218619790,11696884,0.050786093
TCGA-AA-3514-01A-02D-1554-10_wgs_Illumina.bam,1309551084,1237315486,72235598,0.055160581
TCGA-AA-3514-10A-01D-1953-10_wgs_Illumina.bam,1168947506,1116737709,52209797,0.044663936
TCGA-AA-3514-11A-01D-1547_110525_SN590_0091_AC02W2ABXX_s_2.rg.sorted.bam,223706256,212540560,11165696,0.04991231
TCGA-AA-3516-01A-02D-1167-02_IlluminaHiSeq-DNASeq_whole.bam,139229838,133310620,5919218,0.042514005
TCGA-AA-3516-01A-02D-1554-10_wgs_Illumina.bam,1730237724,1641329818,88907906,0.051384792
TCGA-AA-3516-10A-01D-1167-02_IlluminaHiSeq-DNASeq_whole.bam,166163360,159749101,6414259,0.038602126
TCGA-AA-3516-10A-01D-1953-10_wgs_Illumina.bam,1121693628,1069785901,51907727,0.046276207
TCGA-AA-3518-01A-02D-1525-10_hg19_wgs_Illumina.bam,1162469344,1103649944,58819400,0.050598668
TCGA-AA-3518-01A-02D-1525-10_Illumina.bam,1162469344,1096314917,66154427,0.056908535
TCGA-AA-3518-10A-01D-1525-10_hg19_wgs_Illumina.bam,1064641984,1026295673,38346311,0.036018034
TCGA-AA-3518-10A-01D-1525-10_Illumina.bam,1064641984,1019938619,44703365,0.041989106
TCGA-AA-3529-01A-02D-1547-02_IlluminaHiSeq-DNASeq_whole.bam,209960458,199939911,10020547,0.047725877
TCGA-AA-3529-01A-02D-1554-10_wgs_Illumina.bam,1468726810,1400076904,68649906,0.0467411
TCGA-AA-3529-11A-01D-1548-02_IlluminaHiSeq-DNASeq_whole.bam,243747450,230124750,13622700,0.055888585
TCGA-AA-3529-11A-01D-1554-10_wgs_Illumina.bam,929384424,890116792,39267632,0.042251227
TCGA-AA-3534-01A-01D-1525-10_hg19_wgs_Illumina.bam,1272121200,1199369161,72752039,0.05718955
TCGA-AA-3534-01A-01D-1525-10_Illumina.bam,1272121200,1191459066,80662134,0.063407586
TCGA-AA-3534-10A-01D-1525-10_hg19_wgs_Illumina.bam,984566820,938380281,46186539,0.046910517
TCGA-AA-3534-10A-01D-1525-10_Illumina.bam,984566820,931679304,52887516,0.053716533
TCGA-AA-3548-01A-01D-1167-02_IlluminaHiSeq-DNASeq_whole.bam,228461664,186658537,41803127,0.18297655
TCGA-AA-3548-10A-01D-1167-02_IlluminaHiSeq-DNASeq_whole.bam,205463428,171834618,33628810,0.163672972
TCGA-AA-3549-01A-02D-1167-02_IlluminaHiSeq-DNASeq_whole.bam,222935348,193444859,29490489,0.132282697
TCGA-AA-3549-10A-01D-1167-02_IlluminaHiSeq-DNASeq_whole.bam,221791494,195332014,26459480,0.119298894
TCGA-AA-3553-01A-01D-1167-02_IlluminaHiSeq-DNASeq_whole.bam,63205638,57295063,5910575,0.093513414
TCGA-AA-3553-10A-01D-1167-02_IlluminaHiSeq-DNASeq_whole.bam,66092854,61482745,4610109,0.069752004
TCGA-AA-3555-01A-01D-0959-10_wgs_Illumina.bam,2.23E+09,2108027421,120962579,0.054267888
TCGA-AA-3555-01A-01D-1637-02_IlluminaHiSeq-DNASeq_whole.bam,198584546,188491024,10093522,0.050827329
TCGA-AA-3555-10A-01D-0959-10_wgs_Illumina.bam,1016729786,945696851,71032935,0.069864123
TCGA-AA-3555-10A-01D-1638-02_110525_SN590_0091_AC02W2ABXX_s_6.rg.sorted.bam,243659154,229623389,14035765,0.057604095
TCGA-AA-3558-01A-01D-1167-02_IlluminaHiSeq-DNASeq_whole.bam,177734570,168817069,8917501,0.050173137
TCGA-AA-3558-10A-01D-1167-02_IlluminaHiSeq-DNASeq_whole.bam,178160014,169855094,8304920,0.046614949
TCGA-AA-3664-01A-01D-1167_101023_SN208_0166_A808PFABXX_s_5_rg.sorted.bam,151096320,135461903,15634417,0.103473182
TCGA-AA-3664-01A-01D-1167_110111_SN208_0178_B818TTABXX_s_5.rg.sorted.bam,190426520,139863606,50562914,0.265524539
TCGA-AA-3664-01A-01D-1981-10_wgs_Illumina.bam,1037175504,990605541,46569963,0.044900755
TCGA-AA-3664-10A-01D-1167_101023_SN208_0166_A808PFABXX_s_6_rg.sorted.bam,237919202,212624862,25294340,0.106314832
TCGA-AA-3664-10A-01D-1167_110111_SN208_0178_B818TTABXX_s_6.rg.sorted.bam,159541664,130817932,28723732,0.180039065
TCGA-AA-3664-10A-01D-1981-10_wgs_Illumina.bam,985013622,939560351,45453271,0.046144815
TCGA-AA-3666-01A-02D-1167-02_IlluminaHiSeq-DNASeq_whole.bam,213067070,165507668,47559402,0.223213291
TCGA-AA-3666-01A-02D-1981-10_wgs_Illumina.bam,1302935610,1234767959,68167651,0.052318511
TCGA-AA-3666-10A-01D-1167-02_IlluminaHiSeq-DNASeq_whole.bam,219628010,175957613,43670397,0.198838013
TCGA-AA-3666-10A-01D-1981-10_wgs_Illumina.bam,1165441832,1108020814,57421018,0.049269742
TCGA-AA-3675-01A-02D-1109-02_IlluminaHiSeq-DNASeq_whole.bam,131394646,126467973,4926673,0.037495234
TCGA-AA-3675-01A-02D-1167-02_IlluminaHiSeq-DNASeq_whole.bam,164488298,138080065,26408233,0.160547792
TCGA-AA-3675-10A-01D-1109-02_IlluminaHiSeq-DNASeq_whole.bam,171300916,165751919,5548997,0.032393271
TCGA-AA-3675-10A-01D-1167-02_IlluminaHiSeq-DNASeq_whole.bam,199076090,170388385,28687705,0.144104222
TCGA-AA-3681-01A-01D-1637-02_IlluminaHiSeq-DNASeq_whole.bam,225954560,214780361,11174199,0.049453302
TCGA-AA-3681-10A-01D-1638-02_IlluminaHiSeq-DNASeq_whole.bam,201798840,192156622,9642218,0.047781335
TCGA-AA-3685-01A-02D-1167-02_IlluminaHiSeq-DNASeq_whole.bam,151315399,147696465,3618934,0.023916495
TCGA-AA-3685-01A-02D-1981-10_wgs_Illumina.bam,1455855752,1379168730,76687022,0.052674877
TCGA-AA-3685-10A-01D-1167-02_IlluminaHiSeq-DNASeq_whole.bam,162686544,143220511,19466033,0.119653614
TCGA-AA-3685-10A-01D-1981-10_wgs_Illumina.bam,940791442,896049159,44742283,0.047558131
TCGA-AA-3688-10A-01D-0957-02_IlluminaGAII-DNASeq_whole.bam,85843764,73042425,12801339,0.149123692
TCGA-AA-3715-01A-01D-0957-02_IlluminaGAII-DNASeq_whole.bam,129680296,112682891,16997405,0.131071609
TCGA-AA-3812-01A-01D-1167-02_IlluminaHiSeq-DNASeq_whole.bam,211818878,187934096,23884782,0.112760403
TCGA-AA-3812-10A-01D-1167-02_IlluminaHiSeq-DNASeq_whole.bam,223381524,198273901,25107623,0.112397939
TCGA-AA-3861-01A-01D-1167-02_IlluminaHiSeq-DNASeq_whole.bam,210205380,182446195,27759185,0.132057443
TCGA-AA-3861-10A-01D-1167-02_IlluminaHiSeq-DNASeq_whole.bam,215415886,190302241,25113645,0.11658214
TCGA-AA-3947-01A-01D-1167-02_101023_SN208_0167_B80L4DABXX_s_1.rg.sorted.bam,190494030,164866180,25627850,0.134533612
TCGA-AA-3947-10A-01D-1167-02_101023_SN208_0167_B80L4DABXX_s_2.rg.sorted.bam,224108666,195973607,28135059,0.12554204
TCGA-AA-3956-01A-02D-1167-02_IlluminaHiSeq-DNASeq_whole.bam,206911816,163932774,42979042,0.207716712
TCGA-AA-3956-01A-02D-1981-10_wgs_Illumina.bam,1451370110,1375615057,75755053,0.052195544
TCGA-AA-3956-10A-01D-1167-02_IlluminaHiSeq-DNASeq_whole.bam,178597326,150748603,27848723,0.155930235
TCGA-AA-3956-10A-01D-1982-10_wgs_Illumina.bam,968398560,921148762,47249798,0.048791686
TCGA-AA-3966-01A-01D-1109-02_IlluminaHiSeq-DNASeq_whole.bam,120172196,116105786,4066410,0.033838193
TCGA-AA-3966-10A-01D-1109-02_IlluminaHiSeq-DNASeq_whole.bam,138866436,134248667,4617769,0.033253313
TCGA-AA-3968-01A-01D-1167-02_IlluminaHiSeq-DNASeq_whole.bam,209267828,158199963,51067865,0.244031132
TCGA-AA-3968-10A-01D-1167-02_IlluminaHiSeq-DNASeq_whole.bam,194232346,143210358,51021988,0.26268533
TCGA-AA-3970-01A-01D-1109-02_IlluminaHiSeq-DNASeq_whole.bam,91290500,87844604,3445896,0.037746491
TCGA-AA-3970-10A-01D-1109-02_IlluminaHiSeq-DNASeq_whole.bam,104499568,101002803,3496765,0.033462004
TCGA-AA-3977-01A-01D-1024-10_wgs_Illumina.bam,2060512062,1957091998,103420064,0.050191438
TCGA-AA-3977-10A-01D-1024-10_wgs_Illumina.bam,1104066086,1044538994,59527092,0.05391624
TCGA-AA-3994-01A-01D-1109-02_IlluminaHiSeq-DNASeq_whole.bam,139530004,134477965,5052039,0.036207546
TCGA-AA-3994-01A-01D-1981-10_wgs_Illumina.bam,1066687088,1006156371,60530717,0.056746461
TCGA-AA-3994-10A-01D-1109-02_IlluminaHiSeq-DNASeq_whole.bam,119752588,115752742,3999846,0.033400915
TCGA-AA-3994-10A-01D-1982-10_wgs_Illumina.bam,963208414,916829421,46378993,0.048150527
TCGA-AA-A00N-01A-02D-A17O-10_wgs_Illumina.bam,2.18E+09,2073749938,109730062,0.050254668
TCGA-AA-A00N-10A-01D-A17O-10_wgs_Illumina.bam,1114836756,1033007771,81828985,0.07339997
TCGA-AA-A00Q-01A-01D-A077-02_IlluminaHiSeq-DNASeq_whole.bam,248815508,235760950,13054558,0.052466818
TCGA-AA-A00R-01A-01D-A077-02_IlluminaHiSeq-DNASeq_whole.bam,302532450,280276560,22255890,0.073565299
TCGA-AA-A00R-01A-01D-A126-10_hg19_wgs_Illumina.bam,1181483000,1109521398,71961602,0.060907861
TCGA-AA-A00R-01A-01D-A126-10_Illumina.bam,1181483000,1102352050,79130950,0.066975953
TCGA-AA-A00R-10A-01D-A126-10_hg19_wgs_Illumina.bam,1138766822,1026204621,112562201,0.098845698
TCGA-AA-A00R-10A-01D-A126-10_Illumina.bam,1138766822,1013187293,125579529,0.110276772
TCGA-AA-A00U-01A-01D-A077-02_IlluminaHiSeq-DNASeq_whole.bam,141455886,136028234,5427652,0.038369927
TCGA-AA-A00U-10A-01D-A078_110429_SN590_0080_AC02UTABXX_s_1.rg.sorted.bam,154878132,144994843,9883289,0.063813328
TCGA-AA-A00Z-01A-01D-A077-02_IlluminaHiSeq-DNASeq_whole.bam,217902818,207852930,10049888,0.046120964
TCGA-AA-A00Z-10A-01D-A078-02_IlluminaHiSeq-DNASeq_whole.bam,158719178,151768114,6951064,0.043794733
TCGA-AA-A010-01A-01D-A077-02_IlluminaHiSeq-DNASeq_whole.bam,224868612,208398960,16469652,0.073241222
TCGA-AA-A01C-01A-01D-A077-02_IlluminaHiSeq-DNASeq_whole.bam,202908104,194109334,8798770,0.043363325
TCGA-AA-A01C-10A-01D-A078_110329_SN208_0198_B702NLABXX_s_6_rg.sorted.bam,120131328,108395929,11735399,0.097688082
TCGA-AA-A01D-01A-01D-A077-02_IlluminaHiSeq-DNASeq_whole.bam,172095796,165473819,6621977,0.038478436
TCGA-AA-A01D-10A-01D-A078_110329_SN208_0198_B702NLABXX_s_8_rg.sorted.bam,89635622,79897786,9737836,0.108638014
TCGA-AA-A01G-01A-01D-A077-02_IlluminaHiSeq-DNASeq_whole.bam,292996780,271363007,21633773,0.073836214
TCGA-AA-A01G-10A-01D-A078_110326_SN590_0061_B702DPABXX_s_2_rg.sorted.bam,255238574,226352510,28886064,0.1131728
TCGA-AA-A01I-01A-02D-A077-02_IlluminaHiSeq-DNASeq_whole.bam,282435278,263031821,19403457,0.068700543
TCGA-AA-A01I-10A-01D-A078_110326_SN590_0061_B702DPABXX_s_4_rg.sorted.bam,263142070,222497700,40644370,0.154457894
TCGA-AA-A01K-01A-01D-A077-02_IlluminaHiSeq-DNASeq_whole.bam,181226123,143840848,37385275,0.206290762
TCGA-AA-A01K-10A-01D-A078_110409_SN590_0076_AB04G5ABXX_s_8.rg.sorted.bam,244356434,209297187,35059247,0.14347585
TCGA-AA-A01P-01A-21D-A079-02_IlluminaHiSeq-DNASeq_whole.bam,344992294,306775588,38216706,0.110775535
TCGA-AA-A01P-11A-11D-A079-02_IlluminaHiSeq-DNASeq_whole.bam,356444130,300958358,55485772,0.15566471
TCGA-AA-A01Q-01A-01D-A077_110402_SN208_0200_BB02BTABXX_s_4_rg.sorted.bam,358516130,301038309,57477821,0.160321437
TCGA-AA-A01Q-10A-01D-A078_110409_SN590_0077_BB04EHABXX_s_3_rg.sorted.bam,220161400,185585328,34576072,0.157048747
TCGA-AA-A01R-01A-21D-A079-02_110402_SN208_0200_BB02BTABXX_s_3.rg.sorted.bam,367483320,301010413,66472907,0.180886869
TCGA-AA-A01R-01A-21D-A17O-10_wgs_Illumina.bam,1727707620,1634288942,93418678,0.054070884
TCGA-AA-A01R-11A-12D-A079-02_110409_SN590_0077_BB04EHABXX_s_4.rg.sorted.bam,281631808,258972413,22659395,0.080457514
TCGA-AA-A01R-11A-12D-A17O-10_wgs_Illumina.bam,1215095800,1141268894,73826906,0.060758095
TCGA-AA-A01S-01A-21D-A079_110402_SN208_0200_BB02BTABXX_s_6_rg.sorted.bam,379772408,284129410,95642998,0.251842935
TCGA-AA-A01S-01A-21D-A17O-10_wgs_Illumina.bam,1217207436,1151535488,65671948,0.053952963
TCGA-AA-A01S-11A-21D-A079_110409_SN590_0077_BB04EHABXX_s_5_rg.sorted.bam,256633150,240046892,16586258,0.064630224
TCGA-AA-A01S-11A-21D-A17O-10_wgs_Illumina.bam,1125544430,1062536114,63008316,0.055980301
TCGA-AA-A01T-01A-21D-A079-02_110402_SN208_0200_BB02BTABXX_s_5.rg.sorted.bam,379094414,264235130,114859284,0.30298332
TCGA-AA-A01T-01A-21D-A17O-10_wgs_Illumina.bam,1316915266,1249685681,67229585,0.051050805
TCGA-AA-A01T-11A-11D-A079-02_110409_SN590_0077_BB04EHABXX_s_6.rg.sorted.bam,250383528,234354090,16029438,0.064019539
TCGA-AA-A01T-11A-11D-A17O-10_wgs_Illumina.bam,1205317298,1140891274,64426024,0.053451505
TCGA-AA-A01V-01A-23D-A079-02_110402_SN208_0200_BB02BTABXX_s_7.rg.sorted.bam,360746470,317810959,42935511,0.11901852
TCGA-AA-A01V-01A-23D-A17O-10_wgs_Illumina.bam,953075514,904181055,48894459,0.051301768
TCGA-AA-A01V-11A-11D-A079_110409_SN590_0077_BB04EHABXX_s_7_rg.sorted.bam,223594964,206791208,16803756,0.075152659
TCGA-AA-A01V-11A-11D-A17O-10_wgs_Illumina.bam,1220929490,1155910957,65018533,0.053253307
TCGA-AA-A01X-01A-21D-A079-02_IlluminaHiSeq-DNASeq_whole.bam,189438287,186999943,2438344,0.012871442
TCGA-AA-A01X-01A-21D-A17O-10_wgs_Illumina.bam,1488457028,1405523339,82933689,0.055717893
TCGA-AA-A01X-11A-11D-A079-02_IlluminaHiSeq-DNASeq_whole.bam,319654606,291167702,28486904,0.089117765
TCGA-AA-A01X-11A-11D-A17O-10_wgs_Illumina.bam,1191425906,1127741206,63684700,0.053452506
TCGA-AA-A02K-01A-21D-A079_110401_SN177_0152_A819RJABXX_s_2.rg.sorted.bam,165335092,137569656,27765436,0.167934319
TCGA-AA-A02K-10A-01D-A079_110401_SN177_0152_A819RJABXX_s_3.rg.sorted.bam,194737882,176377453,18360429,0.094282781
TCGA-AA-A02O-01A-21D-A079-02_IlluminaHiSeq-DNASeq_whole.bam,171921262,156949824,14971438,0.087083109
TCGA-AA-A02O-01A-21D-A17O-10_wgs_Illumina.bam,1138164796,1076412412,61752384,0.054256101
TCGA-AA-A02O-11A-11D-A079-02_IlluminaHiSeq-DNASeq_whole.bam,178668250,162897816,15770434,0.088266572
TCGA-AA-A02O-11A-11D-A17O-10_wgs_Illumina.bam,1113280332,1052826102,60454230,0.054302792
TCGA-AA-A02R-01A-01D-A077-02_IlluminaHiSeq-DNASeq_whole.bam,186225544,169687677,16537867,0.088805578
TCGA-AA-A02R-10A-01D-A078_110401_SN177_0152_A819RJABXX.sorted.bam,208960506,173378822,35581684,0.170279469
TCGA-AA-A02W-01A-01D-A077_110406_SN177_0153_A818P3ABXX_s_1_rg.sorted.bam,166706516,139077236,27629280,0.165736053
TCGA-AA-A02W-10A-01D-A078_110406_SN177_0153_A818P3ABXX_s_2_rg.sorted.bam,177216754,105579861,71636893,0.404233186
TCGA-AA-A02Y-01A-43D-A079-02_IlluminaHiSeq-DNASeq_whole.bam,207497244,156400750,51096494,0.246251435
TCGA-AA-A02Y-01A-43D-A17O-10_wgs_Illumina.bam,1084454708,1028468759,55985949,0.051625899
TCGA-AA-A02Y-10A-01D-A079-02_IlluminaHiSeq-DNASeq_whole.bam,156692190,132248725,24443465,0.155996703
TCGA-AA-A02Y-10A-01D-A17O-10_wgs_Illumina.bam,1308405658,1246711176,61694482,0.047152412
TCGA-AA-A03F-01A-11D-A079-02_IlluminaHiSeq-DNASeq_whole.bam,165111732,71405752,93705980,0.567530719
TCGA-AA-A03F-01A-11D-A17O-10_wgs_Illumina.bam,1026941958,970420484,56521474,0.055038626
TCGA-AA-A03F-11A-12D-A079-02_IlluminaHiSeq-DNASeq_whole.bam,159850304,142897966,16952338,0.106051334
TCGA-AA-A03F-11A-12D-A17O-10_wgs_Illumina.bam,1151551512,1085288674,66262838,0.057542227
TCGA-AA-A03J-01A-21D-A079-02_IlluminaHiSeq-DNASeq_whole.bam,130720438,120372902,10347536,0.079157752
TCGA-AA-A03J-11A-11D-A079_110405_SN590_0074_AB04EUABXX_s_2_rg.sorted.bam,297866082,274326363,23539719,0.07902786
TCGA-AA-A03J-11A-11D-A079-02_IlluminaHiSeq-DNASeq_whole.bam,131577082,121581535,9995547,0.075967234
TCGA-AB-2808-03A-01T-0734-13_rnaseq.bam,174590366,132980740,41609626,0.238327159
TCGA-AB-2814-03A-01T-0734-13_rnaseq.bam,167744890,138432888,29312002,0.17474155
TCGA-AB-2824-03A-01T-0736-13_rnaseq.bam,139292408,67323887,71968521,0.516672244
TCGA-AB-2835-03A-01T-0736-13_rnaseq.bam,150053786,120240317,29813469,0.198685217
TCGA-AB-2838-03A-01T-0736-13_rnaseq.bam,136045924,113080822,22965102,0.168804043
TCGA-AB-2839-03A-01T-0734-13_rnaseq.bam,167735774,133838095,33897679,0.20208974
TCGA-AB-2842-03A-01T-0734-13_rnaseq.bam,191856896,141777271,50079625,0.261025932
TCGA-AB-2846-03A-01T-0736-13_rnaseq.bam,151610680,128155986,23454694,0.154703442
TCGA-AB-2855-03A-01T-0736-13_rnaseq.bam,131169770,107434627,23735143,0.180949795
TCGA-AB-2858-03A-01T-0736-13_rnaseq.bam,145119714,122486523,22633191,0.155962208
TCGA-AB-2862-03A-01T-0736-13_rnaseq.bam,147365428,102579696,44785732,0.303909354
TCGA-AB-2869-03A-01T-0735-13_rnaseq.bam,143869336,117605756,26263580,0.182551618
TCGA-AB-2880-03A-01T-0735-13_rnaseq.bam,139199432,111658050,27541382,0.197855563
TCGA-AB-2881-03A-01T-0735-13_rnaseq.bam,155307816,127436968,27870848,0.17945554
TCGA-AB-2883-03A-01T-0734-13_rnaseq.bam,158874924,125401612,33473312,0.210689712
TCGA-AB-2890-03A-01T-0735-13_rnaseq.bam,141793326,114375995,27417331,0.193361224
TCGA-AB-2891-03A-01T-0735-13_rnaseq.bam,126674678,100456392,26218286,0.206973378
TCGA-AB-2900-03A-01T-0735-13_rnaseq.bam,129685998,102158718,27527280,0.212261003
TCGA-AB-2911-03A-01T-0734-13_rnaseq.bam,169003470,130628129,38375341,0.227068361
TCGA-AB-2938-03A-01T-0736-13_rnaseq.bam,154234000,129239235,24994765,0.162057426
TCGA-AB-2944-03A-01T-0740-13_rnaseq.bam,140604914,120462793,20142121,0.143253322
TCGA-AB-2948-03A-01T-0740-13_rnaseq.bam,162632066,138025062,24607004,0.151304749
TCGA-AB-2952-03B-01T-0760-13_rnaseq.bam,124346632,106491532,17855100,0.143591344
TCGA-AB-2955-03A-01T-0734-13_rnaseq.bam,173429958,135103843,38326115,0.220989012
TCGA-AB-2965-03A-01T-0734-13_rnaseq.bam,193606990,136327393,57279597,0.295855005
TCGA-AB-2967-03A-01T-0734-13_rnaseq.bam,151619928,125692514,25927414,0.17100268
TCGA-AB-2978-03A-01T-0734-13_rnaseq.bam,171288590,136266007,35022583,0.204465359
TCGA-AD-6964-01A-11D-1924-10_wgs_Illumina.bam,2.45E+09,2.32E+09,130070000,0.053017087
TCGA-AD-6964-10A-01D-1924-10_wgs_Illumina.bam,1219002330,1148577205,70425125,0.057772757
TCGA-AD-A5EJ-01A-11D-A28G-10_wgs_Illumina.bam,2.37E+09,2.23E+09,140740000,0.059425589
TCGA-AD-A5EJ-10A-01D-A28G-10_wgs_Illumina.bam,1390002356,1288329215,101673141,0.073146021
TCGA-AD-A5EK-01A-11D-A28G-10_wgs_Illumina.bam,2.47E+09,2.35E+09,114820000,0.046564443
TCGA-AD-A5EK-10A-01D-A28G-10_wgs_Illumina.bam,1329088400,1214084373,115004027,0.086528501
TCGA-AF-2689-01A-01D-1167_101023_SN208_0167_B80L4DABXX_s_3_rg.sorted.bam,240580722,198762002,41818720,0.173824069
TCGA-AF-2689-01A-01D-1525-10_Illumina.bam,1161443358,1088283924,73159434,0.062990101
TCGA-AF-2689-01A-01D-1989-10_wgs_Illumina.bam,1488421200,1407031791,81389409,0.054681705
TCGA-AF-2689-10A-01D-1167_101023_SN208_0167_B80L4DABXX_s_4_rg.sorted.bam,192272912,172367236,19905676,0.103528239
TCGA-AF-2689-10A-01D-1525-10_Illumina.bam,1053050780,978442855,74607925,0.070849314
TCGA-AF-2689-10A-01D-1989-10_wgs_Illumina.bam,1022268670,971474746,50793924,0.049687451
TCGA-AF-2691-01A-01D-1167-02_IlluminaHiSeq-DNASeq_whole.bam,216016706,173131211,42885495,0.198528604
TCGA-AF-2691-01A-01D-1989-10_wgs_Illumina.bam,1569957326,1486647122,83310204,0.053065267
TCGA-AF-2691-10A-01D-1167-02_IlluminaHiSeq-DNASeq_whole.bam,208647612,172008406,36639206,0.175603285
TCGA-AF-2691-10A-01D-1989-10_wgs_Illumina.bam,975217042,925927921,49289121,0.050541694
TCGA-AF-2692-01A-01D-1167-02_IlluminaHiSeq-DNASeq_whole.bam,207625496,168034573,39590923,0.190684303
TCGA-AF-2692-10A-01D-1167-02_IlluminaHiSeq-DNASeq_whole.bam,200885098,166553475,34331623,0.170901791
TCGA-AF-3913-01A-02D-1115-02_IlluminaHiSeq-DNASeq_whole.bam,89943982,82029986,7913996,0.087988055
TCGA-AF-3913-01A-02D-1459-10_wgs_Illumina.bam,1409306326,1327757258,81549068,0.057864686
TCGA-AF-3913-11A-01D-1115-02_IlluminaHiSeq-DNASeq_whole.bam,95061666,86546779,8514887,0.089572247
TCGA-AF-3913-11A-01D-1989-10_wgs_Illumina.bam,951661038,902322783,49338255,0.051844357
TCGA-AG-3574-01A-01D-1167-02_IlluminaHiSeq-DNASeq_whole.bam,170203530,150451082,19752448,0.116051929
TCGA-AG-3574-01A-01D-1989-10_wgs_Illumina.bam,1036645486,980395258,56250228,0.054261779
TCGA-AG-3574-10A-01D-1167-02_IlluminaHiSeq-DNASeq_whole.bam,207573474,181097535,26475939,0.127549722
TCGA-AG-3574-10A-01D-1989-10_wgs_Illumina.bam,1132392208,1072554157,59838051,0.052842161
TCGA-AG-3582-01A-01D-1167_101105_SN208_0168_A80A3BABXX_s_1_rg.sorted.bam,194101386,166811339,27290047,0.140596868
TCGA-AG-3582-01A-01D-1989-10_wgs_Illumina.bam,979174856,922869090,56305766,0.05750328
TCGA-AG-3582-10A-01D-1167_101105_SN208_0168_A80A3BABXX_s_2_rg.sorted.bam,111902594,103161302,8741292,0.078115186
TCGA-AG-3582-10A-01D-1989-10_wgs_Illumina.bam,1179366922,1114016476,65350446,0.055411463
TCGA-AG-3593-01A-01D-1525-10_hg19_wgs_Illumina.bam,1255755066,1193005208,62749858,0.049969823
TCGA-AG-3593-01A-01D-1525-10_Illumina.bam,1255755066,1186880297,68874769,0.054847295
TCGA-AG-3593-10A-01D-1525-10_hg19_wgs_Illumina.bam,1140776876,1084287796,56489080,0.049518079
TCGA-AG-3593-10A-01D-1525-10_Illumina.bam,1140776876,1077616315,63160561,0.05536627
TCGA-AG-3727-01A-01D-1167_101105_SN208_0168_A80A3BABXX_s_3.rg.sorted.bam,125494048,101327362,24166686,0.192572368
TCGA-AG-3727-01A-01D-1989-10_wgs_Illumina.bam,1000400958,954832452,45568506,0.045550242
TCGA-AG-3727-10A-01D-1989-10_wgs_Illumina.bam,947716828,907210108,40506720,0.042741375
TCGA-AG-3728-01A-01D-1115-02_IlluminaHiSeq-DNASeq_whole.bam,237176056,210770542,26405514,0.111332967
TCGA-AG-3728-10A-01D-1115-02_IlluminaHiSeq-DNASeq_whole.bam,249889058,222623870,27265188,0.109109171
TCGA-AG-3878-01A-02D-1167-02_IlluminaHiSeq-DNASeq_whole.bam,194035442,153974378,40061064,0.206462611
TCGA-AG-3878-10A-01D-1167-02_IlluminaHiSeq-DNASeq_whole.bam,153359176,121697971,31661205,0.206451324
TCGA-AG-3882-01A-01D-0957-02_IlluminaGAII-DNASeq_whole.bam,128108820,114065948,14042872,0.109616746
TCGA-AG-3885-01A-01D-0967-10_wgs_Illumina.bam,1020446436,965699048,54747388,0.053650428
TCGA-AG-3885-10A-01D-0967-10_wgs_Illumina.bam,1064352898,1003281280,61071618,0.057379106
TCGA-AG-3887-01A-01D-1115-02_IlluminaHiSeq-DNASeq_whole.bam,263732026,231396780,32335246,0.122606444
TCGA-AG-3887-10A-01D-1115-02_IlluminaHiSeq-DNASeq_whole.bam,270508942,238456478,32052464,0.11848948
TCGA-AG-3890-01A-01D-1115-02_IlluminaHiSeq-DNASeq_whole.bam,260025430,230490240,29535190,0.113585775
TCGA-AG-3890-01A-01D-1989-10_wgs_Illumina.bam,1650354518,1561370007,88984511,0.053918422
TCGA-AG-3890-10A-01D-1115-02_IlluminaHiSeq-DNASeq_whole.bam,107322154,99112238,8209916,0.076497868
TCGA-AG-3890-10A-01D-1989-10_wgs_Illumina.bam,983453184,939055396,44397788,0.045144791
TCGA-AG-3892-01A-01D-1115-02_IlluminaHiSeq-DNASeq_whole.bam,261839312,232583566,29255746,0.111731679
TCGA-AG-3892-10A-01D-1115-02_IlluminaHiSeq-DNASeq_whole.bam,245037402,220420967,24616435,0.100459909
TCGA-AG-3893-01A-01D-1115-02_IlluminaHiSeq-DNASeq_whole.bam,328192902,273094528,55098374,0.167884112
TCGA-AG-3893-10A-01D-1115-02_IlluminaHiSeq-DNASeq_whole.bam,315781066,270268473,45512593,0.144127048
TCGA-AG-3894-01A-01D-1115-02_IlluminaHiSeq-DNASeq_whole.bam,309848698,264099461,45749237,0.147650248
TCGA-AG-3894-10A-01D-1115-02_IlluminaHiSeq-DNASeq_whole.bam,298107686,259311195,38796491,0.130142538
TCGA-AG-3896-01A-01D-1115-02_IlluminaHiSeq-DNASeq_whole.bam,333103770,276734162,56369608,0.169225368
TCGA-AG-3896-01A-01D-1989-10_wgs_Illumina.bam,1681079836,1587980998,93098838,0.055380379
TCGA-AG-3896-10A-01D-1115-02_IlluminaHiSeq-DNASeq_whole.bam,297233064,259014271,38218793,0.128581903
TCGA-AG-3896-10A-01D-1989-10_wgs_Illumina.bam,1136188258,1083901238,52287020,0.04601968
TCGA-AG-3898-01A-01D-1115-02_IlluminaHiSeq-DNASeq_whole.bam,97864362,89670784,8193578,0.083723818
TCGA-AG-3898-10A-01D-1115-02_IlluminaHiSeq-DNASeq_whole.bam,90122736,82736612,7386124,0.081956278
TCGA-AG-3901-01A-01D-1115-02_IlluminaHiSeq-DNASeq_whole.bam,326796470,255680615,71115855,0.217615126
TCGA-AG-3901-01A-01D-1989-10_wgs_Illumina.bam,1705835054,1615989691,89845363,0.052669432
TCGA-AG-3901-10A-01D-1115-02_IlluminaHiSeq-DNASeq_whole.bam,306202408,262499260,43703148,0.142726337
TCGA-AG-3901-10A-01D-1989-10_wgs_Illumina.bam,988804028,938619221,50184807,0.050753037
TCGA-AG-3902-01A-01D-1115-02_IlluminaHiSeq-DNASeq_whole.bam,260168310,230287486,29880824,0.114851897
TCGA-AG-3902-10A-01D-1115-02_IlluminaHiSeq-DNASeq_whole.bam,262549892,230615908,31933984,0.121630155
TCGA-AG-3909-01A-01D-1115-02_IlluminaHiSeq-DNASeq_whole.bam,235294712,209365006,25929706,0.110200972
TCGA-AG-3909-10A-01D-1115-02_IlluminaHiSeq-DNASeq_whole.bam,264450684,230676651,33774033,0.127713918
TCGA-AG-3999-01A-01D-1115-02_IlluminaHiSeq-DNASeq_whole.bam,240306308,213108545,27197763,0.113179563
TCGA-AG-3999-10A-01D-1115-02_IlluminaHiSeq-DNASeq_whole.bam,314752944,266637750,48115194,0.152866542
TCGA-AG-4001-01A-02D-1115-02_IlluminaHiSeq-DNASeq_whole.bam,264378604,234090134,30288470,0.114564755
TCGA-AG-4001-10A-01D-1115-02_IlluminaHiSeq-DNASeq_whole.bam,244152984,218722772,25430212,0.104156876
TCGA-AG-4005-01A-01D-1115_101122_SN177_0123_B20APUABXX_s_3_rg.sorted.bam,230576722,204683758,25892964,0.112296522
TCGA-AG-4005-10A-01D-1115_101122_SN177_0123_B20APUABXX_s_4_rg.sorted.bam,160321882,145532583,14789299,0.092247539
TCGA-AG-4007-01A-01D-1115-02_IlluminaHiSeq-DNASeq_whole.bam,219157766,195385231,23772535,0.108472246
TCGA-AG-4007-01A-01D-1989-10_wgs_Illumina.bam,1650509402,1563222502,87286900,0.052884824
TCGA-AG-4007-10A-01D-1115-02_IlluminaHiSeq-DNASeq_whole.bam,227382614,201403047,25979567,0.114254852
TCGA-AG-4007-10A-01D-1989-10_wgs_Illumina.bam,1002361894,948467302,53894592,0.053767599
TCGA-AG-4008-01A-01D-1115-02_IlluminaHiSeq-DNASeq_whole.bam,243029932,213309151,29720781,0.122292677
TCGA-AG-4008-01A-01D-1989-10_wgs_Illumina.bam,1518592616,1444692881,73899735,0.048663305
TCGA-AG-4008-10A-01D-1115-02_IlluminaHiSeq-DNASeq_whole.bam,232537650,204220840,28316810,0.121773012
TCGA-AG-4008-10A-01D-1989-10_wgs_Illumina.bam,1076703650,1023779959,52923691,0.049153443
TCGA-AG-4015-01A-01D-1115-02_IlluminaHiSeq-DNASeq_whole.bam,204638596,182165855,22472741,0.109816728
TCGA-AG-4015-01A-01D-1989-10_wgs_Illumina.bam,1449007870,1370884424,78123446,0.053915129
TCGA-AG-4015-10A-01D-1115-02_IlluminaHiSeq-DNASeq_whole.bam,243228578,212673935,30554643,0.125621106
TCGA-AG-4015-10A-01D-1989-10_wgs_Illumina.bam,975581786,927060825,48520961,0.049735411
TCGA-AG-A002-01A-01D-A077-02_110217_SN208_0190_B81CLKABXX_s_1.rg.sorted.bam,249550600,205601673,43948927,0.176112287
TCGA-AG-A002-01A-01D-A183-10_wgs_Illumina.bam,2.27E+09,2125108351,141521649,0.062437032
TCGA-AG-A002-10A-01D-A078-02_110217_SN208_0190_B81CLKABXX_s_2.rg.sorted.bam,161167164,125719753,35447411,0.219941892
TCGA-AG-A002-10A-01D-A183-10_wgs_Illumina.bam,605775728,526486156,79289572,0.130889318
TCGA-AG-A008-01A-01D-A077-02_110217_SN208_0190_B81CLKABXX_s_7.rg.sorted.bam,275877258,219069863,56807395,0.205915469
TCGA-AG-A008-10A-01D-A078-02_110217_SN208_0190_B81CLKABXX_s_8.rg.sorted.bam,129009742,102335725,26674017,0.206759711
TCGA-AG-A00C-01A-01D-A077-02_IlluminaHiSeq-DNASeq_whole.bam,152633950,138361708,14272242,0.09350634
TCGA-AG-A00C-10A-01D-A078_110405_SN590_0074_AB04EUABXX_s_4_rg.sorted.bam,309717118,270339449,39377669,0.127140758
TCGA-AG-A00H-01A-01D-A077-02_IlluminaHiSeq-DNASeq_whole.bam,166537813,144231879,22305934,0.133939155
TCGA-AG-A00H-10A-01D-A078_110405_SN590_0074_AB04EUABXX_s_6_rg.sorted.bam,271963894,231948324,40015570,0.147135597
TCGA-AG-A00Y-01A-02D-A077-02_110405_SN590_0074_AB04EUABXX_s_7.rg.sorted.bam,307058722,284838028,22220694,0.072366269
TCGA-AG-A00Y-10A-01D-A078-02_110405_SN590_0074_AB04EUABXX_s_8.rg.sorted.bam,274302770,244377197,29925573,0.109096868
TCGA-AG-A011-01A-01D-A077-02_110409_SN590_0076_AB04G5ABXX_s_1.rg.sorted.bam,287033858,263542564,23491294,0.081841544
TCGA-AG-A011-10A-01D-A078-02_110409_SN590_0076_AB04G5ABXX_s_2.rg.sorted.bam,213798794,196739912,17058882,0.079789421
TCGA-AG-A014-01A-02D-A077_110504_SN590_0081_BB0BM5ABXX_s_6_rg.sorted.bam,267467426,240206746,27260680,0.101921495
TCGA-AG-A014-10A-01D-A078_110504_SN590_0081_BB0BM5ABXX_s_7_rg.sorted.bam,225833534,214926637,10906897,0.04829618
TCGA-AG-A015-01A-01D-A077-02_IlluminaHiSeq-DNASeq_whole.bam,169166154,151810826,17355328,0.102593383
TCGA-AG-A015-10A-01D-A078_110409_SN590_0076_AB04G5ABXX_s_6_rg.sorted.bam,224045358,200039176,24006182,0.107148759
TCGA-AG-A01L-01A-01D-A077_110406_SN177_0154_B818URABXX_s_1_rg.sorted.bam,143250218,132080094,11170124,0.077976314
TCGA-AG-A01L-10A-01D-A078_110406_SN177_0154_B818URABXX_s_2_rg.sorted.bam,151367684,130313653,21054031,0.139091981
TCGA-AG-A01N-01A-01D-A077_110406_SN177_0154_B818URABXX_s_3.rg.sorted.bam,136560504,125644580,10915924,0.079934708
TCGA-AG-A01N-10A-01D-A078_110406_SN177_0154_B818URABXX_s_4.rg.sorted.bam,152343436,127370808,24972628,0.163923229
TCGA-AG-A01W-01A-21D-A079-02_IlluminaHiSeq-DNASeq_whole.bam,146368162,133165825,13202337,0.090199513
TCGA-AG-A01W-11A-11D-A079-02_IlluminaHiSeq-DNASeq_whole.bam,139601226,127622246,11978980,0.085808559
TCGA-AG-A01Y-01A-41D-A079-02_IlluminaHiSeq-DNASeq_whole.bam,144000860,132133302,11867558,0.082413105
TCGA-AG-A01Y-11A-11D-A079-02_IlluminaHiSeq-DNASeq_whole.bam,178453808,161819055,16634753,0.093216016
TCGA-AG-A020-01A-21D-A079-02_110409_SN590_0077_BB04EHABXX_s_1.rg.sorted.bam,201636306,191248348,10387958,0.051518292
TCGA-AG-A020-11A-11D-A079-02_110409_SN590_0077_BB04EHABXX_s_2.rg.sorted.bam,189083240,179078734,10004506,0.052910591
TCGA-AG-A032-01A-01D-A077-02_IlluminaHiSeq-DNASeq_whole.bam,239825162,201132945,38692217,0.161335102
TCGA-AG-A032-01A-01D-A183-10_wgs_Illumina.bam,1483422514,1411796272,71626242,0.048284451
TCGA-AG-A032-10A-01D-A078-02_IlluminaHiSeq-DNASeq_whole.bam,183042268,156812339,26229929,0.143299847
TCGA-AG-A032-10A-01D-A183-10_wgs_Illumina.bam,1208002700,1145039910,62962790,0.052121398
TCGA-AK-3428-01A-02D-2096-10_Illumina.bam,939290000,895119241,44170759,0.047025689
TCGA-AK-3428-10A-01D-1995-10_Illumina.bam,1104062826,1031450262,72612564,0.065768507
TCGA-AK-3454-01A-02D-2096-10_wgs_Illumina.bam,943661690,895688281,47973409,0.050837508
TCGA-AK-3454-10A-01D-2096-10_Illumina.bam,1159157406,1099875091,59282315,0.051142593
TCGA-AK-3455-01A-01D-2233-10_wgs_Illumina.bam,990044820,938381737,51663083,0.05218257
TCGA-AK-3455-10A-01D-2233-10_Illumina.bam,1135189646,1079854755,55334891,0.048745063
TCGA-AL-3466-01A-02D-1402-10_wgs_Illumina.bam,1915963196,1798547023,117416173,0.061283105
TCGA-AL-3466-10A-01D-A31Z-10_wgs_Illumina.bam,1042673142,988952331,53720811,0.051522197
TCGA-AL-3467-01A-02D-1402-10_wgs_Illumina.bam,1976163188,1830559105,145604083,0.073680192
TCGA-AL-3467-10A-01D-A31Z-10_wgs_Illumina.bam,1144432518,1078164654,66267864,0.057904562
TCGA-AL-3468-01A-02D-1402-10_wgs_Illumina.bam,2012345510,1857395921,154949589,0.076999495
TCGA-AL-3468-10A-01D-A31Z-10_wgs_Illumina.bam,1194299742,1129030527,65269215,0.054650615
TCGA-AL-3472-01A-01D-1253-10_wgs_Illumina.bam,1711432102,1554097096,157335006,0.091931784
TCGA-AL-3472-10A-01D-A31Z-10_wgs_Illumina.bam,1373002434,1303103306,69899128,0.05090969
TCGA-AL-3473-01A-01D-1253-10_wgs_Illumina.bam,2111610066,1932290189,179319877,0.084920924
TCGA-AL-3473-10A-01D-A31Z-10_wgs_Illumina.bam,1378180322,1308341579,69838743,0.050674605
TCGA-AL-A5DJ-01A-11D-A26P-10_wgs_Illumina.bam,2.48E+09,2.36E+09,118920000,0.047888855
TCGA-AL-A5DJ-10A-01D-A26P-10_wgs_Illumina.bam,1223000296,1152909957,70090339,0.057310157
TCGA-AO-A0J4-01A-11D-A128-09_IlluminaGA-DNASeq_whole.bam,1224551408,1166331986,58219422,0.047543469
TCGA-AO-A0J4-10A-01D-A128-09_IlluminaGA-DNASeq_whole.bam,1230589044,1169373129,61215915,0.049745214
TCGA-AO-A0J6-01A-11D-A128-09_IlluminaGA-DNASeq_whole.bam,1184970144,1120074061,64896083,0.054766007
TCGA-AO-A0J6-10A-01D-A128-09_IlluminaGA-DNASeq_whole.bam,1323489300,1257790328,65698972,0.049640728
TCGA-AO-A0JF-01A-11D-A060_130719_SN1120_0270_AC2CVRACXX_s_1_rg.sorted.bam,247192240,240126241,7065999,0.028585036
TCGA-AO-A0JF-10A-01D-A060_130719_SN1120_0270_AC2CVRACXX_s_2_rg.sorted.bam,253634680,246415435,7219245,0.028463162
TCGA-AO-A0JJ-01A-11D-A060_130725_SN590_0233_AD2B3HACXX_s_3_rg.sorted.bam,429511788,405553400,23958388,0.055780513
TCGA-AO-A0JJ-10A-01D-A060_130725_SN590_0233_AD2B3HACXX_s_4_rg.sorted.bam,416628576,395551587,21076989,0.050589398
TCGA-AO-A0JL-01A-11D-A060_130725_SN590_0234_BC29HAACXX_s_1_rg.sorted.bam,440758080,418895630,21862450,0.049601927
TCGA-AO-A0JL-10A-01D-A060_130725_SN590_0234_BC29HAACXX_s_2_rg.sorted.bam,435564410,414659819,20904591,0.047994259
TCGA-AP-A054-01A-11D-A043_120209_SN1120_0114_BC0DFVACXX_s_1_rg.sorted.bam,224432658,194949862,29482796,0.131365891
TCGA-AP-A054-10A-01D-A043_120209_SN1120_0114_BC0DFVACXX_s_2_rg.sorted.bam,278712870,263768882,14943988,0.053617861
TCGA-AP-A05P-01A-11D-A043_120214_SN590_0139_BC0DYEACXX_s_5_rg.sorted.bam,388639268,357583746,31055522,0.079908348
TCGA-AP-A05P-10A-01D-A043_120214_SN590_0139_BC0DYEACXX_s_6_rg.sorted.bam,415538182,395474803,20063379,0.048282877
TCGA-AP-A0L8-01A-11D-A043_120324_SN1120_0127_BC0L80ACXX_s_5_rg.sorted.bam,353849522,319629068,34220454,0.096709058
TCGA-AP-A0L8-10A-01D-A043_120324_SN1120_0127_BC0L80ACXX_s_6_rg.sorted.bam,559982448,526790316,33192132,0.059273522
TCGA-AP-A0L9-01A-11D-A043_120318_SN590_0147_BD0U3RACXX_s_3_rg.sorted.bam,381893542,266374962,115518580,0.302488959
TCGA-AP-A0L9-10A-01D-A043_120318_SN590_0147_BD0U3RACXX_s_4_rg.sorted.bam,285806766,275261307,10545459,0.036897164
TCGA-AP-A0LD-01A-11D-A043_120330_SN1120_0128_AC0L52ACXX_s_6_rg.sorted.bam,284231664,252628940,31602724,0.1111865
TCGA-AP-A0LD-10A-01D-A043_120330_SN1120_0128_AC0L52ACXX_s_3_rg.sorted.bam,393221712,377245357,15976355,0.040629382
TCGA-AP-A0LH-01A-11D-A043_120214_SN590_0138_AC0E8HACXX_s_1_rg.sorted.bam,571427018,423690061,147736957,0.258540378
TCGA-AP-A0LH-10A-01D-A043_120214_SN590_0138_AC0E8HACXX_s_2_rg.sorted.bam,527514466,474803804,52710662,0.099922685
TCGA-AP-A0LI-01A-11D-A043_120301_SN590_0142_AD0LPVACXX_s_7_rg.sorted.bam,334851912,278514074,56337838,0.168247025
TCGA-AP-A0LI-10A-01D-A043_120301_SN590_0142_AD0LPVACXX_s_8_rg.sorted.bam,351613770,288058607,63555163,0.18075277
TCGA-AP-A0LJ-01A-11D-A043_120324_SN1120_0127_BC0L80ACXX_s_7_rg.sorted.bam,545280008,515347494,29932514,0.054893841
TCGA-AP-A0LJ-10A-01D-A043_120324_SN1120_0127_BC0L80ACXX_s_8_rg.sorted.bam,435785806,416282662,19503144,0.044753968
TCGA-AP-A0LL-01A-12D-A101_120330_SN208_0279_BC0L73ACXX_s_3_rg.sorted.bam,375098210,347324696,27773514,0.074043313
TCGA-AP-A0LL-10A-01D-A101_120406_SN208_0281_AC0KDBACXX_s_4_rg.sorted.bam,449529730,427419321,22110409,0.049185643
TCGA-AP-A0LO-01A-11D-A043_120318_SN590_0147_BD0U3RACXX_s_7_rg.sorted.bam,457164182,431418769,25745413,0.056315464
TCGA-AP-A0LO-10A-01D-A043_120327_SN590_0148_BC0LM8ACXX_s_5_rg.sorted.bam,487911126,458616833,29294293,0.060040223
TCGA-AP-A0LP-01A-12D-A101_120330_SN208_0279_BC0L73ACXX_s_4_rg.sorted.bam,295151440,270646868,24504572,0.083023725
TCGA-AP-A0LP-10A-01D-A101_120406_SN208_0281_AC0KDBACXX_s_5_rg.sorted.bam,445888476,425023430,20865046,0.046794315
TCGA-AP-A0LQ-01A-12D-A101_120330_SN208_0279_BC0L73ACXX_s_5_rg.sorted.bam,329343216,310258358,19084858,0.057948235
TCGA-AP-A0LQ-10A-01D-A101_120406_SN208_0282_BC0L15ACXX_s_8_rg.sorted.bam,245302510,235377247,9925263,0.040461319
TCGA-AP-A0LT-01A-11D-A043_120327_SN590_0149_AD0U12ACXX_s_1_rg.sorted.bam,359763646,337920620,21843026,0.060714934
TCGA-AP-A0LT-10A-01D-A043_120327_SN590_0149_AD0U12ACXX_s_2_rg.sorted.bam,206968082,192447933,14520149,0.070156465
TCGA-AR-A0TU-01A-31D-A106_130719_SN1120_0270_AC2CVRACXX_s_5_rg.sorted.bam,274056318,266092479,7963839,0.029059133
TCGA-AR-A0TU-10A-01D-A106_130719_SN1120_0270_AC2CVRACXX_s_6_rg.sorted.bam,235380170,228317524,7062646,0.030005272
TCGA-AX-A0IU-01A-11D-A101_120330_SN208_0280_AD0UKLACXX_s_2_rg.sorted.bam,277177968,264112142,13065826,0.047138761
TCGA-AX-A0IU-10A-01D-A101_120406_SN208_0282_BC0L15ACXX_s_1_rg.sorted.bam,241837458,224475826,17361632,0.0717905
TCGA-AX-A0IW-01A-11D-A043_120327_SN590_0149_AD0U12ACXX_s_3_rg.sorted.bam,171276828,164079796,7197032,0.042019881
TCGA-AX-A0IW-10A-01D-A043_120327_SN590_0149_AD0U12ACXX_s_4_rg.sorted.bam,361821634,337319735,24501899,0.06771817
TCGA-AX-A0J1-01A-11D-A043_120403_SN1222_0094_BD0UKBACXX_s_4_rg.sorted.bam,253342120,235840079,17502041,0.069084608
TCGA-AX-A0J1-10A-01D-A043_120403_SN1222_0094_BD0UKBACXX_s_5_rg.sorted.bam,500279300,478904176,21375124,0.042726381
TCGA-AX-A1CJ-01A-11D-A133_120511_SN1120_0141_BC0VK9ACXX_s_5_rg.sorted.bam,421864798,392741758,29123040,0.069034061
TCGA-AX-A1CJ-11A-11D-A133_120511_SN1120_0141_BC0VK9ACXX_s_6_rg.sorted.bam,450927434,430412767,20514667,0.045494387
TCGA-AX-A2HD-01A-21D-A17E_120511_SN1120_0141_BC0VK9ACXX_s_1_rg.sorted.bam,437326768,418875802,18450966,0.042190342
TCGA-AX-A2HD-11A-11D-A17E_120511_SN1120_0141_BC0VK9ACXX_s_2_rg.sorted.bam,457901310,438008967,19892343,0.043442424
TCGA-AY-4070-01A-01D-1109-02_IlluminaHiSeq-DNASeq_whole.bam,87290906,78399013,8891893,0.101865056
TCGA-AY-4070-10A-01D-1109-02_IlluminaHiSeq-DNASeq_whole.bam,90947160,82192544,8754616,0.096260466
TCGA-AY-4071-01A-01D-1109-02_IlluminaHiSeq-DNASeq_whole.bam,100718286,92048286,8670000,0.086081687
TCGA-AY-4071-10A-01D-1109-02_IlluminaHiSeq-DNASeq_whole.bam,91879760,83645724,8234036,0.089617518
TCGA-AY-A54L-01A-11D-A28G-10_wgs_Illumina.bam,2.32E+09,2.18E+09,142570000,0.061495262
TCGA-AY-A54L-10A-01D-A28G-10_wgs_Illumina.bam,1336148820,1234631779,101517041,0.075977346
TCGA-AZ-4308-01A-01D-1405-02_IlluminaHiSeq-DNASeq_whole.bam,298564192,254475694,44088498,0.147668405
TCGA-AZ-4308-10A-01D-1405-02_IlluminaHiSeq-DNASeq_whole.bam,198051732,177984719,20067013,0.101322078
TCGA-AZ-4313-01A-01D-1405-02_IlluminaHiSeq-DNASeq_whole.bam,114584030,102824352,11759678,0.102629293
TCGA-AZ-4313-10A-01D-1405-02_IlluminaHiSeq-DNASeq_whole.bam,116189654,103861248,12328406,0.106105884
TCGA-AZ-4315-01A-01D-1405-02_IlluminaHiSeq-DNASeq_whole.bam,155616812,137242783,18374029,0.118072262
TCGA-AZ-4315-01A-01W-1461-10_wgs_Illumina.bam,2.40E+09,2.25E+09,146450000,0.061009902
TCGA-AZ-4315-10A-01D-1405_110225_SN177_0142_B81JPFABXX_s_4.rg.sorted.bam,354790740,221797548,132993192,0.374849671
TCGA-AZ-4315-10A-01W-1461-10_wgs_Illumina.bam,1367033562,1276974812,90058750,0.06587896
TCGA-AZ-4614-01A-01D-1405-02_IlluminaHiSeq-DNASeq_whole.bam,60872080,49208220,11663860,0.191612641
TCGA-AZ-4614-10A-01D-1405-02_IlluminaHiSeq-DNASeq_whole.bam,167532214,147443442,20088772,0.119909906
TCGA-AZ-4615-01A-01D-1405-02_IlluminaHiSeq-DNASeq_whole.bam,107812932,96743647,11069285,0.102671218
TCGA-AZ-4615-10A-01D-1405-02_IlluminaHiSeq-DNASeq_whole.bam,135269382,118908052,16361330,0.120953683
TCGA-AZ-4681-01A-01D-1405-02_IlluminaHiSeq-DNASeq_whole.bam,257735750,227773465,29962285,0.116251956
TCGA-AZ-4681-10A-01D-1405-02_IlluminaHiSeq-DNASeq_whole.bam,197732972,187679099,10053873,0.050845708
TCGA-AZ-4682-01B-01D-1405-02_IlluminaHiSeq-DNASeq_whole.bam,260988618,229178225,31810393,0.121884216
TCGA-AZ-4682-10A-01D-1405-02_IlluminaHiSeq-DNASeq_whole.bam,167258370,159070870,8187500,0.048951212
TCGA-AZ-4684-01A-01D-1405-02_IlluminaHiSeq-DNASeq_whole.bam,239961204,212948322,27012882,0.112571872
TCGA-AZ-4684-10A-01D-1405-02_IlluminaHiSeq-DNASeq_whole.bam,268755584,235322148,33433436,0.124400898
TCGA-AZ-6601-01A-11D-1771-10_wgs_Illumina.bam,2.29E+09,2105562805,182677195,0.079833057
TCGA-AZ-6601-11A-01D-1771-10_wgs_Illumina.bam,1177545214,1100399762,77145452,0.065513792
TCGA-B0-5094-01A-01D-2099-10_wgs_Illumina.bam,1033138736,978006867,55131869,0.053363471
TCGA-B0-5094-11A-01D-2099-10_wgs_Illumina.bam,1157670828,1103904005,53766823,0.046443965
TCGA-B0-5693-01A-11D-2103-10_Illumina.bam,1032629048,985024485,47604563,0.046100352
TCGA-B0-5693-11A-01D-2103-10_wgs_Illumina.bam,1019102028,972989617,46112411,0.045248081
TCGA-B0-5695-01A-11D-2103-10_wgs_Illumina.bam,2087362576,1985239396,102123180,0.048924505
TCGA-B0-5695-11A-01D-2103-10_wgs_Illumina.bam,1110592920,1051973288,58619632,0.052782285
TCGA-B1-A47M-01A-11D-A25F-10_wgs_Illumina.bam,1986490570,1863258008,123232562,0.062035312
TCGA-B1-A47M-10A-01D-A25F-10_wgs_Illumina.bam,1191756314,1108069908,83686406,0.070221072
TCGA-B1-A47M-11A-11D-A25F-10_wgs_Illumina.bam,1166284636,1090318137,75966499,0.065135471
TCGA-B1-A47N-01A-11D-A25F-10_wgs_Illumina.bam,2.19E+09,2042000794,151059206,0.068880562
TCGA-B1-A47N-10A-01D-A25F-10_wgs_Illumina.bam,1173481432,1091418992,82062440,0.069930753
TCGA-B1-A47O-01A-11D-A25F-10_wgs_Illumina.bam,2.20E+09,2073796921,129653079,0.058840944
TCGA-B1-A47O-10A-01D-A25F-10_wgs_Illumina.bam,1142232808,1072384984,69847824,0.061150252
TCGA-B2-4099-01A-02D-2095-10_wgs_Illumina.bam,1055439598,969829368,85610230,0.081113339
TCGA-B2-4099-10A-01D-2095-10_Illumina.bam,1139182630,1077453349,61729281,0.054187344
TCGA-B2-4101-01A-02D-2096-10_Illumina.bam,2083973700,1988866453,95107247,0.045637451
TCGA-B2-4101-11A-01D-2096-10_Illumina.bam,1167895054,1117410609,50484445,0.043226868
TCGA-B2-4102-01A-02D-2095-10_wgs_Illumina.bam,2.37E+09,2.24E+09,127970000,0.054038418
TCGA-B2-4102-11A-01D-2095-10_Illumina.bam,1080759218,1032864176,47895042,0.044316108
TCGA-B3-3925-01A-02D-1402-10_wgs_Illumina.bam,1985725852,1821081898,164643954,0.082913738
TCGA-B3-3925-10A-01D-1459-10_wgs_Illumina.bam,753584740,713671571,39913169,0.052964407
TCGA-B3-3926-01A-02D-1402-10_wgs_Illumina.bam,2084948722,1937320092,147628630,0.07080684
TCGA-B3-3926-11A-01D-1253-10_wgs_Illumina.bam,1284328914,1219926709,64402205,0.050144635
TCGA-B3-4103-01A-02D-1402-10_wgs_Illumina.bam,1900348358,1799173517,101174841,0.053240155
TCGA-B3-4103-10A-01D-1459-10_wgs_Illumina.bam,744315752,707414458,36901294,0.049577473
TCGA-B3-4104-01A-02D-1402-10_wgs_Illumina.bam,2.18E+09,2061091383,122888617,0.056268197
TCGA-B3-4104-11A-01D-1253-10_wgs_Illumina.bam,1365890774,1293734378,72156396,0.052827354
TCGA-B5-A0JN-01A-11D-A101_120330_SN208_0280_AD0UKLACXX_s_3_rg.sorted.bam,338575716,319303005,19272711,0.056922898
TCGA-B5-A0JN-10A-01D-A101_120406_SN208_0282_BC0L15ACXX_s_2_rg.sorted.bam,246870532,234900259,11970273,0.048488059
TCGA-B5-A0JR-01A-13D-A043_120403_SN1222_0094_BD0UKBACXX_s_6_rg.sorted.bam,352172490,341004779,11167711,0.031710912
TCGA-B5-A0JR-10A-01D-A043_120403_SN1222_0094_BD0UKBACXX_s_7_rg.sorted.bam,486307972,465402424,20905548,0.04298829
TCGA-B5-A0JS-01A-11D-A101_120330_SN208_0280_AD0UKLACXX_s_4_rg.sorted.bam,285292038,270840546,14451492,0.050655083
TCGA-B5-A0JS-10A-01D-A101_120406_SN208_0282_BC0L15ACXX_s_3_rg.sorted.bam,258141524,246731727,11409797,0.044199774
TCGA-B5-A0JV-01A-11D-A101_120330_SN208_0280_AD0UKLACXX_s_5_rg.sorted.bam,329955720,310162165,19793555,0.059988519
TCGA-B5-A0JV-10A-01D-A101_120406_SN208_0282_BC0L15ACXX_s_4_rg.sorted.bam,229196944,218057418,11139526,0.048602419
TCGA-B5-A0JY-01A-11D-A101_120330_SN208_0280_AD0UKLACXX_s_6_rg.sorted.bam,329642828,306505004,23137824,0.070190588
TCGA-B5-A0JY-10A-01D-A101_120406_SN208_0282_BC0L15ACXX_s_5_rg.sorted.bam,187207356,180198456,7008900,0.037439234
TCGA-B5-A0K0-01A-11D-A043_120209_SN1120_0113_AC0DKVACXX_s_7_rg.sorted.bam,523509212,479503523,44005689,0.084059054
TCGA-B5-A0K0-01A-11D-A043_120209_SN1120_0114_BC0DFVACXX_s_7_rg.sorted.bam,229610112,212465186,17144926,0.074669734
TCGA-B5-A0K0-10A-01D-A043_120209_SN1120_0114_BC0DFVACXX_s_8_rg.sorted.bam,377168822,350538615,26630207,0.070605536
TCGA-B5-A0K0-10A-01D-A043_120322_SN208_0278_BD0RB0ACXX_s_5_rg.sorted.bam,558314196,496662212,61651984,0.110425249
TCGA-B5-A0K1-01A-11D-A043_120214_SN590_0138_AC0E8HACXX_s_3_rg.sorted.bam,463091040,381272392,81818648,0.176679402
TCGA-B5-A0K1-10A-01D-A043_120214_SN590_0138_AC0E8HACXX_s_4_rg.sorted.bam,524901014,444979423,79921591,0.15226031
TCGA-B5-A0K4-01A-11D-A043_120504_SN590_0156_BC0H68ACXX_s_3_rg.sorted.bam,462085562,393903487,68182075,0.147552922
TCGA-B5-A0K4-10A-01D-A043_120504_SN590_0156_BC0H68ACXX_s_4_rg.sorted.bam,450871134,427426906,23444228,0.051997625
TCGA-B5-A0K6-01A-11D-A043_120327_SN590_0149_AD0U12ACXX_s_5_rg.sorted.bam,300948744,265149930,35798814,0.118953193
TCGA-B5-A0K6-10A-01D-A043_120327_SN590_0149_AD0U12ACXX_s_6_rg.sorted.bam,240206682,225853972,14352710,0.059751502
TCGA-B5-A0K7-01A-11D-A101_120330_SN208_0280_AD0UKLACXX_s_8_rg.sorted.bam,314320990,295060830,19260160,0.06127545
TCGA-B5-A0K7-10A-02D-A101_120406_SN208_0282_BC0L15ACXX_s_7_rg.sorted.bam,221753284,213341501,8411783,0.037933071
TCGA-B5-A0K9-01A-21D-A101_120330_SN208_0279_BC0L73ACXX_s_1_rg.sorted.bam,301104206,285542186,15562020,0.05168317
TCGA-B5-A0K9-10A-02D-A101_120406_SN208_0281_AC0KDBACXX_s_2_rg.sorted.bam,441495918,419321894,22174024,0.050224754
TCGA-B6-A0RE-01A-11D-A060_130725_SN590_0234_BC29HAACXX_s_7_rg.sorted.bam,410216188,391824178,18392010,0.04483492
TCGA-B6-A0RE-10A-01D-A060_130725_SN590_0234_BC29HAACXX_s_8_rg.sorted.bam,352933624,338617703,14315921,0.040562644
TCGA-B6-A0RG-01A-11D-A060_130807_SN590_0235_AC29RAACXX_s_3_rg.sorted.bam,403741606,387297908,16443698,0.040728272
TCGA-B6-A0RG-10A-01D-A060_130807_SN590_0235_AC29RAACXX_s_4_rg.sorted.bam,438243218,417003508,21239710,0.048465576
TCGA-B6-A0RI-01A-11D-A060_130807_SN590_0236_BC291KACXX_s_3_rg.sorted.bam,406512662,385603260,20909402,0.051436041
TCGA-B6-A0RI-10A-01D-A060_130807_SN590_0236_BC291KACXX_s_4_rg.sorted.bam,379313036,361943847,17369189,0.045791173
TCGA-B6-A0X4-01A-11D-A106_130719_SN1120_0270_AC2CVRACXX_s_7_rg.sorted.bam,225696210,219052163,6644047,0.029438009
TCGA-B6-A0X4-10A-01D-A106_130719_SN1120_0270_AC2CVRACXX_s_8_rg.sorted.bam,197431744,191936824,5494920,0.027831998
TCGA-B7-5816-01A-21D-1598_121025_SN590_0187_BC191FACXX_s_1_rg.sorted.bam,113320624,110115725,3204899,0.028281692
TCGA-B7-5816-01A-21R-1602-13_rnaseq.bam,254054534,193454529,60600005,0.238531484
TCGA-B7-5816-10A-01D-1598_121107_SN590_0199_AC179PACXX_s_1_rg.sorted.bam,531636056,474261023,57375033,0.107921636
TCGA-B7-5818-01A-11D-1598_121025_SN590_0187_BC191FACXX_s_2_rg.sorted.bam,122158272,118813454,3344818,0.027381019
TCGA-B7-5818-01A-11D-1598_121130_SN1222_0160_AC1F13ACXX_s_8_rg.sorted.bam,430561444,414725246,15836198,0.036780344
TCGA-B7-5818-01A-11R-1602-13_rnaseq.bam,180389004,117419654,62969350,0.349075324
TCGA-B7-5818-10A-01D-1598_121107_SN590_0199_AC179PACXX_s_2_rg.sorted.bam,512276478,470641878,41634600,0.081273691
TCGA-B7-A5TI-01A-11R-A31P-31_rnaseq.bam,192377074,166575491,25801583,0.134119843
TCGA-B7-A5TJ-01A-11R-A31P-31_rnaseq.bam,210310952,184154213,26156739,0.12437174
TCGA-B7-A5TK-01A-12R-A36D-31_rnaseq.bam,238236680,178037426,60199254,0.252686757
TCGA-B7-A5TN-01A-21R-A31P-31_rnaseq.bam,230298794,200226499,30072295,0.130579472
TCGA-B9-4113-01A-01D-1253-10_wgs_Illumina.bam,2.16E+09,1989559677,171650323,0.07942325
TCGA-B9-4113-11A-01D-1253-10_wgs_Illumina.bam,1074278962,1020225330,54053632,0.050316197
TCGA-B9-4114-01A-01D-1253-10_wgs_Illumina.bam,2005957144,1841914206,164042938,0.081777888
TCGA-B9-4114-10A-01D-A31Z-10_wgs_Illumina.bam,1357918654,1291456335,66462319,0.048944257
TCGA-B9-4115-01A-01D-1554-10_wgs_Illumina.bam,1874391468,1689990714,184400754,0.098378998
TCGA-B9-4115-10A-01D-A31Z-10_wgs_Illumina.bam,1350875346,1284787448,66087898,0.048922277
TCGA-B9-4116-01A-02D-1402-10_wgs_Illumina.bam,1974498132,1844095439,130402693,0.066043462
TCGA-B9-4116-10A-01D-A31Z-10_wgs_Illumina.bam,1332391948,1266973592,65418356,0.049098432
TCGA-B9-4117-01A-02D-1402-10_wgs_Illumina.bam,2.33E+09,2.15E+09,175310000,0.075365197
TCGA-B9-4117-10A-01D-A31Z-10_wgs_Illumina.bam,1299196706,1234735898,64460808,0.049615896
TCGA-B9-4617-01A-01D-1253-10_wgs_Illumina.bam,2.31E+09,2112540646,197549354,0.085515869
TCGA-B9-4617-10A-01D-A31Z-10_wgs_Illumina.bam,1275088742,1206375115,68713627,0.05388929
TCGA-B9-A44B-01A-11D-A25F-10_wgs_Illumina.bam,2.21E+09,2076754602,132575398,0.06000706
TCGA-B9-A44B-10A-01D-A25F-10_wgs_Illumina.bam,1160580254,1075891802,84688452,0.072970785
TCGA-BA-4074-01A-01D-1431_120310_SN590_0145_BD0RGYACXX_s_1_rg.sorted.bam,383178258,369097142,14081116,0.036748212
TCGA-BA-4074-10A-01D-1431_120310_SN590_0145_BD0RGYACXX_s_2_rg.sorted.bam,388898384,373421339,15477045,0.039797144
TCGA-BA-4075-01A-01D-1431_120310_SN590_0145_BD0RGYACXX_s_3_rg.sorted.bam,383383180,205658266,177724914,0.46356993
TCGA-BA-4075-10A-01D-1431_120310_SN590_0145_BD0RGYACXX_s_4_rg.sorted.bam,320983408,308704023,12279385,0.038255513
TCGA-BA-4076-01A-01D-1431_120310_SN590_0145_BD0RGYACXX_s_5_rg.sorted.bam,342684612,329578483,13106129,0.038245455
TCGA-BA-4076-01A-01D-2266-10_Illumina.bam,1872148032,1791409873,80738159,0.043125948
TCGA-BA-4076-10A-01D-1431_120310_SN590_0145_BD0RGYACXX_s_6_rg.sorted.bam,399400918,371323770,28077148,0.070298156
TCGA-BA-4076-10A-01D-2266-10_Illumina.bam,979149692,942141237,37008455,0.037796524
TCGA-BA-4077-01B-01D-1431_120310_SN590_0145_BD0RGYACXX_s_7_rg.sorted.bam,415354654,375228399,40126255,0.096607212
TCGA-BA-4077-10A-01D-1431_120310_SN590_0145_BD0RGYACXX_s_8_rg.sorted.bam,440563138,409582851,30980287,0.070319744
TCGA-BA-4078-01A-01D-1431_120423_SN590_0154_AC0JBHACXX_s_1_rg.sorted.bam,261706892,253684942,8021950,0.030652422
TCGA-BA-4078-01A-01D-1431_120612_SN590_0161_AC0VUTACXX_s_5_rg.sorted.bam,482739660,385974556,96765104,0.200449874
TCGA-BA-4078-10A-01D-1431_120423_SN590_0154_AC0JBHACXX_s_2_rg.sorted.bam,313071432,302541735,10529697,0.033633529
TCGA-BA-4078-10A-01D-1431_120612_SN590_0161_AC0VUTACXX_s_6_rg.sorted.bam,472510888,392197805,80313083,0.169970862
TCGA-BA-5149-01A-01D-1509_120420_SN1120_0135_BD0T5FACXX_s_1_rg.sorted.bam,448624716,414676836,33947880,0.075670998
TCGA-BA-5149-01A-01D-A32X-10_wgs_Illumina.bam,2.19E+09,2021529346,170150654,0.077634807
TCGA-BA-5149-10A-01D-1509_120420_SN208_0285_AD0T5JACXX_s_4_rg.sorted.bam,383967708,367825887,16141821,0.042039527
TCGA-BA-5149-10A-01D-A32X-10_wgs_Illumina.bam,1267236586,1208980206,58256380,0.045971195
TCGA-BA-5151-01A-01D-1431_120423_SN590_0154_AC0JBHACXX_s_3_rg.sorted.bam,279283784,269227198,10056586,0.036008485
TCGA-BA-5151-10A-01D-1431_120423_SN590_0154_AC0JBHACXX_s_4_rg.sorted.bam,313043950,301676843,11367107,0.036311537
TCGA-BA-5153-01A-01D-1431_120423_SN590_0154_AC0JBHACXX_s_5_rg.sorted.bam,297363038,286297828,11065210,0.037211114
TCGA-BA-5153-10A-01D-1431_120423_SN590_0154_AC0JBHACXX_s_6_rg.sorted.bam,321279858,309556411,11723447,0.036489829
TCGA-BA-5555-01A-01D-1509_120420_SN1120_0135_BD0T5FACXX_s_2_rg.sorted.bam,369017178,355710436,13306742,0.036059953
TCGA-BA-5555-10A-01D-1509_120420_SN208_0285_AD0T5JACXX_s_5_rg.sorted.bam,453917954,430917122,23000832,0.050671783
TCGA-BA-5556-01A-01D-A32X-10_wgs_Illumina.bam,2.27E+09,2130694775,143145225,0.062953077
TCGA-BA-5556-10A-01D-A32X-10_wgs_Illumina.bam,1282176636,1167018101,115158535,0.089814876
TCGA-BA-5557-01A-01D-1509_120420_SN1120_0135_BD0T5FACXX_s_4_rg.sorted.bam,386010364,370678747,15331617,0.039718149
TCGA-BA-5557-10A-01D-1509_120420_SN208_0285_AD0T5JACXX_s_7_rg.sorted.bam,427169076,407219096,19949980,0.046702772
TCGA-BA-5558-01A-01D-1509_120420_SN1120_0135_BD0T5FACXX_s_5_rg.sorted.bam,444122056,421561670,22560386,0.050797716
TCGA-BA-5558-10A-01D-1509_120420_SN208_0285_AD0T5JACXX_s_8_rg.sorted.bam,408702728,389579563,19123165,0.046789913
TCGA-BA-5559-01A-01D-1509_120420_SN1120_0135_BD0T5FACXX_s_6_rg.sorted.bam,523481324,489308561,34172763,0.065279813
TCGA-BA-5559-10A-01D-1509_120420_SN208_0286_BD0T87ACXX_s_1_rg.sorted.bam,435416580,412404444,23012136,0.052850849
TCGA-BA-6869-01A-11D-A32X-10_wgs_Illumina.bam,2.20E+09,2043251177,161028823,0.073052799
TCGA-BA-6869-10A-01D-A32X-10_wgs_Illumina.bam,1374838624,1306155030,68683594,0.049957568
TCGA-BA-6872-01A-11D-A32X-10_wgs_Illumina.bam,2.30E+09,2.20E+09,97840000,0.042556893
TCGA-BA-6872-10A-01D-A32X-10_wgs_Illumina.bam,1230344970,1191314138,39030832,0.031723486
TCGA-BA-6873-10A-01D-2266-10_Illumina.bam,1197920494,1151402552,46517942,0.038832245
TCGA-BB-4223-01A-01D-1431_120423_SN590_0154_AC0JBHACXX_s_7_rg.sorted.bam,388519768,372097763,16422005,0.042268132
TCGA-BB-4223-10A-01D-1431_120423_SN590_0154_AC0JBHACXX_s_8_rg.sorted.bam,374466704,359006720,15459984,0.041285337
TCGA-BB-4224-01A-01D-1431_120423_SN590_0153_BC0KJ3ACXX_s_1_rg.sorted.bam,344713904,328373095,16340809,0.047403974
TCGA-BB-4224-10A-01D-1431_120423_SN590_0153_BC0KJ3ACXX_s_2_rg.sorted.bam,360274702,343156887,17117815,0.047513231
TCGA-BB-4225-01A-01D-1431_120423_SN590_0153_BC0KJ3ACXX_s_3_rg.sorted.bam,333699168,319739582,13959586,0.041832846
TCGA-BB-4225-10A-01D-1431_120423_SN590_0153_BC0KJ3ACXX_s_4_rg.sorted.bam,387163144,366424350,20738794,0.053566034
TCGA-BC-A10Q-01A-11D-A12Z-10_wgs_Illumina.bam,2.47E+09,2.36E+09,116000000,0.046943797
TCGA-BC-A10Q-11A-11D-A12Z-10_wgs_Illumina.bam,1173244290,1107282274,65962016,0.056221894
TCGA-BC-A216-01A-11D-A152-10_wgs_Illumina.bam,1951587108,1847249840,104337268,0.053462778
TCGA-BC-A216-11A-11D-A152-10_wgs_Illumina.bam,1117382750,1055692474,61690276,0.055209619
TCGA-BC-A217-01A-11D-A152-10_wgs_Illumina.bam,2.21E+09,2099100883,114319117,0.051648181
TCGA-BC-A217-10A-01D-A152-10_wgs_Illumina.bam,1068305802,1008480931,59824871,0.055999762
TCGA-BF-A1PU-01A-11D-A18Z_120517_SN208_0300_BC0VYMACXX_s_5_rg.sorted.bam,282345666,270902491,11443175,0.040528956
TCGA-BF-A1PU-10A-01D-A18Z_120517_SN208_0300_BC0VYMACXX_s_8_rg.sorted.bam,342721002,327180042,15540960,0.045345806
TCGA-BF-A1PV-01A-11D-A18Z_120517_SN208_0300_BC0VYMACXX_s_1_rg.sorted.bam,268102230,253768890,14333340,0.053462218
TCGA-BF-A1PV-10A-01D-A18Z_120517_SN208_0300_BC0VYMACXX_s_2_rg.sorted.bam,249289610,240002217,9287393,0.037255436
TCGA-BF-A1PX-01A-12D-A18Z_120518_SN1120_0142_AC0VG4ACXX_s_2_rg.sorted.bam,484489234,460448959,24040275,0.049619833
TCGA-BF-A1PX-10A-01D-A18Z_120518_SN1120_0142_AC0VG4ACXX_s_4_rg.sorted.bam,289696952,278819618,10877334,0.037547285
TCGA-BF-A1PZ-01A-11D-A18Z_120612_SN590_0162_BC0VNGACXX_s_5_rg.sorted.bam,311984348,297930803,14053545,0.045045673
TCGA-BF-A1PZ-10A-01D-A18Z_120612_SN590_0162_BC0VNGACXX_s_6_rg.sorted.bam,382162486,364505560,17656926,0.046202667
TCGA-BF-A1Q0-01A-21D-A18Z_120520_SN590_0158_AC0J99ACXX_s_5_rg.sorted.bam,323268898,310734419,12534479,0.038774157
TCGA-BF-A1Q0-10A-01D-A18Z_120520_SN590_0158_AC0J99ACXX_s_6_rg.sorted.bam,348623370,335225137,13398233,0.038431827
TCGA-BG-A0LW-01A-11D-A043_120214_SN590_0138_AC0E8HACXX_s_5_rg.sorted.bam,470550118,406852889,63697229,0.135367576
TCGA-BG-A0LW-10A-01D-A043_120214_SN590_0138_AC0E8HACXX_s_6_rg.sorted.bam,529781944,470906075,58875869,0.111132268
TCGA-BG-A0LX-01A-11D-A043_120214_SN590_0138_AC0E8HACXX_s_7_rg.sorted.bam,567977438,356559292,211418146,0.372229831
TCGA-BG-A0LX-10A-01D-A043_120214_SN590_0138_AC0E8HACXX_s_8_rg.sorted.bam,140543062,96000423,44542639,0.316932322
TCGA-BG-A0LX-10A-01D-A043_120322_SN208_0278_BD0RB0ACXX_s_6_rg.sorted.bam,441153678,406823758,34329920,0.077818506
TCGA-BG-A0M0-01A-11D-A101_120330_SN208_0279_BC0L73ACXX_s_6_rg.sorted.bam,301288418,277118132,24170286,0.080223084
TCGA-BG-A0M0-10A-01D-A101_120406_SN1120_0130_AD0UKGACXX_s_1_rg.sorted.bam,270026786,253594918,16431868,0.060852733
TCGA-BG-A0M2-01A-11D-A101_120330_SN208_0279_BC0L73ACXX_s_7_rg.sorted.bam,307318072,285492854,21825218,0.071018336
TCGA-BG-A0M2-10A-02D-A101_120406_SN1120_0130_AD0UKGACXX_s_2_rg.sorted.bam,276807686,259778520,17029166,0.061519845
TCGA-BG-A0M3-01A-11D-A101_120330_SN208_0279_BC0L73ACXX_s_8_rg.sorted.bam,286995966,271436294,15559672,0.054215647
TCGA-BG-A0M3-10A-01D-A101_120406_SN1120_0130_AD0UKGACXX_s_3_rg.sorted.bam,237404652,214042826,23361826,0.098405089
TCGA-BG-A0M4-01A-11D-A101_120330_SN1120_0129_BD0UCLACXX_s_1_rg.sorted.bam,355543408,341843526,13699882,0.038532235
TCGA-BG-A0M4-10A-02D-A101_120406_SN1120_0130_AD0UKGACXX_s_4_rg.sorted.bam,240705714,231908086,8797628,0.036549311
TCGA-BG-A0M6-01A-31D-A101_120330_SN1120_0129_BD0UCLACXX_s_2_rg.sorted.bam,371088674,354968600,16120074,0.043439951
TCGA-BG-A0M6-10A-01D-A101_120406_SN1120_0130_AD0UKGACXX_s_5_rg.sorted.bam,343279412,321325157,21954255,0.063954476
TCGA-BG-A0M8-01A-12D-A101_120330_SN1120_0129_BD0UCLACXX_s_3_rg.sorted.bam,382815950,367836241,14979709,0.039130316
TCGA-BG-A0M8-10A-01D-A101_120406_SN1120_0130_AD0UKGACXX_s_6_rg.sorted.bam,203607746,188647922,14959824,0.073473747
TCGA-BG-A0M9-01A-21D-A101_120330_SN1120_0129_BD0UCLACXX_s_4_rg.sorted.bam,400011708,375400277,24611431,0.061526777
TCGA-BG-A0M9-10A-01D-A101_120406_SN208_0281_AC0KDBACXX_s_6_rg.sorted.bam,455604132,418751900,36852232,0.080886518
TCGA-BG-A0MC-01A-21D-A043_120530_SN1222_0110_AC0VLAACXX_s_1_rg.sorted.bam,542856620,515413050,27443570,0.050553993
TCGA-BG-A0MC-10A-01D-A043_120530_SN1222_0110_AC0VLAACXX_s_2_rg.sorted.bam,394019102,378824196,15194906,0.038563882
TCGA-BG-A0MG-01A-21D-A101_120330_SN1120_0129_BD0UCLACXX_s_5_rg.sorted.bam,366190580,349399581,16790999,0.04585317
TCGA-BG-A0MG-10A-01D-A101_120406_SN1120_0130_AD0UKGACXX_s_7_rg.sorted.bam,233769810,221130910,12638900,0.054065578
TCGA-BG-A0MO-01A-11D-A043_120327_SN590_0148_BC0LM8ACXX_s_1_rg.sorted.bam,213905842,207209963,6695879,0.031302927
TCGA-BG-A0MO-10A-01D-A043_120327_SN590_0148_BC0LM8ACXX_s_2_rg.sorted.bam,371276430,354495851,16780579,0.045196995
TCGA-BG-A0MQ-01A-11D-A101_120330_SN1120_0129_BD0UCLACXX_s_6_rg.sorted.bam,395122552,376566438,18556114,0.046962933
TCGA-BG-A0MQ-10A-02D-A101_120406_SN208_0281_AC0KDBACXX_s_7_rg.sorted.bam,376862436,361519222,15343214,0.040713036
TCGA-BG-A0MS-01A-11D-A101_120330_SN1120_0129_BD0UCLACXX_s_7_rg.sorted.bam,405799522,386113885,19685637,0.048510745
TCGA-BG-A0MS-10A-02D-A101_120406_SN208_0281_AC0KDBACXX_s_8_rg.sorted.bam,427152770,407254149,19898621,0.046584319
TCGA-BG-A0MT-01A-11D-A101_120330_SN1120_0129_BD0UCLACXX_s_8_rg.sorted.bam,423791374,402782734,21008640,0.049573071
TCGA-BG-A0MT-10A-01D-A101_120406_SN1120_0130_AD0UKGACXX_s_8_rg.sorted.bam,232427826,224040104,8387722,0.036087426
TCGA-BG-A0MU-01A-11D-A101_120403_SN1222_0093_AC0L7VACXX_s_1_rg.sorted.bam,291507740,279090163,12417577,0.042597761
TCGA-BG-A0MU-10A-02D-A101_120406_SN1120_0131_BD0UK4ACXX_s_1_rg.sorted.bam,460340430,441840905,18499525,0.040186618
TCGA-BG-A0RY-01A-11D-A101_120403_SN1222_0093_AC0L7VACXX_s_7_rg.sorted.bam,288013052,273842854,14170198,0.049199847
TCGA-BG-A0RY-10A-02D-A101_120409_SN1222_0096_BD0VA2ACXX_s_8_rg.sorted.bam,336687806,310707613,25980193,0.077164045
TCGA-BG-A186-01A-11D-A12F_120413_SN1120_0132_AD0T6RACXX_s_1_rg.sorted.bam,254840528,233057814,21782714,0.085475863
TCGA-BG-A186-10A-01D-A12F_120413_SN1120_0132_AD0T6RACXX_s_7_rg.sorted.bam,244591092,236625063,7966029,0.032568762
TCGA-BG-A18A-01A-21D-A12F_120626_SN590_0163_AC0VU5ACXX_s_7_rg.sorted.bam,385885062,368350361,17534701,0.045440217
TCGA-BG-A18A-10A-01D-A12F_120626_SN590_0163_AC0VU5ACXX_s_8_rg.sorted.bam,440027684,416199546,23828138,0.054151452
TCGA-BH-A0B3-01A-11D-A128-09_IlluminaGA-DNASeq_whole.bam,1307855926,1257526572,50329354,0.038482338
TCGA-BH-A0B3-10A-01D-A128-09_IlluminaGA-DNASeq_whole.bam,1011052238,956663963,54388275,0.053793734
TCGA-BH-A0B3-11B-21D-A128-09_IlluminaGA-DNASeq_whole.bam,1494836582,1430787597,64048985,0.042846814
TCGA-BH-A0B9-01A-11D-A128-09_IlluminaGA-DNASeq_whole.bam,1777199995,1703208686,73991309,0.041633642
TCGA-BH-A0B9-10A-01D-A128-09_IlluminaGA-DNASeq_whole.bam,1313651786,1244364050,69287736,0.05274437
TCGA-BH-A0BM-01A-11D-A060_130725_SN590_0234_BC29HAACXX_s_3_rg.sorted.bam,406213940,387543572,18670368,0.045961909
TCGA-BH-A0BM-10A-01D-A060_130725_SN590_0234_BC29HAACXX_s_4_rg.sorted.bam,367611744,352506010,15105734,0.041091544
TCGA-BH-A0DK-01A-21D-A060_130807_SN590_0236_BC291KACXX_s_5_rg.sorted.bam,327389582,312966979,14422603,0.044053335
TCGA-BH-A0DK-10A-01D-A060_130807_SN590_0236_BC291KACXX_s_6_rg.sorted.bam,355745374,339472684,16272690,0.04574252
TCGA-BH-A0E0-01A-11D-A128-09_IlluminaGA-DNASeq_whole.bam,1372820150,1318234033,54586117,0.039762031
TCGA-BH-A0E0-10A-01D-A128-09_IlluminaGA-DNASeq_whole.bam,1042052156,986974990,55077166,0.05285452
TCGA-BH-A0GY-01A-11D-A060_130807_SN590_0235_AC29RAACXX_s_7_rg.sorted.bam,446126146,420811166,25314980,0.056743995
TCGA-BH-A0GY-10A-01D-A060_130807_SN590_0235_AC29RAACXX_s_8_rg.sorted.bam,393443892,377102656,16341236,0.041533841
TCGA-BH-A0H6-01A-21D-A060_130725_SN590_0233_AD2B3HACXX_s_1_rg.sorted.bam,430675944,408615314,22060630,0.05122327
TCGA-BH-A0H6-10A-01D-A060_130725_SN590_0233_AD2B3HACXX_s_2_rg.sorted.bam,422997394,401341091,21656303,0.051197249
TCGA-BH-A0H7-01A-13D-A060_130725_SN590_0233_AD2B3HACXX_s_7_rg.sorted.bam,399341166,379242863,20098303,0.050328653
TCGA-BH-A0H7-10A-01D-A060_130725_SN590_0233_AD2B3HACXX_s_8_rg.sorted.bam,345854010,331188512,14665498,0.042403724
TCGA-BH-A0HB-01A-11D-A060_130725_SN590_0234_BC29HAACXX_s_5_rg.sorted.bam,424343148,404628892,19714256,0.046458288
TCGA-BH-A0HB-10A-01D-A060_130725_SN590_0234_BC29HAACXX_s_6_rg.sorted.bam,423837540,402724549,21112991,0.049813877
TCGA-BH-A0HK-01A-11D-A060_130807_SN590_0236_BC291KACXX_s_1_rg.sorted.bam,386079928,367331497,18748431,0.048561009
TCGA-BH-A0HK-10A-01D-A060_130807_SN590_0236_BC291KACXX_s_2_rg.sorted.bam,360018382,343763870,16254512,0.045149117
TCGA-BH-A0HX-01A-21D-A060_130807_SN590_0236_BC291KACXX_s_7_rg.sorted.bam,259480722,247314843,12165879,0.046885483
TCGA-BH-A0HX-10A-02D-A060_130807_SN590_0236_BC291KACXX_s_8_rg.sorted.bam,391779970,372421327,19358643,0.049412028
TCGA-BH-A0W5-01A-11D-A106_130719_SN1120_0270_AC2CVRACXX_s_3_rg.sorted.bam,267130974,260014865,7116109,0.026639026
TCGA-BH-A0W5-10A-01D-A106_130719_SN1120_0270_AC2CVRACXX_s_4_rg.sorted.bam,256641712,249684714,6956998,0.027107823
TCGA-BH-A0WA-01A-11D-A128-09_IlluminaGA-DNASeq_whole.bam,1143198238,1086812700,56385538,0.049322625
TCGA-BH-A0WA-10A-01D-A128-09_IlluminaGA-DNASeq_whole.bam,1139496220,1078031377,61464843,0.053940366
TCGA-BJ-A0Z2-01A-11D-A10R_120711_SN208_0414_BD13L5ACXX_s_1_rg.sorted.bam,336340868,323571848,12769020,0.037964521
TCGA-BJ-A0Z2-10A-01D-A10R_120711_SN208_0414_BD13L5ACXX_s_3_rg.sorted.bam,476707958,449719720,26988238,0.056613777
TCGA-BJ-A0Z3-01A-11D-A13U_120706_SN1120_0170_BD1422ACXX_s_7_rg.sorted.bam,406898816,390145989,16752827,0.041171973
TCGA-BJ-A0Z3-10A-01D-A13U_120706_SN1120_0170_BD1422ACXX_s_8_rg.sorted.bam,369352126,354433904,14918222,0.040390243
TCGA-BJ-A0Z5-01A-11D-A10R_120616_SN1120_0153_AC0WMJACXX_s_1_rg.sorted.bam,256279984,244026362,12253622,0.047813418
TCGA-BJ-A0Z5-10A-01D-A10R_120616_SN1120_0153_AC0WMJACXX_s_4_rg.sorted.bam,295425124,282119770,13305354,0.045037991
TCGA-BJ-A0Z9-01A-11D-A10R_120616_SN1120_0153_AC0WMJACXX_s_7_rg.sorted.bam,254721686,245730918,8990768,0.035296437
TCGA-BJ-A0Z9-10A-01D-A10R_120616_SN1120_0153_AC0WMJACXX_s_8_rg.sorted.bam,363660318,347657424,16002894,0.04400506
TCGA-BJ-A0ZA-01A-11D-A10R_120616_SN1120_0154_BD142VACXX_s_5_rg.sorted.bam,333566206,321565904,12000302,0.035975773
TCGA-BJ-A0ZA-10A-02D-A10R_120616_SN1120_0154_BD142VACXX_s_7_rg.sorted.bam,348492714,334078430,14414284,0.041361794
TCGA-BJ-A0ZB-01A-11D-A10R_120617_SN1222_0116_AC0WMMACXX_s_4_rg.sorted.bam,321476434,309219296,12257138,0.038127641
TCGA-BJ-A0ZB-10A-01D-A10R_120617_SN1222_0116_AC0WMMACXX_s_7_rg.sorted.bam,395102532,375871419,19231113,0.048673728
TCGA-BJ-A0ZC-01A-12D-A13U_120706_SN1222_0123_BD1488ACXX_s_1_rg.sorted.bam,440298004,420563159,19734845,0.044821564
TCGA-BJ-A0ZC-10A-01D-A13U_120706_SN1222_0123_BD1488ACXX_s_2_rg.sorted.bam,434775016,416847616,17927400,0.04123374
TCGA-BJ-A0ZE-01A-11D-A10R_120617_SN1222_0117_BD1414ACXX_s_4_rg.sorted.bam,275534222,266444183,9090039,0.032990599
TCGA-BJ-A0ZE-10A-01D-A10R_120617_SN1222_0117_BD1414ACXX_s_7_rg.sorted.bam,300399442,290318207,10081235,0.033559433
TCGA-BJ-A0ZF-01A-11D-A10R_120711_SN1120_0174_BD13R2ACXX_s_1_rg.sorted.bam,508459154,481009865,27449289,0.053985239
TCGA-BJ-A0ZF-10A-01D-A10R_120711_SN1120_0174_BD13R2ACXX_s_3_rg.sorted.bam,484207940,460745560,23462380,0.048455174
TCGA-BJ-A0ZG-01A-11D-A10R_120711_SN1120_0174_BD13R2ACXX_s_5_rg.sorted.bam,465379678,442743879,22635799,0.048639423
TCGA-BJ-A0ZG-10A-01D-A10R_120711_SN1120_0174_BD13R2ACXX_s_7_rg.sorted.bam,495516184,464248439,31267745,0.06310136
TCGA-BJ-A0ZH-01A-11D-A10R_120711_SN208_0414_BD13L5ACXX_s_2_rg.sorted.bam,473769358,447728529,26040829,0.054965203
TCGA-BJ-A0ZH-10A-01D-A10R_120711_SN208_0414_BD13L5ACXX_s_4_rg.sorted.bam,468578054,443232516,25345538,0.054090322
TCGA-BJ-A0ZJ-01A-11D-A10R_120616_SN1120_0153_AC0WMJACXX_s_2_rg.sorted.bam,203554872,196864240,6690632,0.032868936
TCGA-BJ-A0ZJ-10A-01D-A10R_120616_SN1120_0153_AC0WMJACXX_s_5_rg.sorted.bam,238099024,229424304,8674720,0.036433245
TCGA-BJ-A18Y-01A-11D-A13U_120706_SN1222_0122_AC0WPYACXX_s_1_rg.sorted.bam,295939240,285052061,10887179,0.036788562
TCGA-BJ-A18Y-10A-01D-A13U_120706_SN1222_0122_AC0WPYACXX_s_2_rg.sorted.bam,439569494,419747894,19821600,0.045093211
TCGA-BJ-A18Z-01A-21D-A13U_120712_SN1222_0125_BD13TPACXX_s_1_rg.sorted.bam,292776296,282269277,10507019,0.035887533
TCGA-BJ-A18Z-10A-01D-A13U_120712_SN1222_0125_BD13TPACXX_s_2_rg.sorted.bam,249942156,241542509,8399647,0.033606364
TCGA-BJ-A190-01A-11D-A13U_120711_SN1120_0173_AC0WN6ACXX_s_6_rg.sorted.bam,396797866,378448425,18349441,0.0462438
TCGA-BJ-A190-10A-01D-A13U_120711_SN1120_0173_AC0WN6ACXX_s_8_rg.sorted.bam,461286858,435822853,25464005,0.055202104
TCGA-BJ-A191-01A-11D-A13U_120706_SN1120_0170_BD1422ACXX_s_1_rg.sorted.bam,314959024,303659051,11299973,0.035877597
TCGA-BJ-A191-10A-01D-A13U_120706_SN1120_0170_BD1422ACXX_s_2_rg.sorted.bam,331604862,320263017,11341845,0.034202891
TCGA-BJ-A192-01A-31D-A13U_120706_SN1120_0170_BD1422ACXX_s_4_rg.sorted.bam,313137286,302371291,10765995,0.03438107
TCGA-BJ-A192-10A-01D-A13U_120706_SN1120_0170_BD1422ACXX_s_6_rg.sorted.bam,385723670,370236913,15486757,0.040149875
TCGA-BJ-A28R-01A-11D-A16N_121204_SN208_0442_BC1F7YACXX_s_7_rg.sorted.bam,508945556,478715591,30229965,0.059397247
TCGA-BJ-A28R-10A-01D-A16N_121204_SN208_0442_BC1F7YACXX_s_8_rg.sorted.bam,468375286,438900412,29474874,0.062930037
TCGA-BJ-A28W-01A-11D-A16N_120805_SN208_0421_AC11HPACXX_s_2_rg.sorted.bam,556471574,506071033,50400541,0.090571636
TCGA-BJ-A28W-10A-01D-A16N_120805_SN208_0421_AC11HPACXX_s_4_rg.sorted.bam,542136436,501007050,41129386,0.075865379
TCGA-BJ-A28Z-01A-11D-A16N_120718_SN590_0169_AC0WL7ACXX_s_2_rg.sorted.bam,350835110,335739860,15095250,0.043026623
TCGA-BJ-A28Z-10A-01D-A16N_120718_SN590_0169_AC0WL7ACXX_s_4_rg.sorted.bam,382761566,364338264,18423302,0.048132581
TCGA-BJ-A291-01A-11D-A16N_120718_SN590_0169_AC0WL7ACXX_s_8_rg.sorted.bam,397402602,376923666,20478936,0.051531963
TCGA-BJ-A291-10A-01D-A16N_120718_SN590_0170_BD141RACXX_s_4_rg.sorted.bam,302100332,288060236,14040096,0.046474944
TCGA-BJ-A3PR-01A-11D-A221_120524_SN1120_0144_AC0VNCACXX_s_7_rg.sorted.bam,335346270,323183739,12162531,0.036268574
TCGA-BJ-A3PR-10A-01D-A221_120524_SN1120_0144_AC0VNCACXX_s_8_rg.sorted.bam,353929986,340128019,13801967,0.03899632
TCGA-BJ-A3PR-11A-11D-A221_120611_SN1222_0114_AC0WL3ACXX_s_7_rg.sorted.bam,408076158,392503653,15572505,0.038160781
TCGA-BJ-A3PT-01A-12D-A221_120530_SN1222_0111_BD12L1ACXX_s_1_rg.sorted.bam,435392734,418775998,16616736,0.038164936
TCGA-BJ-A3PT-10A-01D-A221_120530_SN1222_0111_BD12L1ACXX_s_3_rg.sorted.bam,352639518,340703875,11935643,0.033846584
TCGA-BJ-A3PU-01A-11D-A221_120530_SN1222_0111_BD12L1ACXX_s_5_rg.sorted.bam,578443342,539915200,38528142,0.066606596
TCGA-BJ-A3PU-10A-01D-A221_120530_SN1222_0111_BD12L1ACXX_s_7_rg.sorted.bam,324751080,314046255,10704825,0.03296317
TCGA-BJ-A3PU-11A-11D-A221_120611_SN1222_0115_BD141KACXX_s_3_rg.sorted.bam,314598102,304232241,10365861,0.032949534
TCGA-BK-A0CB-01A-32D-A101_120330_SN208_0280_AD0UKLACXX_s_1_rg.sorted.bam,283239722,264447648,18792074,0.066346888
TCGA-BK-A0CB-10A-05D-A101_120406_SN208_0281_AC0KDBACXX_s_1_rg.sorted.bam,492307034,306895846,185411188,0.376616979
TCGA-BK-A0CB-11A-33D-A101_120504_SN590_0156_BC0H68ACXX_s_6_rg.sorted.bam,318413712,300640215,17773497,0.055818881
TCGA-BL-A0C8-01A-11D-A10R_120926_SN590_0181_AC19HCACXX_s_1_rg.sorted.bam,419937300,394309975,25627325,0.061026551
TCGA-BL-A0C8-10A-01D-A10R_120926_SN590_0181_AC19HCACXX_s_2_rg.sorted.bam,304435806,292189433,12246373,0.040226454
TCGA-BL-A13I-01A-11D-A13U_121005_SN1120_0195_AC13RHACXX_s_4_rg.sorted.bam,514388720,479424654,34964066,0.06797207
TCGA-BL-A13I-11A-11D-A13U_121005_SN1120_0195_AC13RHACXX_s_5_rg.sorted.bam,409135520,392106428,17029092,0.04162213
TCGA-BL-A13J-01A-11D-A10R_120920_SN1222_0150_AC1927ACXX_s_8_rg.sorted.bam,453983320,432905556,21077764,0.046428499
TCGA-BL-A13J-10A-01D-A10R_120920_SN1222_0151_BD1D5CACXX_s_1_rg.sorted.bam,564393400,531060957,33332443,0.059058882
TCGA-BL-A13J-11A-13D-A10R_120920_SN1222_0151_BD1D5CACXX_s_2_rg.sorted.bam,435681962,418170346,17511616,0.040193576
TCGA-BL-A3JM-01A-12D-A21C_120914_SN590_0180_BC19KDACXX_s_3_rg.sorted.bam,358797648,343149740,15647908,0.04361207
TCGA-BL-A3JM-11A-31D-A21C_120914_SN590_0180_BC19KDACXX_s_4_rg.sorted.bam,275406980,264322165,11084815,0.040248853
TCGA-BP-4326-01A-01D-2097-10_wgs_Illumina.bam,2.23E+09,2112521628,118818372,0.053249784
TCGA-BP-4326-11A-01D-2097-10_wgs_Illumina.bam,1149950342,1087948084,62002258,0.053917335
TCGA-BP-4327-01A-01D-1995-10_Illumina.bam,1102255402,1050941733,51313669,0.046553339
TCGA-BP-4327-11A-01D-1995-10_wgs_Illumina.bam,1065703968,1014945497,50758471,0.047629053
TCGA-BP-4756-01A-01D-2097-10_wgs_Illumina.bam,2134805990,2023118841,111687149,0.052317236
TCGA-BP-4756-11A-01D-2097-10_wgs_Illumina.bam,1135940016,1072386522,63553494,0.055947931
TCGA-BP-4781-01A-01D-2098-10_Illumina.bam,1195835286,1140373593,55461693,0.04637904
TCGA-BP-4781-11A-01D-2098-10_wgs_Illumina.bam,1041231150,989369396,51861754,0.049808108
TCGA-BP-4807-01A-01D-2098-10_wgs_Illumina.bam,2122888226,2014199781,108688445,0.051198383
TCGA-BP-4807-11A-01D-2098-10_wgs_Illumina.bam,1032472018,974347582,58124436,0.056296379
TCGA-BP-4968-01A-01D-2100-10_wgs_Illumina.bam,1059216324,1009819743,49396581,0.046635026
TCGA-BP-4968-11A-01D-2100-10_Illumina.bam,1213438540,1163249237,50189303,0.041361224
TCGA-BP-5168-01A-01D-2099-10_Illumina.bam,1209319648,1153712741,55606907,0.045981976
TCGA-BP-5168-11A-01D-2099-10_Illumina.bam,1051511048,1008862180,42648868,0.0405596
TCGA-BR-4183-01A-02D-1128_120807_SN590_0174_BC11N6ACXX_s_7_rg.sorted.bam,473055748,443791315,29264433,0.061862546
TCGA-BR-4183-11A-01D-1128_120807_SN590_0174_BC11N6ACXX_s_8_rg.sorted.bam,276110692,265715915,10394777,0.037647137
TCGA-BR-4184-01A-01D-1128_120805_SN1222_0142_AD16TGACXX_s_3_rg.sorted.bam,423149382,402926503,20222879,0.047791347
TCGA-BR-4184-11A-01D-1128_120805_SN1222_0142_AD16TGACXX_s_6_rg.sorted.bam,238125522,229833182,8292340,0.034823399
TCGA-BR-4187-01A-01D-1128_120805_SN1222_0142_AD16TGACXX_s_5_rg.sorted.bam,362289042,347369312,14919730,0.041181842
TCGA-BR-4187-01A-01R-1131-13_rnaseq.bam,185178864,165318788,19860076,0.107248071
TCGA-BR-4187-11A-01D-1128_120805_SN1222_0142_AD16TGACXX_s_8_rg.sorted.bam,418702808,398681063,20021745,0.047818511
TCGA-BR-4188-01A-01D-1128_120805_SN1222_0143_BD172BACXX_s_1_rg.sorted.bam,472652802,450594185,22058617,0.046669811
TCGA-BR-4188-11A-01D-1128_120805_SN1222_0143_BD172BACXX_s_5_rg.sorted.bam,172399650,167113040,5286610,0.030664853
TCGA-BR-4191-01A-02D-1128_120805_SN1222_0143_BD172BACXX_s_3_rg.sorted.bam,280015346,270266751,9748595,0.034814503
TCGA-BR-4191-11A-01D-1128_120805_SN1222_0143_BD172BACXX_s_6_rg.sorted.bam,335619000,323262567,12356433,0.036816846
TCGA-BR-4201-01A-01D-1128_120816_SN590_0175_AD16M6ACXX_s_5_rg.sorted.bam,403970390,382458947,21511443,0.053250049
TCGA-BR-4201-01A-01R-1131-13_rnaseq.bam,183973402,158279943,25693459,0.139658552
TCGA-BR-4201-11A-01D-1128_120816_SN590_0176_BD13T7ACXX_s_4_rg.sorted.bam,351241702,336087331,15154371,0.043145136
TCGA-BR-4253-01A-01D-1128_120816_SN590_0175_AD16M6ACXX_s_7_rg.sorted.bam,508719124,468838844,39880280,0.078393514
TCGA-BR-4253-11A-01D-1128_120816_SN590_0176_BD13T7ACXX_s_6_rg.sorted.bam,486569356,452216059,34353297,0.070603084
TCGA-BR-4255-01A-01D-1128_120816_SN590_0176_BD13T7ACXX_s_7_rg.sorted.bam,259701502,251036311,8665191,0.033365964
TCGA-BR-4255-01A-01R-1131-13_rnaseq.bam,296721692,259831169,36890523,0.124327018
TCGA-BR-4255-11A-01D-1128_120816_SN590_0176_BD13T7ACXX_s_8_rg.sorted.bam,405927476,386662489,19264987,0.047459185
TCGA-BR-4256-01A-01D-1128_130110_SN1222_0167_AC1JPDACXX_s_1_rg.sorted.bam,249049542,240456035,8593507,0.034505211
TCGA-BR-4256-01A-01R-1131-13_rnaseq.bam,275052566,241323069,33729497,0.122629276
TCGA-BR-4256-11A-01D-1128_130110_SN1222_0167_AC1JPDACXX_s_2_rg.sorted.bam,243272778,235160133,8112645,0.033347936
TCGA-BR-4257-01A-01D-1128_130110_SN1222_0167_AC1JPDACXX_s_3_rg.sorted.bam,258265130,249414279,8850851,0.034270407
TCGA-BR-4257-01A-01R-1131-13_rnaseq.bam,163054242,149890037,13164205,0.080735127
TCGA-BR-4257-11A-01D-1128_130110_SN1222_0167_AC1JPDACXX_s_4_rg.sorted.bam,238704142,230677349,8026793,0.033626534
TCGA-BR-4267-01A-01D-1128_120805_SN1120_0181_AD16WCACXX_s_3_rg.sorted.bam,527573604,497660282,29913322,0.056699808
TCGA-BR-4267-01A-01R-1131-13_rnaseq.bam,277081412,244039545,33041867,0.11924967
TCGA-BR-4267-11A-01D-1128_120805_SN1120_0181_AD16WCACXX_s_7_rg.sorted.bam,527564998,496131935,31433063,0.059581403
TCGA-BR-4279-01A-01D-1128_121127_SN208_0441_BC1F8CACXX_s_1_rg.sorted.bam,333608954,320022898,13586056,0.040724494
TCGA-BR-4279-11A-01D-1128_121127_SN208_0441_BC1F8CACXX_s_2_rg.sorted.bam,400017002,381896658,18120344,0.045298935
TCGA-BR-4280-01A-01D-1128_121127_SN208_0440_AC1F4LACXX_s_1_rg.sorted.bam,461817262,439120858,22696404,0.049145855
TCGA-BR-4280-01A-01R-1131-13_rnaseq.bam,204168684,177668590,26500094,0.129795096
TCGA-BR-4280-11A-01D-1128_121127_SN208_0440_AC1F4LACXX_s_3_rg.sorted.bam,317136410,305778427,11357983,0.035814188
TCGA-BR-4292-01A-01D-1128_121204_SN590_0204_BC1H5VACXX_s_1_rg.sorted.bam,479235970,450185913,29050057,0.060617439
TCGA-BR-4292-01A-01R-1131-13_rnaseq.bam,319367170,277179432,42187738,0.132097917
TCGA-BR-4292-11A-01D-1128_121204_SN590_0204_BC1H5VACXX_s_4_rg.sorted.bam,420593902,394680217,25913685,0.061612127
TCGA-BR-4294-01A-01D-1128_121204_SN590_0204_BC1H5VACXX_s_2_rg.sorted.bam,515514242,462534416,52979826,0.102770829
TCGA-BR-4294-11A-01D-1128_121204_SN590_0204_BC1H5VACXX_s_5_rg.sorted.bam,477545542,438685743,38859799,0.081374017
TCGA-BR-4357-01A-01D-1154_130815_VM001_0001_VMR0001CXX_s_5_rg.sorted.bam,585746634,553757206,31989428,0.05461308
TCGA-BR-4357-11A-01D-1154_130815_VM001_0001_VMR0001CXX_s_6_rg.sorted.bam,398582354,384693348,13889006,0.034846013
TCGA-BR-4363-01A-01D-1154_130815_VM001_0001_VMR0001CXX_s_7_rg.sorted.bam,236773438,227963831,8809607,0.037206906
TCGA-BR-4363-11A-01D-1154_130815_VM001_0001_VMR0001CXX_s_8_rg.sorted.bam,278537284,204790968,73746316,0.264762817
TCGA-BR-4366-01A-01D-1154_130815_VM001_0002_VMR0002CXX_s_1_rg.sorted.bam,305213746,293092933,12120813,0.03971254
TCGA-BR-4366-01A-01R-1157-13_rnaseq.bam,207519928,173552394,33967534,0.163683239
TCGA-BR-4366-11A-01D-1154_130815_VM001_0002_VMR0002CXX_s_2_rg.sorted.bam,324339188,240321410,84017778,0.259042944
TCGA-BR-4367-01A-01D-1154_130815_VM001_0002_VMR0002CXX_s_3_rg.sorted.bam,356212510,342390954,13821556,0.038801433
TCGA-BR-4367-11A-01D-1154_130815_VM001_0002_VMR0002CXX_s_4_rg.sorted.bam,323551634,248336984,75214650,0.232465678
TCGA-BR-4368-01A-01D-1154_130815_VM001_0002_VMR0002CXX_s_5_rg.sorted.bam,331916244,318751885,13164359,0.039661689
TCGA-BR-4368-01A-01R-1157-13_rnaseq.bam,196317340,164411081,31906259,0.162523896
TCGA-BR-4368-11A-01D-1154_130815_VM001_0002_VMR0002CXX_s_6_rg.sorted.bam,408398668,299594693,108803975,0.266416087
TCGA-BR-4369-01A-01D-1154_130815_VM001_0002_VMR0002CXX_s_7_rg.sorted.bam,242094362,233726496,8367866,0.034564481
TCGA-BR-4369-11A-01D-1154_130815_VM001_0002_VMR0002CXX_s_8_rg.sorted.bam,376072838,272194164,103878674,0.27621956
TCGA-BR-4370-01A-01D-1154_130815_VM001_0003_VMR0003CXX_s_1_rg.sorted.bam,325879354,313960949,11918405,0.036573059
TCGA-BR-4370-11A-01D-1154_130815_VM001_0003_VMR0003CXX_s_2_rg.sorted.bam,461337448,309365209,151972239,0.329416655
TCGA-BR-6452-01A-12D-1798_130115_SN1222_0169_BD1K2PACXX_s_2_rg.sorted.bam,246935886,240466615,6469271,0.026198181
TCGA-BR-6452-01A-12R-1802-13_rnaseq.bam,226940414,184672356,42268058,0.186251789
TCGA-BR-6452-10A-01D-1798_130115_SN1222_0169_BD1K2PACXX_s_3_rg.sorted.bam,248909212,242396977,6512235,0.026163094
TCGA-BR-6453-01A-11D-1798_130115_SN1222_0169_BD1K2PACXX_s_4_rg.sorted.bam,275443358,267273121,8170237,0.029662131
TCGA-BR-6453-01A-11R-1802-13_rnaseq.bam,175688832,127718374,47970458,0.273042159
TCGA-BR-6453-11A-01D-1798_130115_SN1222_0169_BD1K2PACXX_s_5_rg.sorted.bam,239175274,232055734,7119540,0.02976704
TCGA-BR-6453-11A-01R-1802-13_rnaseq.bam,205229294,159525543,45703751,0.22269604
TCGA-BR-6454-01A-11D-1798_130115_SN1222_0169_BD1K2PACXX_s_6_rg.sorted.bam,227933012,222343059,5589953,0.024524543
TCGA-BR-6454-01A-11R-1802-13_rnaseq.bam,159786128,125643622,34142506,0.213676284
TCGA-BR-6454-11A-01D-1798_130115_SN1222_0169_BD1K2PACXX_s_7_rg.sorted.bam,220039916,214164564,5875352,0.026701301
TCGA-BR-6454-11A-01R-1802-13_rnaseq.bam,191886062,145483969,46402093,0.241821071
TCGA-BR-6455-01A-11D-1798_130115_SN1222_0169_BD1K2PACXX_s_8_rg.sorted.bam,243508504,237021041,6487463,0.026641628
TCGA-BR-6455-01A-11R-1802-13_rnaseq.bam,231220892,187268423,43952469,0.190088658
TCGA-BR-6455-10A-01D-1798_130116_SN208_0449_BD1RNWACXX_s_1_rg.sorted.bam,396030490,382132137,13898353,0.035094149
TCGA-BR-6456-01A-11D-1798_130116_SN208_0448_AC1J58ACXX_s_1_rg.sorted.bam,265307268,257624501,7682767,0.028957997
TCGA-BR-6456-01A-11R-1802-13_rnaseq.bam,208933754,179412688,29521066,0.141293905
TCGA-BR-6456-10A-01D-1798_130116_SN208_0448_AC1J58ACXX_s_2_rg.sorted.bam,328318462,317648801,10669661,0.032497901
TCGA-BR-6457-01A-21D-1798_130116_SN208_0448_AC1J58ACXX_s_3_rg.sorted.bam,290839202,281669816,9169386,0.031527339
TCGA-BR-6457-01A-21R-1802-13_rnaseq.bam,183081300,155141865,27939435,0.152606711
TCGA-BR-6457-10A-01D-1798_130116_SN208_0448_AC1J58ACXX_s_4_rg.sorted.bam,385872164,371444435,14427729,0.037389919
TCGA-BR-6457-11A-01R-1802-13_rnaseq.bam,185971886,136178811,49793075,0.267745174
TCGA-BR-6458-01A-11D-1798_130116_SN208_0448_AC1J58ACXX_s_5_rg.sorted.bam,325875966,315817742,10058224,0.030865191
TCGA-BR-6458-01A-11R-1802-13_rnaseq.bam,224073634,189586650,34486984,0.153909156
TCGA-BR-6458-10A-01D-1798_130116_SN208_0448_AC1J58ACXX_s_6_rg.sorted.bam,394322452,380115356,14207096,0.036029133
TCGA-BR-6458-11A-01R-1802-13_rnaseq.bam,214441436,167673344,46768092,0.218092608
TCGA-BR-6563-01A-13R-2055-13_rnaseq.bam,201965158,183663210,18301948,0.090619333
TCGA-BR-6564-01A-12D-1880_121220_SN1222_0163_AC1HA2ACXX_s_1_rg.sorted.bam,540511072,515805893,24705179,0.045707073
TCGA-BR-6564-01A-12R-1884-13_rnaseq.bam,186224202,131138418,55085784,0.295803571
TCGA-BR-6564-10A-01D-1880_121220_SN1222_0163_AC1HA2ACXX_s_2_rg.sorted.bam,493992500,472382097,21610403,0.043746419
TCGA-BR-6564-11A-01R-1884-13_rnaseq.bam,253148754,208797546,44351208,0.175198208
TCGA-BR-6565-01A-11D-1798_130116_SN208_0448_AC1J58ACXX_s_7_rg.sorted.bam,317709004,307785105,9923899,0.031235813
TCGA-BR-6565-01A-11R-1802-13_rnaseq.bam,213137304,180625620,32511684,0.152538685
TCGA-BR-6565-10A-01D-1798_130116_SN208_0448_AC1J58ACXX_s_8_rg.sorted.bam,380198844,365614216,14584628,0.038360527
TCGA-BR-6566-01A-11D-1798_130116_SN208_0449_BD1RNWACXX_s_2_rg.sorted.bam,321955508,312251015,9704493,0.030142342
TCGA-BR-6566-01A-11R-1802-13_rnaseq.bam,228473720,168265588,60208132,0.263523227
TCGA-BR-6566-10A-01D-1798_130116_SN208_0449_BD1RNWACXX_s_3_rg.sorted.bam,411830938,395395614,16435324,0.039907939
TCGA-BR-6705-01A-12D-1880_121220_SN1222_0163_AC1HA2ACXX_s_3_rg.sorted.bam,517009562,494215595,22793967,0.044088096
TCGA-BR-6705-01A-12R-1884-13_rnaseq.bam,199425318,147120496,52304822,0.262277741
TCGA-BR-6705-10A-01D-1880_121220_SN1222_0163_AC1HA2ACXX_s_4_rg.sorted.bam,504624960,479415499,25209461,0.049956825
TCGA-BR-6706-01A-11D-1880_121220_SN1222_0163_AC1HA2ACXX_s_5_rg.sorted.bam,526291040,503368923,22922117,0.04355407
TCGA-BR-6706-01A-11R-1884-13_rnaseq.bam,259407174,184517340,74889834,0.288696079
TCGA-BR-6706-10A-01D-1880_121220_SN1222_0163_AC1HA2ACXX_s_6_rg.sorted.bam,459663334,437143083,22520251,0.048992924
TCGA-BR-6707-01A-11D-1880_121220_SN1222_0163_AC1HA2ACXX_s_7_rg.sorted.bam,560261716,532123229,28138487,0.050223826
TCGA-BR-6707-01A-11R-1884-13_rnaseq.bam,152996664,110650308,42346356,0.276779604
TCGA-BR-6707-10A-01D-1880_121220_SN1222_0163_AC1HA2ACXX_s_8_rg.sorted.bam,580666174,545595031,35071143,0.060398116
TCGA-BR-6709-01A-11R-1884-13_rnaseq.bam,192596894,158623033,33973861,0.1763988
TCGA-BR-6710-01A-11D-1880_121220_SN1222_0164_BC1HJ3ACXX_s_3_rg.sorted.bam,483778464,464968836,18809628,0.038880664
TCGA-BR-6710-01A-11R-1884-13_rnaseq.bam,236583322,192224274,44359048,0.187498627
TCGA-BR-6710-10A-01D-1880_121220_SN1222_0164_BC1HJ3ACXX_s_4_rg.sorted.bam,505775672,479867252,25908420,0.051225121
TCGA-BR-6801-01A-11D-1880_121220_SN1222_0164_BC1HJ3ACXX_s_5_rg.sorted.bam,514011710,493079005,20932705,0.040724179
TCGA-BR-6801-01A-11R-1884-13_rnaseq.bam,208383708,171995452,36388256,0.174621406
TCGA-BR-6801-10A-01D-1880_121220_SN1222_0164_BC1HJ3ACXX_s_6_rg.sorted.bam,491450718,468530213,22920505,0.046638461
TCGA-BR-6802-01A-11D-1880_121220_SN1222_0164_BC1HJ3ACXX_s_7_rg.sorted.bam,525089922,501092543,23997379,0.045701466
TCGA-BR-6802-01A-11R-1884-13_rnaseq.bam,167375330,138796771,28578559,0.170745348
TCGA-BR-6802-10A-01D-1880_121220_SN1222_0164_BC1HJ3ACXX_s_8_rg.sorted.bam,565830366,535324887,30505479,0.053912764
TCGA-BR-6802-11A-01R-1884-13_rnaseq.bam,143077076,86563106,56513970,0.394989691
TCGA-BR-6803-01A-11D-1880_130329_SN590_0221_BD1WHDACXX_s_7_rg.sorted.bam,574669774,501289929,73379845,0.127690455
TCGA-BR-6803-01A-11R-1884-13_rnaseq.bam,195005014,163993021,31011993,0.159031772
TCGA-BR-6803-10A-01D-1880_130115_SN590_0207_AC1H8PACXX_s_6_rg.sorted.bam,537823124,494098606,43724518,0.081299067
TCGA-BR-6852-01A-11D-1880_130115_SN590_0207_AC1H8PACXX_s_7_rg.sorted.bam,577708202,450471777,127236425,0.220243411
TCGA-BR-6852-01A-11R-1884-13_rnaseq.bam,185070428,152898736,32171692,0.17383486
TCGA-BR-6852-10A-01D-1880_130115_SN590_0207_AC1H8PACXX_s_8_rg.sorted.bam,523968458,487508844,36459614,0.069583605
TCGA-BR-6852-11A-01R-1884-13_rnaseq.bam,274931606,224386766,50544840,0.183845141
TCGA-BR-7196-01A-11R-2055-13_rnaseq.bam,194084236,177442092,16642144,0.085747016
TCGA-BR-7197-01A-11R-2203-13_rnaseq.bam,201992898,174410862,27582036,0.136549534
TCGA-BR-7703-01A-11R-2055-13_rnaseq.bam,283008352,255913605,27094747,0.09573833
TCGA-BR-7703-11A-01R-2055-13_rnaseq.bam,292801994,257717129,35084865,0.119824543
TCGA-BR-7704-01A-11R-2055-13_rnaseq.bam,143059720,129792100,13267620,0.092741828
TCGA-BR-7704-11A-01R-2055-13_rnaseq.bam,241993292,220444298,21548994,0.089047898
TCGA-BR-7707-01A-11R-2055-13_rnaseq.bam,127249402,113515855,13733547,0.10792622
TCGA-BR-7715-01A-11R-2055-13_rnaseq.bam,150895998,140333984,10562014,0.069995322
TCGA-BR-7715-11A-01R-2055-13_rnaseq.bam,166424400,147002141,19422259,0.116703194
TCGA-BR-7716-01A-21R-2055-13_rnaseq.bam,267883160,237119664,30763496,0.114839231
TCGA-BR-7716-11A-01R-2055-13_rnaseq.bam,177493848,158206937,19286911,0.10866242
TCGA-BR-7717-01A-11R-2055-13_rnaseq.bam,169466590,138385802,31080788,0.183403631
TCGA-BR-7717-11A-01R-2055-13_rnaseq.bam,208949118,178190642,30758476,0.147205579
TCGA-BR-7722-01A-31R-2203-13_rnaseq.bam,192349590,139060655,53288935,0.277042103
TCGA-BR-7723-01A-11R-2055-13_rnaseq.bam,166094314,153569918,12524396,0.075405327
TCGA-BR-7851-01A-11R-2203-13_rnaseq.bam,217637524,173430493,44207031,0.203122284
TCGA-BR-7851-11A-01R-2203-13_rnaseq.bam,253083792,180658327,72425465,0.286171882
TCGA-BR-7901-01A-11R-2203-13_rnaseq.bam,245487992,198610449,46877543,0.190956562
TCGA-BR-7957-01A-11R-2203-13_rnaseq.bam,238382740,200322454,38060286,0.15966041
TCGA-BR-7958-01A-21R-2343-13_rnaseq.bam,100026346,75472238,24554108,0.245476407
TCGA-BR-7959-01A-11R-2343-13_rnaseq.bam,371437990,316414069,55023921,0.148137569
TCGA-BR-8058-01A-31R-2343-13_rnaseq.bam,238497538,196013878,42483660,0.178130392
TCGA-BR-8059-01A-11R-2343-13_rnaseq.bam,224433990,162402283,62031707,0.276391767
TCGA-BR-8060-01A-11R-2343-13_rnaseq.bam,201485416,168200940,33284476,0.16519546
TCGA-BR-8060-11A-01R-2343-13_rnaseq.bam,232661838,181220834,51441004,0.221097729
TCGA-BR-8077-01A-11R-2343-13_rnaseq.bam,219260172,159905029,59355143,0.270706451
TCGA-BR-8078-01A-11R-2343-13_rnaseq.bam,273975714,199256752,74718962,0.272721114
TCGA-BR-8080-01A-11R-2343-13_rnaseq.bam,219588066,166778286,52809780,0.240494763
TCGA-BR-8081-01A-11R-2343-13_rnaseq.bam,257354746,186579022,70775724,0.275012313
TCGA-BR-8284-01A-11R-2343-13_rnaseq.bam,262033822,208392106,53641716,0.204712947
TCGA-BR-8286-01A-12R-2343-13_rnaseq.bam,253920944,161449301,92471643,0.364174934
TCGA-BR-8289-01A-11R-2343-13_rnaseq.bam,257602924,226803539,30799385,0.119561473
TCGA-BR-8291-01A-11R-2343-13_rnaseq.bam,189421722,157512440,31909282,0.168456298
TCGA-BR-8295-01A-11R-2343-13_rnaseq.bam,231612896,186008439,45604457,0.196899472
TCGA-BR-8296-01A-11R-2343-13_rnaseq.bam,222037122,193917006,28120116,0.126646012
TCGA-BR-8297-01A-12R-2343-13_rnaseq.bam,249418700,204222574,45196126,0.181205844
TCGA-BR-8361-01A-11R-2343-13_rnaseq.bam,225425098,190078967,35346131,0.156797674
TCGA-BR-8362-01A-11R-2343-13_rnaseq.bam,282825092,243262545,39562547,0.139883441
TCGA-BR-8363-01A-11R-2343-13_rnaseq.bam,261212174,219420255,41791919,0.159992233
TCGA-BR-8364-01A-11R-2343-13_rnaseq.bam,259207778,209251942,49955836,0.192725066
TCGA-BR-8365-01A-21R-2343-13_rnaseq.bam,224862624,181793905,43068719,0.191533472
TCGA-BR-8366-01A-11R-2343-13_rnaseq.bam,256111804,200545875,55565929,0.216959656
TCGA-BR-8367-01A-11R-2343-13_rnaseq.bam,203461572,179087358,24374214,0.119797629
TCGA-BR-8368-01A-11R-2343-13_rnaseq.bam,242473334,205873944,36599390,0.150941918
TCGA-BR-8369-01A-11R-2343-13_rnaseq.bam,250757838,211426652,39331186,0.156849279
TCGA-BR-8371-01A-11R-2343-13_rnaseq.bam,240375628,173474721,66900907,0.278318179
TCGA-BR-8372-01A-11R-2343-13_rnaseq.bam,231075700,196450560,34625140,0.149843276
TCGA-BR-8373-01A-11R-2343-13_rnaseq.bam,240579202,212355763,28223439,0.117314542
TCGA-BR-8380-01A-11R-2343-13_rnaseq.bam,248267770,203544815,44722955,0.180139996
TCGA-BR-8381-01A-11R-2402-13_rnaseq.bam,146075612,130624018,15451594,0.105778054
TCGA-BR-8382-01A-11R-2402-13_rnaseq.bam,84009260,76253787,7755473,0.092316883
TCGA-BR-8384-01A-21R-2402-13_rnaseq.bam,126939052,116940897,9998155,0.078763429
TCGA-BR-8483-01A-31R-2402-13_rnaseq.bam,125343122,114140945,11202177,0.089372092
TCGA-BR-8484-01A-11R-2402-13_rnaseq.bam,220420970,202236659,18184311,0.082498099
TCGA-BR-8485-01A-11R-2402-13_rnaseq.bam,133106480,120054741,13051739,0.098054873
TCGA-BR-8486-01A-31R-2402-13_rnaseq.bam,235850530,215576292,20274238,0.085962232
TCGA-BR-8487-01A-11R-2402-13_rnaseq.bam,151795456,135320707,16474749,0.108532557
TCGA-BR-8588-01A-11R-2402-13_rnaseq.bam,150508062,136813391,13694671,0.090989618
TCGA-BR-8589-01A-11R-2402-13_rnaseq.bam,119997400,108609154,11388246,0.094904106
TCGA-BR-8590-01A-11R-2402-13_rnaseq.bam,135163156,124318857,10844299,0.080231176
TCGA-BR-8591-01A-11R-2402-13_rnaseq.bam,214607332,195141263,19466069,0.090705517
TCGA-BR-8592-01A-11R-2402-13_rnaseq.bam,260161076,239443706,20717370,0.079632858
TCGA-BR-8676-01A-11R-2402-13_rnaseq.bam,101533878,83161321,18372557,0.180950017
TCGA-BR-8677-01A-11R-2402-13_rnaseq.bam,112374688,102681033,9693655,0.086261908
TCGA-BR-8678-01A-11R-2402-13_rnaseq.bam,210966704,192825407,18141297,0.08599128
TCGA-BR-8679-01A-11R-2402-13_rnaseq.bam,236381628,218123071,18258557,0.077241862
TCGA-BR-8680-01A-11R-2402-13_rnaseq.bam,183414558,166809782,16604776,0.090531396
TCGA-BR-8682-01A-11R-2402-13_rnaseq.bam,154516508,143486219,11030289,0.071385829
TCGA-BR-8683-01A-11R-2402-13_rnaseq.bam,229665766,211630442,18035324,0.078528569
TCGA-BR-8686-01A-11R-2402-13_rnaseq.bam,119121212,107096603,12024609,0.100944314
TCGA-BR-8687-01A-11R-2402-13_rnaseq.bam,229482746,207374185,22108561,0.096340842
TCGA-BR-8690-01A-11R-2402-13_rnaseq.bam,80843164,69537163,11306001,0.139851045
TCGA-BR-A44T-01A-32R-A24K-31_rnaseq.bam,222221202,188388891,33832311,0.152246098
TCGA-BR-A44U-01A-11R-A36D-31_rnaseq.bam,186911666,148118728,38792938,0.207546906
TCGA-BR-A452-01A-91R-A251-31_rnaseq.bam,301230290,274544121,26686169,0.08859059
TCGA-BR-A453-01A-11R-A24K-31_rnaseq.bam,300027426,269021035,31006391,0.103345189
TCGA-BR-A4CR-01A-11R-A24K-31_rnaseq.bam,264316456,237950877,26365579,0.099750047
TCGA-BR-A4CS-01A-11R-A24K-31_rnaseq.bam,261298534,229464236,31834298,0.121831139
TCGA-BR-A4IU-01A-22R-A251-31_rnaseq.bam,282483142,254347952,28135190,0.099599536
TCGA-BR-A4IV-01A-31R-A251-31_rnaseq.bam,302054378,264711766,37342612,0.123628773
TCGA-BR-A4IY-01A-11R-A251-31_rnaseq.bam,313943198,277824304,36118894,0.115049137
TCGA-BR-A4IZ-01A-32R-A251-31_rnaseq.bam,336982070,299986377,36995693,0.109785346
TCGA-BR-A4J1-01A-11R-A251-31_rnaseq.bam,329325828,303222989,26102839,0.079261439
TCGA-BR-A4J2-01A-21R-A251-31_rnaseq.bam,294967956,257598051,37369905,0.126691406
TCGA-BR-A4J4-01A-12R-A251-31_rnaseq.bam,244220810,208634140,35586670,0.145715142
TCGA-BR-A4J5-01A-21R-A251-31_rnaseq.bam,258682298,226138348,32543950,0.125806637
TCGA-BR-A4J6-01A-11R-A251-31_rnaseq.bam,259965946,225294722,34671224,0.13336833
TCGA-BR-A4J7-01A-31R-A251-31_rnaseq.bam,212871282,185447778,27423504,0.128826696
TCGA-BR-A4J8-01A-11R-A251-31_rnaseq.bam,278932332,244063298,34869034,0.125008936
TCGA-BR-A4J9-01A-12R-A251-31_rnaseq.bam,265987108,230964000,35023108,0.131672201
TCGA-BR-A4PD-01A-11R-A251-31_rnaseq.bam,311167388,271290202,39877186,0.128153488
TCGA-BR-A4PE-01A-31R-A251-31_rnaseq.bam,343294988,306850064,36444924,0.106162121
TCGA-BR-A4PF-01A-11R-A251-31_rnaseq.bam,263002234,233959390,29042844,0.110428127
TCGA-BR-A4QI-01A-12R-A251-31_rnaseq.bam,329028366,295792435,33235931,0.101012358
TCGA-BR-A4QL-01A-31R-A251-31_rnaseq.bam,280677382,243811803,36865579,0.131345029
TCGA-BR-A4QM-01A-12R-A251-31_rnaseq.bam,242780458,215106481,27673977,0.113987663
TCGA-BS-A0T9-01A-11D-A12F_120523_SN1222_0109_BD12MPACXX_s_3_rg.sorted.bam,442338666,426284426,16054240,0.036294001
TCGA-BS-A0TA-01A-11D-A101_120403_SN1222_0094_BD0UKBACXX_s_1_rg.sorted.bam,268177286,259806359,8370927,0.031214154
TCGA-BS-A0TA-10A-01D-A101_120406_SN1120_0131_BD0UK4ACXX_s_8_rg.sorted.bam,463434676,444247792,19186884,0.041401485
TCGA-BS-A0TC-01A-11D-A101_120407_SN590_0152_AC0C7LACXX_s_1_rg.sorted.bam,202708118,196764872,5943246,0.02931923
TCGA-BS-A0TC-10A-01D-A101_120409_SN1222_0095_AD0V1JACXX_s_1_rg.sorted.bam,537826202,513485415,24340787,0.045257719
TCGA-BS-A0TD-01A-11D-A101_120407_SN590_0152_AC0C7LACXX_s_2_rg.sorted.bam,219634156,213619655,6014501,0.027384179
TCGA-BS-A0TD-10A-01D-A101_120409_SN1222_0095_AD0V1JACXX_s_2_rg.sorted.bam,516784890,499188847,17596043,0.034049066
TCGA-BS-A0TE-01A-11D-A101_120407_SN590_0152_AC0C7LACXX_s_3_rg.sorted.bam,203056714,197566163,5490551,0.027039495
TCGA-BS-A0TE-10A-01D-A101_120409_SN1222_0095_AD0V1JACXX_s_3_rg.sorted.bam,458400092,442439373,15960719,0.034818315
TCGA-BS-A0TG-01A-32D-A101_120407_SN590_0152_AC0C7LACXX_s_4_rg.sorted.bam,183578014,178536075,5041939,0.02746483
TCGA-BS-A0TG-10A-01D-A101_120409_SN1222_0095_AD0V1JACXX_s_4_rg.sorted.bam,485688496,468412648,17275848,0.035569811
TCGA-BS-A0TI-01A-11D-A101_120407_SN590_0152_AC0C7LACXX_s_5_rg.sorted.bam,219921558,213674981,6246577,0.028403659
TCGA-BS-A0TI-10A-01D-A101_120409_SN1222_0095_AD0V1JACXX_s_5_rg.sorted.bam,482508536,462600910,19907626,0.041258599
TCGA-BS-A0TJ-01A-11D-A101_120407_SN590_0152_AC0C7LACXX_s_6_rg.sorted.bam,222350778,216329667,6021111,0.027079334
TCGA-BS-A0TJ-10A-01D-A101_120409_SN1222_0095_AD0V1JACXX_s_6_rg.sorted.bam,491814342,472452247,19362095,0.039368708
TCGA-BS-A0U7-01A-21D-A101_120407_SN590_0152_AC0C7LACXX_s_7_rg.sorted.bam,194970238,188168926,6801312,0.034883847
TCGA-BS-A0U7-10A-01D-A101_120409_SN1222_0095_AD0V1JACXX_s_7_rg.sorted.bam,498317874,478421475,19896399,0.039927123
TCGA-BS-A0U8-01A-11D-A101_120407_SN590_0152_AC0C7LACXX_s_8_rg.sorted.bam,240649622,228585531,12064091,0.050131352
TCGA-BS-A0U8-10A-01D-A101_120409_SN1222_0095_AD0V1JACXX_s_8_rg.sorted.bam,473239630,453937745,19301885,0.040786705
TCGA-BS-A0UF-01A-11D-A101_120407_SN590_0151_BC0KKJACXX_s_1_rg.sorted.bam,409519444,385726088,23793356,0.058100675
TCGA-BS-A0UF-10A-01D-A101_120409_SN1222_0096_BD0VA2ACXX_s_1_rg.sorted.bam,467782754,448913103,18869651,0.040338492
TCGA-BS-A0UJ-01A-12D-A101_120407_SN590_0151_BC0KKJACXX_s_3_rg.sorted.bam,405899884,386532458,19367426,0.047714786
TCGA-BS-A0UJ-10A-01D-A101_120409_SN1222_0096_BD0VA2ACXX_s_2_rg.sorted.bam,488451462,468233727,20217735,0.041391492
TCGA-BS-A0UM-01A-11D-A101_120622_SN1120_0155_AC0WVLACXX_s_1_rg.sorted.bam,444522040,330505844,114016196,0.25649166
TCGA-BS-A0UM-10A-01D-A101_120409_SN1222_0096_BD0VA2ACXX_s_3_rg.sorted.bam,470052530,452379281,17673249,0.037598455
TCGA-BS-A0UT-01A-11D-A101_120407_SN590_0151_BC0KKJACXX_s_4_rg.sorted.bam,251866032,240737342,11128690,0.044184958
TCGA-BS-A0UT-10A-01D-A101_120409_SN1222_0096_BD0VA2ACXX_s_4_rg.sorted.bam,463258966,444123988,19134978,0.041305143
TCGA-BS-A0UV-01A-11D-A101_120407_SN590_0151_BC0KKJACXX_s_5_rg.sorted.bam,253551438,240009740,13541698,0.05340809
TCGA-BS-A0UV-10A-01D-A101_120409_SN1222_0096_BD0VA2ACXX_s_5_rg.sorted.bam,519024472,495309963,23714509,0.045690541
TCGA-BT-A0S7-01A-11D-A10R_120920_SN1222_0150_AC1927ACXX_s_4_rg.sorted.bam,526073028,499301338,26771690,0.050889684
TCGA-BT-A0S7-10A-01D-A10R_120920_SN1222_0150_AC1927ACXX_s_2_rg.sorted.bam,641545750,552254768,89290982,0.139181005
TCGA-BT-A0YX-01A-11D-A10R_120920_SN1222_0150_AC1927ACXX_s_6_rg.sorted.bam,471496656,450555864,20940792,0.044413448
TCGA-BT-A0YX-10A-01D-A10R_120920_SN1222_0150_AC1927ACXX_s_7_rg.sorted.bam,477750538,456321709,21428829,0.044853595
TCGA-BT-A20J-11A-11D-A14U_120926_SN1222_0152_AC187DACXX_s_2_rg.sorted.bam,484217172,459836323,24380849,0.050351062
TCGA-BT-A20N-01A-11D-A14U_120921_SN208_0431_BD1D5FACXX_s_1_rg.sorted.bam,528778246,487220558,41557688,0.078591902
TCGA-BT-A20N-11A-11D-A14U_120921_SN208_0431_BD1D5FACXX_s_2_rg.sorted.bam,501273096,463889823,37383273,0.07457666
TCGA-BT-A20O-01A-21D-A14U_120921_SN208_0431_BD1D5FACXX_s_3_rg.sorted.bam,532966656,493383983,39582673,0.074268573
TCGA-BT-A20O-11A-11D-A14U_120921_SN208_0431_BD1D5FACXX_s_4_rg.sorted.bam,513097354,474876142,38221212,0.07449115
TCGA-BT-A20P-01A-11D-A14U_120926_SN1222_0152_AC187DACXX_s_3_rg.sorted.bam,391285422,376545073,14740349,0.037671603
TCGA-BT-A20P-11A-11D-A14U_120926_SN1222_0152_AC187DACXX_s_4_rg.sorted.bam,625336540,546940805,78395735,0.125365671
TCGA-BT-A20Q-01A-11D-A14U_120926_SN1222_0152_AC187DACXX_s_5_rg.sorted.bam,392996274,377068341,15927933,0.040529476
TCGA-BT-A20Q-11A-11D-A14U_120926_SN1222_0152_AC187DACXX_s_6_rg.sorted.bam,591384804,503614484,87770320,0.148414906
TCGA-BT-A20R-01A-12D-A16N_120920_SN1222_0151_BD1D5CACXX_s_3_rg.sorted.bam,415586078,399041427,16544651,0.039810407
TCGA-BT-A20R-11A-11D-A16N_120920_SN1222_0151_BD1D5CACXX_s_4_rg.sorted.bam,429021758,411630720,17391038,0.040536494
TCGA-BT-A20T-01A-11D-A14U_120926_SN1222_0152_AC187DACXX_s_7_rg.sorted.bam,444268336,425229004,19039332,0.042855478
TCGA-BT-A20T-11A-11D-A14U_120926_SN1222_0152_AC187DACXX_s_8_rg.sorted.bam,561978874,528222224,33756650,0.060067472
TCGA-BT-A20U-01A-11D-A14U_120927_SN208_0433_BD1D5JACXX_s_7_rg.sorted.bam,590909444,394027968,196881476,0.333183837
TCGA-BT-A20U-11A-11D-A14U_120927_SN208_0433_BD1D5JACXX_s_8_rg.sorted.bam,501017618,463806364,37211254,0.074271348
TCGA-BT-A20W-01A-21D-A14U_120921_SN208_0431_BD1D5FACXX_s_5_rg.sorted.bam,466975794,440410314,26565480,0.056888345
TCGA-BT-A20W-11A-11D-A14U_120921_SN208_0431_BD1D5FACXX_s_6_rg.sorted.bam,515478672,479709558,35769114,0.069390095
TCGA-BT-A20X-01A-11D-A16N_120920_SN1222_0151_BD1D5CACXX_s_5_rg.sorted.bam,464261370,444115687,20145683,0.043392977
TCGA-BT-A20X-11A-12D-A16N_120920_SN1222_0151_BD1D5CACXX_s_6_rg.sorted.bam,449609882,430129768,19480114,0.043326703
TCGA-BT-A2LA-01A-11D-A18D_120912_SN1222_0148_AC188PACXX_s_3_rg.sorted.bam,207142724,199134101,8008623,0.038662343
TCGA-BT-A2LA-11A-11D-A18D_120912_SN1222_0148_AC188PACXX_s_4_rg.sorted.bam,329941162,317021623,12919539,0.0391571
TCGA-BT-A2LB-01A-11D-A18D_120904_SN1120_0186_BC1911ACXX_s_6_rg.sorted.bam,340604078,325738245,14865833,0.043645493
TCGA-BT-A2LB-10A-01D-A18D_120904_SN1120_0186_BC1911ACXX_s_7_rg.sorted.bam,440819938,420922447,19897491,0.045137457
TCGA-BT-A2LB-11A-11D-A18D_120904_SN1120_0186_BC1911ACXX_s_8_rg.sorted.bam,405888940,388349500,17539440,0.043212412
TCGA-BT-A2LD-01A-12D-A210_120914_SN590_0180_BC19KDACXX_s_5_rg.sorted.bam,141200444,137144996,4055448,0.028721213
TCGA-BT-A2LD-10A-01D-A210_120914_SN590_0180_BC19KDACXX_s_6_rg.sorted.bam,380126466,359356980,20769486,0.054638358
TCGA-BT-A3PH-01A-11D-A221_120902_SN1222_0147_AC195DACXX_s_7_rg.sorted.bam,488718652,465943955,22774697,0.046600834
TCGA-BT-A3PH-10A-01D-A221_120902_SN1222_0147_AC195DACXX_s_8_rg.sorted.bam,400388394,383546670,16841724,0.042063467
TCGA-BT-A3PJ-01A-21D-A221_120906_SN208_0426_BC194HACXX_s_1_rg.sorted.bam,384345148,368723124,15622024,0.040645821
TCGA-BT-A3PJ-10A-01D-A221_120906_SN208_0426_BC194HACXX_s_2_rg.sorted.bam,384332120,367014007,17318113,0.04506028
TCGA-BT-A3PK-01A-21D-A221_120906_SN208_0426_BC194HACXX_s_3_rg.sorted.bam,361865134,347100954,14764180,0.040800228
TCGA-BT-A3PK-10A-01D-A221_120906_SN208_0426_BC194HACXX_s_4_rg.sorted.bam,416901266,396098289,20802977,0.04989905
TCGA-BW-A5NO-01A-11D-A27I-10_wgs_Illumina.bam,1824294060,1712539671,111754389,0.061258978
TCGA-BW-A5NO-10A-01D-A27I-10_wgs_Illumina.bam,1309901464,1226791080,83110384,0.063447814
TCGA-BW-A5NP-01A-11D-A27I-10_wgs_Illumina.bam,2.44E+09,2.23E+09,207740000,0.085092613
TCGA-BW-A5NP-10A-01D-A27I-10_wgs_Illumina.bam,1257676508,1177269552,80406956,0.063932939
TCGA-BW-A5NQ-01A-11D-A27I-10_wgs_Illumina.bam,2.42E+09,2.22E+09,198960000,0.082136473
TCGA-BW-A5NQ-10A-01D-A27I-10_wgs_Illumina.bam,1398842068,1314468588,84373480,0.060316659
TCGA-C4-A0F0-01A-12D-A10R_120926_SN590_0181_AC19HCACXX_s_5_rg.sorted.bam,397939042,379401655,18537387,0.046583484
TCGA-C4-A0F0-10A-01D-A10R_120926_SN590_0181_AC19HCACXX_s_6_rg.sorted.bam,403048068,381851890,21196178,0.052589703
TCGA-C4-A0F6-01A-11D-A10R_120920_SN1222_0150_AC1927ACXX_s_1_rg.sorted.bam,654358896,571526257,82832639,0.126585945
TCGA-C4-A0F6-10A-01D-A10R_120920_SN1222_0150_AC1927ACXX_s_3_rg.sorted.bam,484409764,464429894,19979870,0.041245804
TCGA-C5-A1BQ-01C-11D-A20X_140106_SN590_0243_AC371BACXX_s_2_rg.sorted.bam,356875960,343586166,13289794,0.037239253
TCGA-C5-A1BQ-10A-01D-A20X_140106_SN590_0243_AC371BACXX_s_6_rg.sorted.bam,351910722,338514659,13396063,0.038066652
TCGA-C5-A2LS-01A-22D-A232_140124_SN1120_0291_AC2PHAACXX_s_1_rg.sorted.bam,531495022,507376509,24118513,0.045378624
TCGA-C5-A2LS-10A-01D-A232_140124_SN1120_0291_AC2PHAACXX_s_8_rg.sorted.bam,498356296,478674958,19681338,0.039492504
TCGA-C5-A2LX-01A-11D-A18I_140206_SN1222_0239_BC2RAKACXX_s_5_rg.sorted.bam,429758186,415511489,14246697,0.033150496
TCGA-C5-A2LX-10A-01D-A18I_140206_SN1222_0239_BC2RAKACXX_s_7_rg.sorted.bam,454758658,439222006,15536652,0.03416461
TCGA-C5-A2LZ-01A-11D-A20X_140106_SN590_0244_BC384EACXX_s_2_rg.sorted.bam,312228756,299946775,12281981,0.039336483
TCGA-C5-A2LZ-10B-01D-A20X_140106_SN590_0244_BC384EACXX_s_6_rg.sorted.bam,360389546,344998175,15391371,0.042707596
TCGA-C5-A2M1-01A-11D-A18I_140206_SN1222_0239_BC2RAKACXX_s_6_rg.sorted.bam,469034806,451710778,17324028,0.036935485
TCGA-C5-A2M1-10A-01D-A18I_140206_SN1222_0239_BC2RAKACXX_s_8_rg.sorted.bam,458109816,439648751,18461065,0.04029834
TCGA-C5-A3HD-01B-11D-A20X_140117_SN590_0245_AC371LACXX_s_1_rg.sorted.bam,376351454,362700444,13651010,0.036271974
TCGA-C5-A3HD-10A-01D-A20X_140117_SN590_0245_AC371LACXX_s_5_rg.sorted.bam,392331866,375220633,17111233,0.043614181
TCGA-C5-A3HE-01A-21D-A232_140124_SN1120_0292_BD2F1HACXX_s_8_rg.sorted.bam,485258712,466682933,18575779,0.038280156
TCGA-C5-A3HE-10A-01D-A232_140124_SN208_0506_BC2PD5ACXX_s_5_rg.sorted.bam,501951014,476614754,25336260,0.050475563
TCGA-C5-A3HF-01A-11D-A20X_140117_SN590_0246_BC37BDACXX_s_1_rg.sorted.bam,307265218,296402786,10862432,0.035351974
TCGA-C5-A3HF-10A-01D-A20X_140117_SN590_0246_BC37BDACXX_s_4_rg.sorted.bam,341456852,328795758,12661094,0.037079631
TCGA-C5-A3HL-01A-11D-A20X_140117_SN590_0246_BC37BDACXX_s_7_rg.sorted.bam,327128572,316036351,11092221,0.033907833
TCGA-C5-A3HL-10A-01D-A20X_140131_SN590_0247_AC3FDBACXX_s_1_rg.sorted.bam,362289114,349222679,13066435,0.03606632
TCGA-CA-5256-01A-01D-1405-02_IlluminaHiSeq-DNASeq_whole.bam,196408988,178716727,17692261,0.090078673
TCGA-CA-5256-10A-01D-1405-02_IlluminaHiSeq-DNASeq_whole.bam,196048680,177745552,18303128,0.093360119
TCGA-CA-6717-01A-11D-1835-10_wgs_Illumina.bam,2.32E+09,2.19E+09,135050000,0.058146043
TCGA-CA-6717-10A-01D-1835-10_wgs_Illumina.bam,1194145414,1124069126,70076288,0.058683212
TCGA-CA-6718-01A-11D-1835-10_wgs_Illumina.bam,2.53E+09,2.40E+09,131000000,0.05168448
TCGA-CA-6718-10A-01D-1835-10_wgs_Illumina.bam,1163241978,1079116523,84125455,0.072319824
TCGA-CC-5260-01A-01D-A12Z-10_wgs_Illumina.bam,2.34E+09,2.24E+09,107060000,0.045697261
TCGA-CC-5260-10B-01D-A12Z-10_wgs_Illumina.bam,1064539832,1001110179,63429653,0.059584105
TCGA-CC-5261-01A-01D-A12Z-10_wgs_Illumina.bam,2.35E+09,2.23E+09,111720000,0.047636713
TCGA-CC-5261-10A-01D-A12Z-10_wgs_Illumina.bam,1128018670,1066646920,61371750,0.054406679
TCGA-CC-5262-01A-01D-A21X-10_wgs_Illumina.bam,2113127834,1998010350,115117484,0.054477293
TCGA-CC-5262-10B-01D-A21X-10_wgs_Illumina.bam,1061614074,1009406703,52207371,0.049177354
TCGA-CC-A1HT-01A-11D-A12Z-10_wgs_Illumina.bam,1929917990,1845862680,84055310,0.043553825
TCGA-CC-A1HT-10A-01D-A12Z-10_wgs_Illumina.bam,1086616062,1019146696,67469366,0.062091265
TCGA-CD-5798-01A-11D-1598_121025_SN590_0187_BC191FACXX_s_3_rg.sorted.bam,258441126,250330564,8110562,0.031382629
TCGA-CD-5798-01A-11R-1602-13_rnaseq.bam,212968296,151266885,61701411,0.289721109
TCGA-CD-5798-10A-01D-1598_121107_SN590_0199_AC179PACXX_s_3_rg.sorted.bam,456479348,428764042,27715306,0.060715356
TCGA-CD-5799-01A-11D-1598_121025_SN590_0187_BC191FACXX_s_4_rg.sorted.bam,245488716,238334186,7154530,0.029144028
TCGA-CD-5799-01A-11R-1602-13_rnaseq.bam,203677772,163455389,40222383,0.197480474
TCGA-CD-5799-10A-01D-1598_121107_SN590_0199_AC179PACXX_s_4_rg.sorted.bam,502594500,462644071,39950429,0.079488393
TCGA-CD-5800-01A-11D-1598_121025_SN590_0187_BC191FACXX_s_5_rg.sorted.bam,260193990,252575602,7618388,0.029279646
TCGA-CD-5800-01A-11R-1602-13_rnaseq.bam,211891028,140348651,71542377,0.337637595
TCGA-CD-5800-10A-01D-1598_121107_SN590_0199_AC179PACXX_s_5_rg.sorted.bam,400891240,380952239,19939001,0.049736684
TCGA-CD-5801-01A-11D-1598_121025_SN590_0187_BC191FACXX_s_6_rg.sorted.bam,319438542,308282868,11155674,0.034922755
TCGA-CD-5801-01A-11R-1602-13_rnaseq.bam,180008074,106714574,73293500,0.407167847
TCGA-CD-5801-10A-01D-1598_121107_SN590_0199_AC179PACXX_s_6_rg.sorted.bam,405036876,386208951,18827925,0.046484471
TCGA-CD-5802-01A-11D-1598_121025_SN590_0187_BC191FACXX_s_7_rg.sorted.bam,281891042,273123582,8767460,0.031102301
TCGA-CD-5802-10A-01D-1598_121107_SN590_0199_AC179PACXX_s_7_rg.sorted.bam,337175000,322791294,14383706,0.042659468
TCGA-CD-5803-01A-11D-1598_121025_SN590_0187_BC191FACXX_s_8_rg.sorted.bam,281976316,272820184,9156132,0.03247128
TCGA-CD-5803-01A-11R-1602-13_rnaseq.bam,194834844,131766900,63067944,0.323699512
TCGA-CD-5803-10A-01D-1598_121107_SN590_0199_AC179PACXX_s_8_rg.sorted.bam,426111698,402759058,23352640,0.054804034
TCGA-CD-5804-01A-12R-2055-13_rnaseq.bam,150826014,132486504,18339510,0.121593812
TCGA-CD-5813-01A-11D-1598_121026_SN1120_0198_BC188JACXX_s_5_rg.sorted.bam,526320782,502255470,24065312,0.045723659
TCGA-CD-5813-01A-11R-1602-13_rnaseq.bam,192326916,119795877,72531039,0.377123704
TCGA-CD-5813-10A-01D-1598_121026_SN1120_0198_BC188JACXX_s_6_rg.sorted.bam,554968420,521876131,33092289,0.059629139
TCGA-CD-8524-01A-11R-2343-13_rnaseq.bam,258109368,207167919,50941449,0.197363813
TCGA-CD-8525-01A-11R-2343-13_rnaseq.bam,162065834,113230522,48835312,0.301330088
TCGA-CD-8526-01A-11R-2343-13_rnaseq.bam,240013448,200962483,39050965,0.162703237
TCGA-CD-8527-01A-11R-2343-13_rnaseq.bam,189327548,131309247,58018301,0.306444052
TCGA-CD-8528-01A-11R-2343-13_rnaseq.bam,226096188,199088708,27007480,0.119451284
TCGA-CD-8529-01A-11R-2343-13_rnaseq.bam,237693528,198481887,39211641,0.164967222
TCGA-CD-8530-01A-11R-2343-13_rnaseq.bam,243198732,184179444,59019288,0.242679259
TCGA-CD-8531-01A-11R-2343-13_rnaseq.bam,216069656,174128822,41940834,0.194107932
TCGA-CD-8532-01A-11R-2343-13_rnaseq.bam,233478894,189273890,44205004,0.189331906
TCGA-CD-8533-01A-11R-2343-13_rnaseq.bam,224903056,190136774,34766282,0.154583413
TCGA-CD-8534-01A-11R-2343-13_rnaseq.bam,240016440,187289769,52726671,0.219679414
TCGA-CD-8535-01A-11R-2343-13_rnaseq.bam,232533918,195598132,36935786,0.158840423
TCGA-CD-8536-01A-11R-2343-13_rnaseq.bam,250757568,198284048,52473520,0.209259965
TCGA-CD-A486-01A-11R-A24K-31_rnaseq.bam,292873356,260912645,31960711,0.109128094
TCGA-CD-A487-01A-21R-A24K-31_rnaseq.bam,150004390,132199678,17804712,0.118694606
TCGA-CD-A489-01A-11R-A24K-31_rnaseq.bam,177057878,158576247,18481631,0.104381862
TCGA-CD-A48A-01A-12R-A36D-31_rnaseq.bam,280605820,197303128,83302692,0.296867299
TCGA-CD-A48C-01A-11R-A24K-31_rnaseq.bam,262672262,229367152,33305110,0.126793403
TCGA-CD-A4MG-01A-11R-A251-31_rnaseq.bam,226596094,197431137,29164957,0.128709001
TCGA-CD-A4MH-01A-11R-A251-31_rnaseq.bam,293746416,261577832,32168584,0.109511409
TCGA-CD-A4MI-01A-21R-A251-31_rnaseq.bam,307324092,263350326,43973766,0.143085971
TCGA-CD-A4MJ-01A-11R-A251-31_rnaseq.bam,293040290,252874121,40166169,0.137067053
TCGA-CE-A13K-01A-11D-A10R_120616_SN1120_0154_BD142VACXX_s_1_rg.sorted.bam,294995390,284045899,10949491,0.037117499
TCGA-CE-A13K-10A-01D-A10R_120616_SN1120_0154_BD142VACXX_s_3_rg.sorted.bam,265799492,257292383,8507109,0.032005738
TCGA-CE-A27D-01A-11D-A16N_120805_SN208_0422_BD16VPACXX_s_1_rg.sorted.bam,519077110,480379842,38697268,0.074550134
TCGA-CE-A27D-10A-01D-A16N_120805_SN208_0422_BD16VPACXX_s_2_rg.sorted.bam,528854214,487955171,40899043,0.077335194
TCGA-CF-A1HR-01A-11D-A13U_121011_SN590_0184_BC192GACXX_s_3_rg.sorted.bam,321730240,308152109,13578131,0.042203465
TCGA-CF-A1HR-10A-01D-A13U_121011_SN590_0184_BC192GACXX_s_4_rg.sorted.bam,318143336,305568378,12574958,0.039526077
TCGA-CF-A1HS-01A-11D-A13U_121011_SN590_0184_BC192GACXX_s_5_rg.sorted.bam,353505212,339451446,14053766,0.03975547
TCGA-CF-A1HS-10A-01D-A13U_121011_SN590_0184_BC192GACXX_s_6_rg.sorted.bam,315642474,303278103,12364371,0.039172076
TCGA-CF-A27C-01A-11D-A16N_120920_SN1222_0151_BD1D5CACXX_s_7_rg.sorted.bam,425789420,410436900,15352520,0.036056603
TCGA-CF-A27C-10A-01D-A16N_120920_SN1222_0151_BD1D5CACXX_s_8_rg.sorted.bam,410555708,394385871,16169837,0.039385245
TCGA-CF-A3MF-01A-12D-A21C_120914_SN590_0180_BC19KDACXX_s_1_rg.sorted.bam,229125552,221535632,7589920,0.033125594
TCGA-CF-A3MF-10A-01D-A21C_120914_SN590_0180_BC19KDACXX_s_2_rg.sorted.bam,266960932,256977509,9983423,0.037396569
TCGA-CF-A3MG-01A-11D-A210_120914_SN590_0180_BC19KDACXX_s_7_rg.sorted.bam,278453418,268337925,10115493,0.036327415
TCGA-CF-A3MG-10A-01D-A210_120914_SN590_0180_BC19KDACXX_s_8_rg.sorted.bam,286965790,276829750,10136040,0.035321423
TCGA-CF-A3MH-01A-11D-A210_120906_SN208_0425_AD1CU2ACXX_s_1_rg.sorted.bam,510115008,480129058,29985950,0.058782725
TCGA-CF-A3MH-10A-01D-A210_120906_SN208_0425_AD1CU2ACXX_s_2_rg.sorted.bam,267824982,258243820,9581162,0.035773967
TCGA-CF-A3MI-01A-11D-A210_120913_SN208_0428_BC188KACXX_s_1_rg.sorted.bam,447282670,419059817,28222853,0.063098472
TCGA-CF-A3MI-10A-01D-A210_120913_SN208_0428_BC188KACXX_s_2_rg.sorted.bam,438058770,415831275,22227495,0.050740897
TCGA-CG-4300-01A-01D-1154_130815_VM001_0003_VMR0003CXX_s_3_rg.sorted.bam,344894840,331749501,13145339,0.038114049
TCGA-CG-4300-10A-01D-1154_130815_VM001_0003_VMR0003CXX_s_4_rg.sorted.bam,387465552,370188525,17277027,0.04458984
TCGA-CG-4301-01A-01D-A326_131002_SN208_0497_AC2CLVACXX_s_1_rg.sorted.bam,293982134,285096343,8885791,0.030225616
TCGA-CG-4301-10A-01D-1154_130218_SN208_0453_AC1T26ACXX_s_8_rg.sorted.bam,307342308,297166917,10175391,0.033107681
TCGA-CG-4301-10A-01D-A326_131002_SN208_0497_AC2CLVACXX_s_2_rg.sorted.bam,284760662,276430297,8330365,0.029253918
TCGA-CG-4304-01A-01D-A326_131002_SN208_0497_AC2CLVACXX_s_3_rg.sorted.bam,310537948,299530650,11007298,0.035445903
TCGA-CG-4304-10A-01D-A326_131002_SN208_0497_AC2CLVACXX_s_4_rg.sorted.bam,304210894,293954224,10256670,0.033715656
TCGA-CG-4305-01A-01D-1154_130815_VM001_0001_VMR0001CXX_s_1_rg.sorted.bam,413237730,395544586,17693144,0.042815897
TCGA-CG-4305-10A-01D-1154_130815_VM001_0001_VMR0001CXX_s_2_rg.sorted.bam,420313638,401381364,18932274,0.045043207
TCGA-CG-4306-01A-01D-1154_130815_VM001_0001_VMR0001CXX_s_3_rg.sorted.bam,398994264,381421047,17573217,0.044043784
TCGA-CG-4306-10A-01D-1154_130815_VM001_0001_VMR0001CXX_s_4_rg.sorted.bam,424792820,403052186,21740634,0.051179382
TCGA-CG-4436-01A-01D-1154_130815_VM001_0003_VMR0003CXX_s_5_rg.sorted.bam,254505968,244211708,10294260,0.04044801
TCGA-CG-4436-10A-01D-1154_130815_VM001_0003_VMR0003CXX_s_6_rg.sorted.bam,406068498,383765456,22303042,0.054924334
TCGA-CG-4437-01A-01D-1798_130116_SN208_0449_BD1RNWACXX_s_4_rg.sorted.bam,287731592,278789959,8941633,0.031076299
TCGA-CG-4437-01A-01R-1802-13_rnaseq.bam,179159292,112816185,66343107,0.370302351
TCGA-CG-4437-10A-01D-1798_130116_SN208_0449_BD1RNWACXX_s_5_rg.sorted.bam,340126956,328697322,11429634,0.033604023
TCGA-CG-4440-01A-01D-A326_131002_SN208_0497_AC2CLVACXX_s_5_rg.sorted.bam,234330196,227559562,6770634,0.028893562
TCGA-CG-4440-01A-01R-1157-13_rnaseq.bam,178918824,156529202,22389622,0.125138437
TCGA-CG-4440-10A-01D-A326_131002_SN208_0497_AC2CLVACXX_s_6_rg.sorted.bam,252079492,245295333,6784159,0.026912776
TCGA-CG-4441-01A-01D-1798_130214_SN1120_0236_AC1RPCACXX_s_1_rg.sorted.bam,545581664,521441415,24140249,0.044246811
TCGA-CG-4441-01A-01R-1802-13_rnaseq.bam,226909110,185451351,41457759,0.182706455
TCGA-CG-4441-10A-01D-1798_130214_SN1120_0236_AC1RPCACXX_s_2_rg.sorted.bam,571580530,543795914,27784616,0.048610151
TCGA-CG-4442-01A-01D-1154_130815_VM001_0004_VMR0004CXX_s_1_rg.sorted.bam,435350812,410955027,24395785,0.056037072
TCGA-CG-4442-10A-01D-1154_130815_VM001_0004_VMR0004CXX_s_2_rg.sorted.bam,432833918,407158240,25675678,0.059319931
TCGA-CG-4443-01A-01D-1154_130815_VM001_0004_VMR0004CXX_s_3_rg.sorted.bam,381696170,361425680,20270490,0.053106349
TCGA-CG-4443-10A-01D-1154_130815_VM001_0004_VMR0004CXX_s_4_rg.sorted.bam,386298970,366729994,19568976,0.050657593
TCGA-CG-4444-01A-01D-A326_131002_SN208_0497_AC2CLVACXX_s_7_rg.sorted.bam,249557382,242698608,6858774,0.027483755
TCGA-CG-4444-10A-01D-A326_131002_SN208_0497_AC2CLVACXX_s_8_rg.sorted.bam,255670058,247845754,7824304,0.03060313
TCGA-CG-4449-01A-01D-A326_131015_SN1440_0171_AC2DLBACXX_s_7_rg.sorted.bam,247401656,240107895,7293761,0.029481456
TCGA-CG-4449-10A-01D-A326_131015_SN1440_0171_AC2DLBACXX_s_8_rg.sorted.bam,180001772,174741340,5260432,0.029224335
TCGA-CG-4455-01A-01D-1154_120913_SN208_0429_AC187FACXX_s_7_rg.sorted.bam,167534206,162195543,5338663,0.031866107
TCGA-CG-4455-01A-01D-1154_130815_VM001_0004_VMR0004CXX_s_5_rg.sorted.bam,167534206,162195543,5338663,0.031866107
TCGA-CG-4455-10A-01D-1154_121026_SN1120_0198_BC188JACXX_s_3_rg.sorted.bam,450384066,430624895,19759171,0.043871825
TCGA-CG-4455-10A-01D-1154_130815_VM001_0004_VMR0004CXX_s_6_rg.sorted.bam,450384066,430624895,19759171,0.043871825
TCGA-CG-4460-01A-01D-1154_120913_SN208_0429_AC187FACXX_s_8_rg.sorted.bam,159064738,153825566,5239172,0.032937357
TCGA-CG-4460-10A-01D-1154_121026_SN1120_0198_BC188JACXX_s_4_rg.sorted.bam,390945496,377038825,13906671,0.035571892
TCGA-CG-4462-01A-01D-1154_121023_SN208_0437_BD1H3FACXX_s_7_rg.sorted.bam,178245660,173330076,4915584,0.02757758
TCGA-CG-4462-01A-01D-1154_130815_VM001_0004_VMR0004CXX_s_7_rg.sorted.bam,178245660,173330076,4915584,0.02757758
TCGA-CG-4462-10A-01D-1154_121023_SN208_0437_BD1H3FACXX_s_8_rg.sorted.bam,584110444,480739706,103370738,0.17697122
TCGA-CG-4462-10A-01D-1154_130815_VM001_0004_VMR0004CXX_s_8_rg.sorted.bam,584110444,480739706,103370738,0.17697122
TCGA-CG-4465-01A-01D-1154_121026_SN1120_0197_AC1878ACXX_s_1_rg.sorted.bam,474681182,452848772,21832410,0.045993839
TCGA-CG-4465-01A-01D-1154_130815_VM001_0005_VMR0005CXX_s_1_rg.sorted.bam,474681182,452848772,21832410,0.045993839
TCGA-CG-4465-01A-01R-1157-13_rnaseq.bam,195988076,166056133,29931943,0.152723286
TCGA-CG-4465-10A-01D-1154_121026_SN1120_0197_AC1878ACXX_s_5_rg.sorted.bam,419621390,401272286,18349104,0.043727761
TCGA-CG-4465-10A-01D-1154_130815_VM001_0005_VMR0005CXX_s_2_rg.sorted.bam,419621390,401272286,18349104,0.043727761
TCGA-CG-4466-01A-01D-1154_121026_SN1120_0197_AC1878ACXX_s_2_rg.sorted.bam,634483232,245580006,388903226,0.612944845
TCGA-CG-4466-01A-01D-1154_121212_SN1120_0205_AC1F18ACXX_s_1_rg.sorted.bam,336303582,309357730,26945852,0.080123595
TCGA-CG-4466-01A-01D-1154_130815_VM001_0005_VMR0005CXX_s_4_rg.sorted.bam,336303582,309357730,26945852,0.080123595
TCGA-CG-4466-10A-01D-1154_121026_SN1120_0197_AC1878ACXX_s_6_rg.sorted.bam,468566810,447417636,21149174,0.045135877
TCGA-CG-4466-10A-01D-1154_130815_VM001_0005_VMR0005CXX_s_5_rg.sorted.bam,170333106,164758084,5575022,0.032730114
TCGA-CG-4469-01A-01D-1154_121026_SN1120_0197_AC1878ACXX_s_3_rg.sorted.bam,407281914,391376845,15905069,0.039051744
TCGA-CG-4469-01A-01D-1154_130815_VM001_0005_VMR0005CXX_s_7_rg.sorted.bam,407281914,391376845,15905069,0.039051744
TCGA-CG-4469-01A-01R-1157-13_rnaseq.bam,183509340,158069651,25439689,0.138628851
TCGA-CG-4469-10A-01D-1154_121026_SN1120_0197_AC1878ACXX_s_7_rg.sorted.bam,442617502,423235175,19382327,0.043790241
TCGA-CG-4469-10A-01D-1154_130815_VM001_0005_VMR0005CXX_s_8_rg.sorted.bam,442617502,423235175,19382327,0.043790241
TCGA-CG-4472-01A-01D-1154_121026_SN1120_0197_AC1878ACXX_s_4_rg.sorted.bam,448253104,429348237,18904867,0.042174537
TCGA-CG-4472-01A-01D-1154_130815_VM001_0006_VMR0006CXX_s_1_rg.sorted.bam,448253104,429348237,18904867,0.042174537
TCGA-CG-4472-10A-01D-1154_121026_SN1120_0197_AC1878ACXX_s_8_rg.sorted.bam,572608530,534743682,37864848,0.066126937
TCGA-CG-4472-10A-01D-1154_130815_VM001_0006_VMR0006CXX_s_2_rg.sorted.bam,572608530,534743682,37864848,0.066126937
TCGA-CG-4474-01A-02D-1154_121026_SN1120_0198_BC188JACXX_s_1_rg.sorted.bam,460490188,441513217,18976971,0.04121037
TCGA-CG-4474-01A-02D-1154_130815_VM001_0006_VMR0006CXX_s_3_rg.sorted.bam,460490188,441513217,18976971,0.04121037
TCGA-CG-4474-10A-01D-1154_121026_SN1120_0198_BC188JACXX_s_2_rg.sorted.bam,475972990,456292794,19680196,0.041347296
TCGA-CG-4474-10A-01D-1154_130815_VM001_0006_VMR0006CXX_s_4_rg.sorted.bam,475972990,456292794,19680196,0.041347296
TCGA-CG-4475-01A-01D-1154_121026_SN1120_0198_BC188JACXX_s_7_rg.sorted.bam,449098704,431599598,17499106,0.038964944
TCGA-CG-4475-01A-01D-1154_130815_VM001_0006_VMR0006CXX_s_5_rg.sorted.bam,449098704,431599598,17499106,0.038964944
TCGA-CG-4475-10A-01D-1154_121026_SN1120_0198_BC188JACXX_s_8_rg.sorted.bam,465541272,444068475,21472797,0.046124368
TCGA-CG-4475-10A-01D-1154_130815_VM001_0006_VMR0006CXX_s_6_rg.sorted.bam,465541272,444068475,21472797,0.046124368
TCGA-CG-4476-01A-01D-1154_121029_SN208_0438_AC18NJACXX_s_1_rg.sorted.bam,487914968,460864602,27050366,0.055440738
TCGA-CG-4476-01A-01D-1154_130815_VM001_0006_VMR0006CXX_s_7_rg.sorted.bam,487914968,460864602,27050366,0.055440738
TCGA-CG-4476-10A-01D-1154_121029_SN208_0438_AC18NJACXX_s_3_rg.sorted.bam,448807542,427082964,21724578,0.048405109
TCGA-CG-4476-10A-01D-1154_130815_VM001_0006_VMR0006CXX_s_8_rg.sorted.bam,448807542,427082964,21724578,0.048405109
TCGA-CG-4477-01A-01D-1154_121029_SN208_0438_AC18NJACXX_s_2_rg.sorted.bam,554637544,121750887,432886657,0.780485673
TCGA-CG-4477-01A-01D-1154_121212_SN1120_0205_AC1F18ACXX_s_2_rg.sorted.bam,372343910,339967831,32376079,0.086952084
TCGA-CG-4477-01A-01D-1154_130815_VM001_0007_VMR0007CXX_s_2_rg.sorted.bam,372343910,339967831,32376079,0.086952084
TCGA-CG-4477-10A-01D-1154_121029_SN208_0438_AC18NJACXX_s_4_rg.sorted.bam,490824092,461533683,29290409,0.059675981
TCGA-CG-4477-10A-01D-1154_130815_VM001_0007_VMR0007CXX_s_3_rg.sorted.bam,137242418,131917632,5324786,0.038798398
TCGA-CG-5716-01A-21R-1802-13_rnaseq.bam,199349648,158627195,40722453,0.204276523
TCGA-CG-5717-01A-11D-1598_121029_SN208_0438_AC18NJACXX_s_5_rg.sorted.bam,532042208,493816175,38226033,0.071847745
TCGA-CG-5717-01A-11R-1602-13_rnaseq.bam,200455524,147354870,53100654,0.264899929
TCGA-CG-5717-10A-01D-1598_121029_SN208_0438_AC18NJACXX_s_7_rg.sorted.bam,290911524,280821598,10089926,0.034683831
TCGA-CG-5718-01A-11D-1598_121029_SN208_0438_AC18NJACXX_s_6_rg.sorted.bam,429678126,412906603,16771523,0.03903276
TCGA-CG-5718-01A-11R-1602-13_rnaseq.bam,214631046,168467278,46163768,0.215084299
TCGA-CG-5718-10A-01D-1598_121029_SN208_0438_AC18NJACXX_s_8_rg.sorted.bam,316131110,300671754,15459356,0.048901723
TCGA-CG-5719-01A-11D-1598_121029_SN208_0439_BD1KHKACXX_s_1_rg.sorted.bam,427196782,407467596,19729186,0.046182899
TCGA-CG-5719-01A-11R-1602-13_rnaseq.bam,224441096,134684436,89756660,0.399911877
TCGA-CG-5719-10A-01D-1598_121029_SN208_0439_BD1KHKACXX_s_3_rg.sorted.bam,301505094,290074055,11431039,0.037913253
TCGA-CG-5720-01A-11D-1598_121029_SN208_0439_BD1KHKACXX_s_2_rg.sorted.bam,413944452,396135094,17809358,0.043023546
TCGA-CG-5720-01A-11R-1602-13_rnaseq.bam,193406536,166433984,26972552,0.139460395
TCGA-CG-5720-11A-01D-1598_121029_SN208_0439_BD1KHKACXX_s_4_rg.sorted.bam,352514494,339488129,13026365,0.036952708
TCGA-CG-5720-11A-01R-1602-13_rnaseq.bam,173428574,112204844,61223730,0.353019855
TCGA-CG-5721-01A-11D-1598_121011_SN208_0434_AC18MYACXX_s_1_rg.sorted.bam,404804520,388422952,16381568,0.040467849
TCGA-CG-5721-01A-11R-1602-13_rnaseq.bam,213792162,156413379,57378783,0.268385812
TCGA-CG-5721-11A-01D-1598_121011_SN208_0434_AC18MYACXX_s_4_rg.sorted.bam,375461434,361689423,13772011,0.036680228
TCGA-CG-5721-11A-01R-1602-13_rnaseq.bam,128221292,77767975,50453317,0.393486263
TCGA-CG-5722-01A-21D-1598_121011_SN208_0434_AC18MYACXX_s_2_rg.sorted.bam,446564912,426256343,20308569,0.045477306
TCGA-CG-5722-01A-21R-1602-13_rnaseq.bam,181406820,123922902,57483918,0.316878483
TCGA-CG-5722-11A-02D-1598_121011_SN208_0434_AC18MYACXX_s_5_rg.sorted.bam,391289800,376741782,14548018,0.03717965
TCGA-CG-5722-11A-02R-1602-13_rnaseq.bam,136334984,91032361,45302623,0.332289055
TCGA-CG-5723-01A-11D-1598_121011_SN208_0434_AC18MYACXX_s_3_rg.sorted.bam,445701600,416763799,28937801,0.064926401
TCGA-CG-5723-01A-11R-1602-13_rnaseq.bam,225199356,96151625,129047731,0.573037744
TCGA-CG-5723-11A-02D-1598_121011_SN208_0434_AC18MYACXX_s_6_rg.sorted.bam,441013946,420992239,20021707,0.04539926
TCGA-CG-5724-01A-11D-1598_121011_SN208_0434_AC18MYACXX_s_7_rg.sorted.bam,426416842,408738844,17677998,0.041457082
TCGA-CG-5724-01A-11R-1602-13_rnaseq.bam,184186374,141195552,42990822,0.233409351
TCGA-CG-5724-11A-01D-1598_121011_SN208_0434_AC18MYACXX_s_8_rg.sorted.bam,404686958,387743360,16943598,0.041868406
TCGA-CG-5725-01A-11D-1598_121011_SN208_0435_BD1E43ACXX_s_1_rg.sorted.bam,459547172,435737917,23809255,0.051810252
TCGA-CG-5725-01A-11R-1602-13_rnaseq.bam,195430592,135546268,59884324,0.306422466
TCGA-CG-5725-11A-01D-1598_121011_SN208_0435_BD1E43ACXX_s_5_rg.sorted.bam,423216642,403597318,19619324,0.046357638
TCGA-CG-5726-01A-11D-1598_121011_SN208_0435_BD1E43ACXX_s_2_rg.sorted.bam,427271608,408430499,18841109,0.044096328
TCGA-CG-5726-01A-11R-1602-13_rnaseq.bam,178689264,139921435,38767829,0.216956677
TCGA-CG-5726-11A-01D-1598_121011_SN208_0435_BD1E43ACXX_s_6_rg.sorted.bam,429321940,409169248,20152692,0.046940746
TCGA-CG-5727-01A-11D-1598_121011_SN208_0435_BD1E43ACXX_s_3_rg.sorted.bam,441315398,419274015,22041383,0.04994474
TCGA-CG-5727-11A-01D-1598_121011_SN208_0435_BD1E43ACXX_s_7_rg.sorted.bam,376072188,361856892,14215296,0.037799381
TCGA-CG-5728-01A-11D-1598_121011_SN208_0435_BD1E43ACXX_s_4_rg.sorted.bam,414899964,397318489,17581475,0.042375215
TCGA-CG-5728-11A-01D-1598_121011_SN208_0435_BD1E43ACXX_s_8_rg.sorted.bam,432599424,413026549,19572875,0.045244801
TCGA-CG-5728-11A-01R-1602-13_rnaseq.bam,201837108,89528072,112309036,0.556434033
TCGA-CG-5730-01A-11D-1598_121023_SN208_0436_AC1CMBACXX_s_1_rg.sorted.bam,338915134,328530922,10384212,0.030639564
TCGA-CG-5730-11A-01D-1598_121023_SN208_0436_AC1CMBACXX_s_4_rg.sorted.bam,361467898,349074856,12393042,0.034285318
TCGA-CG-5730-11A-01R-1602-13_rnaseq.bam,194692686,101988304,92704382,0.476157497
TCGA-CG-5732-01A-11D-1598_121023_SN208_0436_AC1CMBACXX_s_2_rg.sorted.bam,378315364,365381949,12933415,0.034186862
TCGA-CG-5732-01A-11R-1602-13_rnaseq.bam,196470484,158541281,37929203,0.193052932
TCGA-CG-5732-11A-01D-1598_121023_SN208_0436_AC1CMBACXX_s_5_rg.sorted.bam,356823894,344156724,12667170,0.035499781
TCGA-CG-5733-01A-11D-1598_121023_SN208_0436_AC1CMBACXX_s_3_rg.sorted.bam,562330838,512044532,50286306,0.08942477
TCGA-CG-5733-11A-01D-1598_121023_SN208_0436_AC1CMBACXX_s_6_rg.sorted.bam,382056856,368399301,13657555,0.035747441
TCGA-CG-5733-11A-01R-1602-13_rnaseq.bam,226130466,156111381,70019085,0.30964021
TCGA-CG-5734-01A-11D-1598_121023_SN208_0436_AC1CMBACXX_s_7_rg.sorted.bam,427730652,410729572,17001080,0.039747163
TCGA-CG-5734-01A-11R-1602-13_rnaseq.bam,173443180,102638338,70804842,0.408230765
TCGA-CG-5734-11A-01D-1598_121023_SN208_0436_AC1CMBACXX_s_8_rg.sorted.bam,372905036,359075161,13829875,0.037086855
TCGA-CG-5734-11A-01R-1602-13_rnaseq.bam,209750924,157786144,51964780,0.247745178
TCGA-CH-5741-01A-11D-1572_130104_SN1120_0209_BD1KP6ACXX_s_1_rg.sorted.bam,479438920,413229177,66209743,0.13809839
TCGA-CH-5741-10A-01D-1572_130104_SN1120_0209_BD1KP6ACXX_s_2_rg.sorted.bam,525572036,446091516,79480520,0.151226691
TCGA-CH-5743-01A-21D-1572_130104_SN1120_0209_BD1KP6ACXX_s_3_rg.sorted.bam,474320994,415882795,58438199,0.123203906
TCGA-CH-5743-10A-01D-1572_130104_SN1120_0209_BD1KP6ACXX_s_4_rg.sorted.bam,517509524,446825904,70683620,0.136584192
TCGA-CH-5744-01A-11D-1572_130104_SN1120_0209_BD1KP6ACXX_s_5_rg.sorted.bam,464906648,411136360,53770288,0.115658247
TCGA-CH-5744-10A-01D-1572_130104_SN1120_0209_BD1KP6ACXX_s_6_rg.sorted.bam,430064472,379101530,50962942,0.118500702
TCGA-CH-5745-01A-11D-1572_130104_SN1120_0209_BD1KP6ACXX_s_7_rg.sorted.bam,487535474,430911135,56624339,0.116144039
TCGA-CH-5745-10A-01D-1572_130104_SN1120_0209_BD1KP6ACXX_s_8_rg.sorted.bam,543302510,467511568,75790942,0.139500445
TCGA-CH-5746-01A-11D-1572_130103_SN1222_0165_AC1FBHACXX_s_1_rg.sorted.bam,502851370,482608800,20242570,0.040255573
TCGA-CH-5746-10A-01D-1572_130103_SN1222_0165_AC1FBHACXX_s_2_rg.sorted.bam,501207732,476800821,24406911,0.048696198
TCGA-CH-5748-01A-11D-1572_130103_SN1222_0165_AC1FBHACXX_s_3_rg.sorted.bam,458087262,440910715,17176547,0.037496234
TCGA-CH-5748-10A-01D-1572_130103_SN1222_0165_AC1FBHACXX_s_4_rg.sorted.bam,501069646,476892123,24177523,0.048251821
TCGA-CH-5750-01A-11D-1572_130103_SN1222_0165_AC1FBHACXX_s_5_rg.sorted.bam,467761802,449822553,17939249,0.038351248
TCGA-CH-5750-10A-01D-1572_130103_SN1222_0165_AC1FBHACXX_s_6_rg.sorted.bam,502064864,477313559,24751305,0.049299018
TCGA-CH-5751-01A-11D-1572_130103_SN1222_0165_AC1FBHACXX_s_7_rg.sorted.bam,466825812,450084760,16741052,0.035861453
TCGA-CH-5751-10A-01D-1572_130103_SN1222_0165_AC1FBHACXX_s_8_rg.sorted.bam,495680810,470966322,24714488,0.049859683
TCGA-CH-5752-01A-11D-1572_130103_SN1222_0166_BD1K7EACXX_s_1_rg.sorted.bam,580384002,547502638,32881364,0.056654498
TCGA-CH-5752-10A-01D-1572_130103_SN1222_0166_BD1K7EACXX_s_2_rg.sorted.bam,559851708,528691315,31160393,0.055658298
TCGA-CH-5753-01A-11D-1572_130103_SN1222_0166_BD1K7EACXX_s_3_rg.sorted.bam,515949100,493566335,22382765,0.043381731
TCGA-CH-5753-10A-01D-1572_130103_SN1222_0166_BD1K7EACXX_s_4_rg.sorted.bam,562655248,531036253,31618995,0.056196037
TCGA-CH-5754-01A-11D-1572_130103_SN1222_0166_BD1K7EACXX_s_5_rg.sorted.bam,587785948,556482724,31303224,0.053256163
TCGA-CH-5754-10A-01D-1572_130103_SN1222_0166_BD1K7EACXX_s_6_rg.sorted.bam,576578642,542834238,33744404,0.058525241
TCGA-CH-5761-01A-11D-1572_130103_SN1222_0166_BD1K7EACXX_s_7_rg.sorted.bam,578332050,548497653,29834397,0.051586968
TCGA-CH-5761-11A-01D-1572_130103_SN1222_0166_BD1K7EACXX_s_8_rg.sorted.bam,544056132,517928356,26127776,0.048024045
TCGA-CH-5762-01A-11D-1572_130104_SN208_0445_AC1JWAACXX_s_1_rg.sorted.bam,517400014,489236001,28164013,0.054433731
TCGA-CH-5762-11A-01D-1572_130104_SN208_0445_AC1JWAACXX_s_2_rg.sorted.bam,552778600,514993359,37785241,0.068355108
TCGA-CH-5763-01A-11D-1572_130104_SN208_0445_AC1JWAACXX_s_3_rg.sorted.bam,522054818,492414769,29640049,0.056775741
TCGA-CH-5763-11A-01D-1572_130104_SN208_0445_AC1JWAACXX_s_4_rg.sorted.bam,523719772,494430520,29289252,0.055925427
TCGA-CH-5764-01A-21D-1572_130104_SN208_0445_AC1JWAACXX_s_5_rg.sorted.bam,536501860,503913969,32587891,0.060741432
TCGA-CH-5764-11A-01D-1572_130104_SN208_0445_AC1JWAACXX_s_6_rg.sorted.bam,533196176,501622668,31573508,0.059215556
TCGA-CH-5765-01A-11D-1572_130104_SN208_0445_AC1JWAACXX_s_7_rg.sorted.bam,558207786,521100622,37107164,0.06647554
TCGA-CH-5765-11A-01D-1572_130104_SN208_0445_AC1JWAACXX_s_8_rg.sorted.bam,560119248,520221492,39897756,0.071230825
TCGA-CH-5766-01A-11D-1572_130104_SN208_0446_BD1KR5ACXX_s_1_rg.sorted.bam,513234988,484681511,28553477,0.055634315
TCGA-CH-5766-11A-01D-1572_130104_SN208_0446_BD1KR5ACXX_s_2_rg.sorted.bam,521968570,492241650,29726920,0.056951552
TCGA-CH-5767-01A-11D-1784_130329_SN590_0221_BD1WHDACXX_s_6_rg.sorted.bam,300238150,289695175,10542975,0.035115374
TCGA-CH-5767-11B-01D-1784_130115_SN590_0208_BD1TAGACXX_s_2_rg.sorted.bam,418459062,397388216,21070846,0.050353423
TCGA-CH-5768-01A-11D-1572_130104_SN208_0446_BD1KR5ACXX_s_3_rg.sorted.bam,484059958,460577034,23482924,0.048512428
TCGA-CH-5768-11A-01D-1572_130104_SN208_0446_BD1KR5ACXX_s_4_rg.sorted.bam,502074788,475845415,26229373,0.052241964
TCGA-CH-5769-01A-11D-1572_130104_SN208_0446_BD1KR5ACXX_s_5_rg.sorted.bam,520101570,490905065,29196505,0.05613616
TCGA-CH-5769-11A-01D-1572_130104_SN208_0446_BD1KR5ACXX_s_6_rg.sorted.bam,529834394,499309018,30525376,0.057613051
TCGA-CH-5771-01A-21D-1572_130104_SN208_0446_BD1KR5ACXX_s_7_rg.sorted.bam,529491732,497470809,32020923,0.060474831
TCGA-CH-5771-11A-01D-1572_130104_SN208_0446_BD1KR5ACXX_s_8_rg.sorted.bam,496421944,470587146,25834798,0.052042014
TCGA-CH-5772-01A-11D-1572_130125_SN208_0450_AC1K3NACXX_s_1_rg.sorted.bam,497709046,472912336,24796710,0.049821698
TCGA-CH-5772-11A-01D-1572_130125_SN208_0450_AC1K3NACXX_s_2_rg.sorted.bam,505736920,479309403,26427517,0.052255463
TCGA-CH-5788-01A-11D-1572_130125_SN208_0450_AC1K3NACXX_s_3_rg.sorted.bam,418576844,401980676,16596168,0.039649035
TCGA-CH-5788-10A-01D-1572_130125_SN208_0450_AC1K3NACXX_s_4_rg.sorted.bam,483777484,456967167,26810317,0.055418695
TCGA-CH-5789-01A-11D-1572_130125_SN208_0450_AC1K3NACXX_s_5_rg.sorted.bam,465251904,445096497,20155407,0.043321493
TCGA-CH-5789-10A-01D-1572_130125_SN208_0450_AC1K3NACXX_s_6_rg.sorted.bam,477871058,451432335,26438723,0.05532606
TCGA-CH-5790-01A-11D-1572_130125_SN208_0450_AC1K3NACXX_s_7_rg.sorted.bam,495158556,471463283,23695273,0.04785391
TCGA-CH-5790-10A-01D-1572_130125_SN208_0450_AC1K3NACXX_s_8_rg.sorted.bam,467483648,441370173,26113475,0.055859654
TCGA-CH-5791-01A-11D-1572_130125_SN208_0451_BD1RB1ACXX_s_1_rg.sorted.bam,364072010,351601969,12470041,0.034251578
TCGA-CH-5791-10A-01D-1572_130125_SN208_0451_BD1RB1ACXX_s_2_rg.sorted.bam,485713474,457645179,28068295,0.057787763
TCGA-CH-5792-01A-11D-1572_130125_SN208_0451_BD1RB1ACXX_s_3_rg.sorted.bam,462424778,441095684,21329094,0.046124462
TCGA-CH-5792-10A-01D-1572_130125_SN208_0451_BD1RB1ACXX_s_4_rg.sorted.bam,467695240,445040027,22655213,0.048440119
TCGA-CH-5794-01A-11D-1572_130125_SN208_0451_BD1RB1ACXX_s_5_rg.sorted.bam,467996218,446117323,21878895,0.046750153
TCGA-CH-5794-10A-01D-1573_130125_SN208_0451_BD1RB1ACXX_s_6_rg.sorted.bam,368777190,354986710,13790480,0.037395155
TCGA-CJ-4639-01A-01D-2095-10_Illumina.bam,1147503256,1095337621,52165635,0.045460119
TCGA-CJ-4639-11A-01D-2095-10_Illumina.bam,1029230814,979504540,49726274,0.048314016
TCGA-CJ-4870-01A-01D-2098-10_wgs_Illumina.bam,2106540384,1990025149,116515235,0.05531118
TCGA-CJ-4870-11A-01D-2098-10_wgs_Illumina.bam,1101703124,1042310372,59392752,0.053909942
TCGA-CJ-4878-01A-01D-2098-10_wgs_Illumina.bam,2087216300,1981291969,105924331,0.050749092
TCGA-CJ-4878-11A-01D-2098-10_wgs_Illumina.bam,980952192,921673520,59278672,0.060429726
TCGA-CJ-4885-01A-01D-2098-10_Illumina.bam,1079714268,1030995399,48718869,0.045122002
TCGA-CJ-4885-11A-01D-2098-10_Illumina.bam,1088305234,1040967592,47337642,0.043496659
TCGA-CJ-4899-01A-01D-2100-10_Illumina.bam,2.26E+09,2.16E+09,101730000,0.04502463
TCGA-CJ-4899-11A-01D-2100-10_Illumina.bam,1169304688,1117727996,51576692,0.044108856
TCGA-CJ-4918-01A-01D-2101-10_Illumina.bam,2.27E+09,2.15E+09,112720000,0.049717933
TCGA-CJ-4918-11A-01D-2101-10_Illumina.bam,1000687148,921317676,79369472,0.079314971
TCGA-CJ-5681-01A-11D-1534-10_wgs_Illumina.bam,2.17E+09,2068114564,102705436,0.047311816
TCGA-CJ-5681-11A-01D-1535-10_wgs_Illumina.bam,1215444014,1157721149,57722865,0.047491176
TCGA-CJ-5682-01A-11D-2103-10_Illumina.bam,1165850142,1112116413,53733729,0.046089739
TCGA-CJ-5682-11A-01D-2103-10_Illumina.bam,1127298968,1073167778,54131190,0.048018486
TCGA-CJ-6033-01A-11D-2104-10_Illumina.bam,2012412864,1927384913,85027951,0.042251743
TCGA-CJ-6033-11A-01D-2104-10_Illumina.bam,955027594,906480989,48546605,0.050832673
TCGA-CK-4951-01A-01D-1405-02_IlluminaHiSeq-DNASeq_whole.bam,237403300,208839568,28563732,0.120317333
TCGA-CK-4951-10A-01D-1405-02_IlluminaHiSeq-DNASeq_whole.bam,247752862,216979878,30772984,0.12420839
TCGA-CM-4744-01A-01D-1405-02_IlluminaHiSeq-DNASeq_whole.bam,204589088,182057235,22531853,0.110132232
TCGA-CM-4744-10A-01D-1405-02_IlluminaHiSeq-DNASeq_whole.bam,116724064,106714028,10010036,0.085758118
TCGA-CM-4746-01A-01D-1405-02_IlluminaHiSeq-DNASeq_whole.bam,250679168,217893456,32785712,0.130787541
TCGA-CM-4746-10A-01D-1405-02_IlluminaHiSeq-DNASeq_whole.bam,205356388,182742956,22613432,0.110117987
TCGA-CM-4747-01A-01D-1405-02_IlluminaHiSeq-DNASeq_whole.bam,250692966,220565052,30127914,0.120178537
TCGA-CM-4747-10A-01D-1405-02_IlluminaHiSeq-DNASeq_whole.bam,245615550,215887929,29727621,0.121033139
TCGA-CM-4748-01A-01D-1405-02_IlluminaHiSeq-DNASeq_whole.bam,201601806,180318697,21283109,0.105570031
TCGA-CM-4748-10A-01D-1405-02_IlluminaHiSeq-DNASeq_whole.bam,221082540,196023299,25059241,0.113347897
TCGA-CM-4750-01A-01D-1405-02_IlluminaHiSeq-DNASeq_whole.bam,251872634,220544772,31327862,0.124379777
TCGA-CM-4750-10A-01D-1405-02_IlluminaHiSeq-DNASeq_whole.bam,299339988,254584749,44755239,0.149513065
TCGA-CM-4752-01A-01D-1405-02_IlluminaHiSeq-DNASeq_whole.bam,262376854,228979893,33396961,0.127286232
TCGA-CM-4752-10A-01D-1405-02_IlluminaHiSeq-DNASeq_whole.bam,198805944,177190823,21615121,0.108724722
TCGA-CN-4722-01A-01D-1431_120423_SN590_0153_BC0KJ3ACXX_s_7_rg.sorted.bam,268641850,254956557,13685293,0.050942521
TCGA-CN-4725-01A-01D-1431_120504_SN590_0155_AC0KTHACXX_s_3_rg.sorted.bam,312098670,293087507,19011163,0.060913951
TCGA-CN-4725-10A-01D-1431_120504_SN590_0155_AC0KTHACXX_s_4_rg.sorted.bam,388483098,363973271,24509827,0.063091103
TCGA-CN-4727-01A-01D-1431_120504_SN590_0155_AC0KTHACXX_s_7_rg.sorted.bam,363354152,347540605,15813547,0.04352103
TCGA-CN-4727-10A-01D-1431_120504_SN590_0155_AC0KTHACXX_s_8_rg.sorted.bam,349292914,327962273,21330641,0.061068061
TCGA-CN-4729-01A-01D-1431_120513_SN590_0157_AD0PU3ACXX_s_3_rg.sorted.bam,339172450,325979220,13193230,0.038898295
TCGA-CN-4729-10A-01D-1431_120513_SN590_0157_AD0PU3ACXX_s_4_rg.sorted.bam,417064890,382988289,34076601,0.081705753
TCGA-CN-4730-01A-01D-1431_120513_SN590_0157_AD0PU3ACXX_s_5_rg.sorted.bam,360303280,346382516,13920764,0.03863624
TCGA-CN-4730-10A-01D-1431_120513_SN590_0157_AD0PU3ACXX_s_6_rg.sorted.bam,137179414,127919530,9259884,0.067501994
TCGA-CN-4730-10A-01D-1431_120712_SN1222_0125_BD13TPACXX_s_8_rg.sorted.bam,465517500,438330217,27187283,0.058402279
TCGA-CN-4731-01A-01D-1431_120513_SN590_0157_AD0PU3ACXX_s_7_rg.sorted.bam,374639482,360526421,14113061,0.037671046
TCGA-CN-4731-10A-01D-1431_120513_SN590_0157_AD0PU3ACXX_s_8_rg.sorted.bam,452412556,423918588,28493968,0.062982266
TCGA-CN-4733-01A-02D-1868_120427_SN208_0287_AC0J25ACXX_s_5_rg.sorted.bam,390812652,363629482,27183170,0.069555501
TCGA-CN-4733-10A-01D-1868_120530_SN1222_0110_AC0VLAACXX_s_6_rg.sorted.bam,365357662,352806800,12550862,0.034352262
TCGA-CN-4734-01A-01D-1431_120412_SN208_0283_AD0V1GACXX_s_1_rg.sorted.bam,337427008,323727087,13699921,0.040601139
TCGA-CN-4734-10A-01D-1431_120412_SN208_0284_BD0T51ACXX_s_1_rg.sorted.bam,420709748,395349670,25360078,0.060279274
TCGA-CN-4735-01A-01D-1431_120412_SN208_0283_AD0V1GACXX_s_2_rg.sorted.bam,308734718,297940753,10793965,0.034961941
TCGA-CN-4735-10A-01D-1431_120412_SN208_0284_BD0T51ACXX_s_2_rg.sorted.bam,201870806,186798047,15072759,0.074665373
TCGA-CN-4736-01A-01D-1431_120412_SN208_0283_AD0V1GACXX_s_3_rg.sorted.bam,314022492,303518559,10503933,0.03344962
TCGA-CN-4736-10A-01D-1431_120412_SN208_0284_BD0T51ACXX_s_3_rg.sorted.bam,428616554,404085236,24531318,0.057233716
TCGA-CN-4737-01A-01D-1431_120412_SN208_0283_AD0V1GACXX_s_4_rg.sorted.bam,347691658,334508151,13183507,0.037917237
TCGA-CN-4737-01A-01D-2266-10_Illumina.bam,2.60E+09,2.48E+09,118920000,0.045746379
TCGA-CN-4737-10A-01D-1431_120412_SN208_0284_BD0T51ACXX_s_4_rg.sorted.bam,346565062,315826850,30738212,0.088693915
TCGA-CN-4737-10A-01D-2266-10_Illumina.bam,1116103328,1068637463,47465865,0.0425282
TCGA-CN-4738-01A-02D-1509_120420_SN1120_0135_BD0T5FACXX_s_7_rg.sorted.bam,367788880,350868804,16920076,0.04600486
TCGA-CN-4738-10A-01D-1509_120420_SN208_0286_BD0T87ACXX_s_2_rg.sorted.bam,445539824,424034947,21504877,0.048267014
TCGA-CN-4739-01A-02D-1509_120420_SN1120_0135_BD0T5FACXX_s_8_rg.sorted.bam,559109872,526887867,32222005,0.0576309
TCGA-CN-4739-10A-01D-1509_120420_SN208_0286_BD0T87ACXX_s_3_rg.sorted.bam,365582792,347426301,18156491,0.049664512
TCGA-CN-4740-01A-01D-1431_120412_SN208_0283_AD0V1GACXX_s_5_rg.sorted.bam,360283626,347401691,12881935,0.035754983
TCGA-CN-4740-10A-01D-1431_120412_SN208_0284_BD0T51ACXX_s_5_rg.sorted.bam,399958644,383277427,16681217,0.041707355
TCGA-CN-4741-01A-01D-1431_120412_SN208_0283_AD0V1GACXX_s_6_rg.sorted.bam,329067868,317008508,12059360,0.03664703
TCGA-CN-4741-10A-01D-1431_120412_SN208_0284_BD0T51ACXX_s_6_rg.sorted.bam,406578106,388557828,18020278,0.044321811
TCGA-CN-4742-01A-02D-1509_120420_SN208_0285_AD0T5JACXX_s_1_rg.sorted.bam,420186676,401213064,18973612,0.045155197
TCGA-CN-4742-10A-01D-1509_120420_SN208_0286_BD0T87ACXX_s_4_rg.sorted.bam,423096124,404236004,18860120,0.044576442
TCGA-CN-5355-01A-01D-1431_120412_SN208_0283_AD0V1GACXX_s_7_rg.sorted.bam,353423510,338724586,14698924,0.041590114
TCGA-CN-5355-10A-01D-1431_120412_SN208_0284_BD0T51ACXX_s_7_rg.sorted.bam,398041834,376747801,21294033,0.053496972
TCGA-CN-5356-01A-01D-1431_120412_SN208_0283_AD0V1GACXX_s_8_rg.sorted.bam,331247510,315633639,15613871,0.047136569
TCGA-CN-5356-10A-01D-1431_120412_SN208_0284_BD0T51ACXX_s_8_rg.sorted.bam,458575686,420275803,38299883,0.083519219
TCGA-CN-5360-01A-01D-1431_120418_SN1222_0098_BD0T68ACXX_s_1_rg.sorted.bam,395658016,380890965,14767051,0.037322765
TCGA-CN-5360-10A-01D-1431_120418_SN1222_0098_BD0T68ACXX_s_5_rg.sorted.bam,446026080,429667250,16358830,0.036676846
TCGA-CN-5361-01A-01D-1431_120418_SN1222_0098_BD0T68ACXX_s_2_rg.sorted.bam,381963558,367507148,14456410,0.037847616
TCGA-CN-5361-10A-01D-1431_120418_SN1222_0098_BD0T68ACXX_s_6_rg.sorted.bam,395279504,380930685,14348819,0.036300438
TCGA-CN-5363-01A-01D-1431_120418_SN1222_0098_BD0T68ACXX_s_3_rg.sorted.bam,418114196,403882584,14231612,0.03403762
TCGA-CN-5363-10A-01D-1431_120418_SN1222_0098_BD0T68ACXX_s_7_rg.sorted.bam,447317640,430307707,17009933,0.03802652
TCGA-CN-5364-01A-01D-1431_120418_SN1222_0098_BD0T68ACXX_s_4_rg.sorted.bam,417089460,401898069,15191391,0.03642238
TCGA-CN-5364-10A-01D-1431_120418_SN1222_0098_BD0T68ACXX_s_8_rg.sorted.bam,421179010,405195174,15983836,0.03795022
TCGA-CN-5365-01A-01D-2276-10_Illumina.bam,2.32E+09,2.21E+09,110860000,0.047819935
TCGA-CN-5365-10A-01D-2276-10_Illumina.bam,992755708,944422270,48333438,0.048686135
TCGA-CN-5366-01A-01D-1431_120420_SN1120_0134_AC0J8YACXX_s_1_rg.sorted.bam,381783932,365771079,16012853,0.041942187
TCGA-CN-5366-10A-01D-1431_120420_SN1120_0134_AC0J8YACXX_s_5_rg.sorted.bam,415926164,399079867,16846297,0.040503095
TCGA-CN-5367-01A-01D-1431_120420_SN1120_0134_AC0J8YACXX_s_2_rg.sorted.bam,353479674,336849603,16630071,0.047046753
TCGA-CN-5367-10A-01D-1431_120420_SN1120_0134_AC0J8YACXX_s_6_rg.sorted.bam,361422688,343999910,17422778,0.048206099
TCGA-CN-5369-01A-01D-1431_120420_SN1120_0134_AC0J8YACXX_s_3_rg.sorted.bam,381208518,362307421,18901097,0.049582043
TCGA-CN-5369-10A-01D-1431_120420_SN1120_0134_AC0J8YACXX_s_7_rg.sorted.bam,360992436,347571415,13421021,0.037178122
TCGA-CN-5373-01A-01D-1431_120420_SN1120_0134_AC0J8YACXX_s_4_rg.sorted.bam,433558256,415065709,18492547,0.042652969
TCGA-CN-5373-10A-01D-1431_120420_SN1120_0134_AC0J8YACXX_s_8_rg.sorted.bam,354299004,341439771,12859233,0.036294861
TCGA-CN-5374-01A-01D-2266-10_Illumina.bam,2.38E+09,2.29E+09,92350000,0.038774988
TCGA-CN-5374-10A-01D-2266-10_Illumina.bam,1167208004,1114211335,52996669,0.045404648
TCGA-CN-6011-01A-11D-A32X-10_wgs_Illumina.bam,2.27E+09,2.20E+09,79780000,0.035068594
TCGA-CN-6011-10A-01D-A32X-10_wgs_Illumina.bam,1310230114,1277157901,33072213,0.02524153
TCGA-CN-6013-01A-11D-1681_120425_SN1222_0099_AC0JCEACXX_s_1_rg.sorted.bam,291884400,280676632,11207768,0.038397969
TCGA-CN-6013-10A-01D-1681_120425_SN1222_0099_AC0JCEACXX_s_5_rg.sorted.bam,430683170,406396943,24286227,0.056390007
TCGA-CN-6017-01A-11D-1681_120425_SN1222_0099_AC0JCEACXX_s_2_rg.sorted.bam,272204180,263393142,8811038,0.032369224
TCGA-CN-6017-10A-01D-1681_120425_SN1222_0099_AC0JCEACXX_s_6_rg.sorted.bam,465154990,440581230,24573760,0.052829187
TCGA-CN-6018-01A-11D-1681_120425_SN1222_0099_AC0JCEACXX_s_3_rg.sorted.bam,367400366,355283849,12116517,0.032979055
TCGA-CN-6018-10A-01D-1681_120425_SN1222_0099_AC0JCEACXX_s_7_rg.sorted.bam,363618000,350987032,12630968,0.034736916
TCGA-CN-6019-01A-11D-1681_120425_SN1222_0099_AC0JCEACXX_s_4_rg.sorted.bam,304318208,291309102,13009106,0.042748366
TCGA-CN-6019-10A-01D-1681_120425_SN1222_0099_AC0JCEACXX_s_8_rg.sorted.bam,460798348,439020284,21778064,0.047261593
TCGA-CN-6989-01A-11D-A32X-10_wgs_Illumina.bam,2.26E+09,2.18E+09,84380000,0.037310199
TCGA-CN-6989-10A-01D-A32X-10_wgs_Illumina.bam,1245632698,1205748319,39884379,0.032019374
TCGA-CN-6994-01A-11D-A32X-10_wgs_Illumina.bam,1968792674,1813077193,155715481,0.079091863
TCGA-CN-6994-10A-01D-A32X-10_wgs_Illumina.bam,1352300090,1316888883,35411207,0.026185909
TCGA-CN-6996-01A-11D-1911_120504_SN1222_0101_AC0UMDACXX_s_5_rg.sorted.bam,412167904,397128486,15039418,0.036488571
TCGA-CN-6996-10A-01D-1911_120504_SN1222_0101_AC0UMDACXX_s_6_rg.sorted.bam,562809952,514296576,48513376,0.086198504
TCGA-CN-6998-01A-23D-2317_120623_SN1222_0118_AD13T1ACXX_s_5_rg.sorted.bam,476748308,455697009,21051299,0.044156001
TCGA-CN-6998-10A-01D-2317_120623_SN1222_0118_AD13T1ACXX_s_1_rg.sorted.bam,625525356,416098217,209427139,0.334801998
TCGA-CQ-5325-01A-01D-1681_120425_SN1222_0100_BD0T1VACXX_s_1_rg.sorted.bam,277572434,267773385,9799049,0.035302673
TCGA-CQ-5325-10A-01D-1681_120425_SN1222_0100_BD0T1VACXX_s_5_rg.sorted.bam,370891272,357367374,13523898,0.036463241
TCGA-CQ-5327-01A-01D-1681_120425_SN1222_0100_BD0T1VACXX_s_2_rg.sorted.bam,267884806,258980320,8904486,0.033239982
TCGA-CQ-5327-10A-01D-1681_120425_SN1222_0100_BD0T1VACXX_s_6_rg.sorted.bam,291147412,281334804,9812608,0.033703229
TCGA-CQ-5329-01A-01D-1681_120425_SN1222_0100_BD0T1VACXX_s_3_rg.sorted.bam,269392078,260489480,8902598,0.033046993
TCGA-CQ-5329-10A-01D-1681_120425_SN1222_0100_BD0T1VACXX_s_7_rg.sorted.bam,388165594,372047200,16118394,0.04152453
TCGA-CQ-5330-01A-01D-1681_120425_SN1222_0100_BD0T1VACXX_s_4_rg.sorted.bam,287372652,277543029,9829623,0.034205144
TCGA-CQ-5330-10A-01D-1681_120425_SN1222_0100_BD0T1VACXX_s_8_rg.sorted.bam,341013248,328896484,12116764,0.035531652
TCGA-CQ-6219-01A-11D-1911_120504_SN1222_0101_AC0UMDACXX_s_7_rg.sorted.bam,386505018,372509682,13995336,0.036209972
TCGA-CQ-6219-10A-01D-1911_120504_SN1222_0101_AC0UMDACXX_s_8_rg.sorted.bam,572588436,539853909,32734527,0.057169382
TCGA-CQ-6220-01A-11D-1911_120504_SN1222_0102_BC0VHDACXX_s_1_rg.sorted.bam,478787898,457043452,21744446,0.045415613
TCGA-CQ-6220-10A-01D-1911_120504_SN1222_0102_BC0VHDACXX_s_5_rg.sorted.bam,611029204,256121218,354907986,0.580836372
TCGA-CQ-6221-01A-11D-2317_120623_SN1222_0119_BC0WLLACXX_s_6_rg.sorted.bam,487977352,464390937,23586415,0.048335061
TCGA-CQ-6221-10A-01D-2317_120623_SN1222_0119_BC0WLLACXX_s_5_rg.sorted.bam,432616702,414232240,18384462,0.04249596
TCGA-CQ-6223-01A-11D-1911_120504_SN1222_0102_BC0VHDACXX_s_3_rg.sorted.bam,463212836,440624099,22588737,0.048765352
TCGA-CQ-6223-10A-01D-1911_120504_SN1222_0102_BC0VHDACXX_s_7_rg.sorted.bam,595024066,556552374,38471692,0.064655691
TCGA-CQ-6224-01A-11D-1911_120504_SN1222_0102_BC0VHDACXX_s_4_rg.sorted.bam,493087836,471777421,21310415,0.043218294
TCGA-CQ-6224-10A-01D-1911_120504_SN1222_0102_BC0VHDACXX_s_8_rg.sorted.bam,628187324,556940379,71246945,0.113416719
TCGA-CQ-6225-01A-11D-1911_120504_SN208_0296_AC0V09ACXX_s_1_rg.sorted.bam,464239728,424411198,39828530,0.085793024
TCGA-CQ-6225-01A-11D-A32X-10_wgs_Illumina.bam,2106576088,1970179775,136396313,0.064747869
TCGA-CQ-6225-10A-01D-1911_120504_SN208_0296_AC0V09ACXX_s_5_rg.sorted.bam,511729294,417298660,94430634,0.184532398
TCGA-CQ-6225-10A-01D-A32X-10_wgs_Illumina.bam,1368780844,1303554665,65226179,0.047652756
TCGA-CQ-6228-01A-11D-A32X-10_wgs_Illumina.bam,2.29E+09,2.20E+09,93270000,0.04071539
TCGA-CQ-6228-10A-01D-A32X-10_wgs_Illumina.bam,1337772050,1269032711,68739339,0.051383447
TCGA-CQ-6229-01A-11D-1911_120504_SN208_0296_AC0V09ACXX_s_2_rg.sorted.bam,455116376,419331746,35784630,0.078627428
TCGA-CQ-6229-10A-01D-1911_120504_SN208_0296_AC0V09ACXX_s_6_rg.sorted.bam,512417268,460836454,51580814,0.10066174
TCGA-CQ-7065-01A-11D-2317_120730_SN1222_0140_AC11GKACXX_s_1_rg.sorted.bam,581703976,540163146,41540830,0.071412319
TCGA-CQ-7065-10A-01D-2317_120710_SN590_0166_AC0VNFACXX_s_4_rg.sorted.bam,343290578,329151908,14138670,0.041185721
TCGA-CQ-7068-01A-11D-2317_120730_SN1222_0140_AC11GKACXX_s_6_rg.sorted.bam,354131254,338029875,16101379,0.045467263
TCGA-CQ-7068-10A-01D-2317_120710_SN590_0165_BC0VU7ACXX_s_5_rg.sorted.bam,392988002,372722464,20265538,0.051567829
TCGA-CR-5249-01A-01D-2276-10_wgs_Illumina.bam,2126173640,2042179335,83994305,0.039504913
TCGA-CR-5249-10A-01D-2276-10_Illumina.bam,1199172712,1133556087,65616625,0.054718244
TCGA-CR-5250-01A-01D-2276-10_Illumina.bam,2.34E+09,2.22E+09,110840000,0.047464479
TCGA-CR-5250-10A-01D-2276-10_Illumina.bam,1073989400,1011873696,62115704,0.057836422
TCGA-CR-6467-01A-11D-2266-10_Illumina.bam,2066314980,1976080468,90234512,0.043669292
TCGA-CR-6467-10A-01D-2266-10_Illumina.bam,1210054962,1155647367,54407595,0.044962912
TCGA-CR-6491-01A-11D-A32X-10_wgs_Illumina.bam,2139418630,2049493935,89924695,0.042032304
TCGA-CR-6491-10A-01D-A32X-10_wgs_Illumina.bam,1339873656,1281382158,58491498,0.043654488
TCGA-CR-7382-01A-11D-A32X-10_wgs_Illumina.bam,2.19E+09,2061955046,132964954,0.060578497
TCGA-CR-7382-10A-01D-A32X-10_wgs_Illumina.bam,1374001720,1309813902,64187818,0.046715966
TCGA-CS-4938-01B-11D-1891_130919_SN590_0238_AC29TRACXX_s_1_rg.sorted.bam,255271712,247785746,7485966,0.029325482
TCGA-CS-4938-10A-01D-1891_130912_SN590_0237_AC292LACXX_s_1_rg.sorted.bam,161293610,156366637,4926973,0.03054661
TCGA-CS-4941-01A-01D-1465_130808_SN208_0487_AC28U7ACXX_s_1_rg.sorted.bam,517779856,488623506,29156350,0.056310321
TCGA-CS-4941-10A-01D-1465_130808_SN208_0487_AC28U7ACXX_s_2_rg.sorted.bam,565679634,489011025,76668609,0.135533621
TCGA-CS-4944-01A-01D-1465_130808_SN208_0487_AC28U7ACXX_s_3_rg.sorted.bam,422245026,405342840,16902186,0.040029331
TCGA-CS-4944-10A-01D-1465_130808_SN208_0487_AC28U7ACXX_s_4_rg.sorted.bam,526202940,495294338,30908602,0.058738938
TCGA-CS-5396-01A-02D-1465_130906_SN1440_0166_BC2A68ACXX_s_4_rg.sorted.bam,320751288,310602641,10148647,0.031640238
TCGA-CS-5396-10A-01D-1465_130808_SN208_0487_AC28U7ACXX_s_6_rg.sorted.bam,508221842,480824437,27397405,0.053908358
TCGA-CS-6186-01A-12D-2022_130910_SN208_0494_AC2A1DACXX_s_3_rg.sorted.bam,317094732,307237325,9857407,0.031086631
TCGA-CS-6186-10A-01D-2022_130910_SN208_0494_AC2A1DACXX_s_4_rg.sorted.bam,307249396,297517719,9731677,0.031673543
TCGA-CS-6290-01A-11D-1703_130808_SN208_0487_AC28U7ACXX_s_7_rg.sorted.bam,518377252,490217244,28160008,0.054323387
TCGA-CS-6290-10A-01D-1703_130808_SN208_0487_AC28U7ACXX_s_8_rg.sorted.bam,467514242,443032045,24482197,0.052366741
TCGA-CU-A0YN-01A-21D-A10R_120926_SN590_0182_BD1EAGACXX_s_3_rg.sorted.bam,366300560,348968003,17332557,0.047317856
TCGA-CU-A0YN-11A-11D-A10R_120926_SN590_0182_BD1EAGACXX_s_4_rg.sorted.bam,349256676,335205624,14051052,0.040231305
TCGA-CU-A0YO-01A-11D-A10R_120926_SN590_0182_BD1EAGACXX_s_5_rg.sorted.bam,361179724,346691538,14488186,0.040113509
TCGA-CU-A0YO-10A-01D-A10R_120926_SN590_0182_BD1EAGACXX_s_6_rg.sorted.bam,375540966,359776570,15764396,0.041977833
TCGA-CU-A0YR-01A-12D-A10R_120926_SN590_0182_BD1EAGACXX_s_7_rg.sorted.bam,298353592,288680309,9673283,0.032422211
TCGA-CU-A0YR-10A-01D-A10R_120926_SN590_0182_BD1EAGACXX_s_8_rg.sorted.bam,344167594,331056207,13111387,0.038095937
TCGA-CU-A0YR-11A-13D-A10R_120920_SN1222_0150_AC1927ACXX_s_5_rg.sorted.bam,472331488,451151622,21179866,0.044841105
TCGA-CU-A3KJ-01A-11D-A21C_120914_SN590_0179_AD13PPACXX_s_7_rg.sorted.bam,345100282,332280144,12820138,0.037149022
TCGA-CU-A3KJ-10A-01D-A21C_120914_SN590_0179_AD13PPACXX_s_8_rg.sorted.bam,282216204,272759556,9456648,0.033508522
TCGA-CU-A3QU-01A-11D-A233_120829_SN1120_0183_AC18U8ACXX_s_1_rg.sorted.bam,291294338,281338489,9955849,0.03417797
TCGA-CU-A3QU-10B-01D-A233_120829_SN1120_0183_AC18U8ACXX_s_2_rg.sorted.bam,355324718,343477983,11846735,0.033340588
TCGA-CU-A3YL-01A-11D-A233_120829_SN1120_0183_AC18U8ACXX_s_3_rg.sorted.bam,331465752,320311619,11154133,0.033650937
TCGA-CU-A3YL-10A-01D-A233_120829_SN1120_0183_AC18U8ACXX_s_4_rg.sorted.bam,299123060,290346630,8776430,0.029340533
TCGA-CV-5431-01A-01D-1509_120420_SN208_0285_AD0T5JACXX_s_3_rg.sorted.bam,431988002,404396190,27591812,0.063871709
TCGA-CV-5431-01A-01D-A32X-10_wgs_Illumina.bam,2101456796,1931288091,170168705,0.080976542
TCGA-CV-5431-11A-01D-1509_120420_SN208_0286_BD0T87ACXX_s_6_rg.sorted.bam,461441410,424178081,37263329,0.080754194
TCGA-CV-5431-11A-01D-A32X-10_wgs_Illumina.bam,1365051390,1302889502,62161888,0.04553813
TCGA-CV-5432-01A-02D-A32X-10_wgs_Illumina.bam,2.20E+09,2092506266,106173734,0.048289762
TCGA-CV-5432-10A-01D-A32X-10_wgs_Illumina.bam,1048642382,998680521,49961861,0.047644327
TCGA-CV-5439-01A-01D-1681_120427_SN1120_0136_AC0JEMACXX_s_1_rg.sorted.bam,436124750,414668971,21455779,0.049196426
TCGA-CV-5439-11B-01D-1681_120427_SN1120_0136_AC0JEMACXX_s_5_rg.sorted.bam,411215564,388969881,22245683,0.054097376
TCGA-CV-5442-01A-01D-2266-10_Illumina.bam,2.16E+09,2074981103,87458897,0.040444543
TCGA-CV-5442-11A-01D-2266-10_Illumina.bam,1155760694,1105660175,50100519,0.043348523
TCGA-CV-5966-01A-11D-1681_120427_SN1120_0136_AC0JEMACXX_s_2_rg.sorted.bam,434080182,415042880,19037302,0.043856649
TCGA-CV-5966-10A-01D-1868_120427_SN208_0288_BD0RWBACXX_s_7_rg.sorted.bam,490612054,460170342,30441712,0.062048439
TCGA-CV-5966-11A-01D-1681_120427_SN1120_0136_AC0JEMACXX_s_6_rg.sorted.bam,346956254,327296719,19659535,0.056662864
TCGA-CV-5970-01A-11D-1681_120427_SN1120_0136_AC0JEMACXX_s_3_rg.sorted.bam,442965798,418435109,24530689,0.055378291
TCGA-CV-5970-10A-01D-1868_120427_SN208_0288_BD0RWBACXX_s_8_rg.sorted.bam,510088202,472408391,37679811,0.073869207
TCGA-CV-5970-11A-01D-1681_120427_SN1120_0136_AC0JEMACXX_s_7_rg.sorted.bam,417722028,395916850,21805178,0.052200211
TCGA-CV-5971-01A-11D-1681_120427_SN1120_0136_AC0JEMACXX_s_4_rg.sorted.bam,557947012,520371480,37575532,0.067346058
TCGA-CV-5971-11A-01D-1681_120427_SN1120_0136_AC0JEMACXX_s_8_rg.sorted.bam,427529016,407136741,20392275,0.047697991
TCGA-CV-5973-01A-11D-1681_120427_SN1120_0137_BD0T3FACXX_s_1_rg.sorted.bam,495242780,468968683,26274097,0.053052963
TCGA-CV-5973-01A-11D-A32X-10_wgs_Illumina.bam,2.24E+09,2138325593,100054407,0.044699473
TCGA-CV-5973-11A-01D-1681_120427_SN1120_0137_BD0T3FACXX_s_5_rg.sorted.bam,376934976,363081205,13853771,0.036753742
TCGA-CV-5973-11A-01D-A32X-10_wgs_Illumina.bam,1296515148,1233366384,63148764,0.048706538
TCGA-CV-5976-01A-11D-1681_120427_SN1120_0137_BD0T3FACXX_s_2_rg.sorted.bam,414432988,396804566,17628422,0.042536242
TCGA-CV-5976-11A-01D-1681_120427_SN1120_0137_BD0T3FACXX_s_6_rg.sorted.bam,427436754,407435108,20001646,0.046794399
TCGA-CV-5977-01A-11D-1681_120427_SN1120_0137_BD0T3FACXX_s_3_rg.sorted.bam,556698568,523411423,33287145,0.05979384
TCGA-CV-5977-11A-01D-1681_120427_SN1120_0137_BD0T3FACXX_s_7_rg.sorted.bam,481752274,457386107,24366167,0.050578209
TCGA-CV-6003-01A-11D-1681_120427_SN1120_0137_BD0T3FACXX_s_4_rg.sorted.bam,522061162,495566444,26494718,0.050750218
TCGA-CV-6003-11A-01D-1681_120427_SN1120_0137_BD0T3FACXX_s_8_rg.sorted.bam,450817854,424912196,25905658,0.057463691
TCGA-CV-6433-01A-11D-2276-10_Illumina.bam,2.38E+09,2.26E+09,117430000,0.049354852
TCGA-CV-6433-11A-01D-2276-10_Illumina.bam,980737538,929542133,51195405,0.052200923
TCGA-CV-6441-01A-11D-1681_120427_SN208_0287_AC0J25ACXX_s_2_rg.sorted.bam,389129122,366296879,22832243,0.058675236
TCGA-CV-6933-01A-11D-1911_120504_SN208_0296_AC0V09ACXX_s_3_rg.sorted.bam,426255716,394074373,32181343,0.075497739
TCGA-CV-6933-10A-01D-1911_120504_SN208_0296_AC0V09ACXX_s_7_rg.sorted.bam,502935226,418269433,84665793,0.168343335
TCGA-CV-6933-11A-01D-1911_120526_SN208_0303_BD12PWACXX_s_1_rg.sorted.bam,120752152,114508938,6243214,0.051702714
TCGA-CV-6938-01A-11D-1911_120504_SN208_0296_AC0V09ACXX_s_4_rg.sorted.bam,459080156,426174264,32905892,0.071677879
TCGA-CV-6938-10A-01D-1911_120504_SN208_0296_AC0V09ACXX_s_8_rg.sorted.bam,520015628,433817730,86197898,0.165760207
TCGA-CV-6938-11A-01D-1911_120526_SN208_0303_BD12PWACXX_s_2_rg.sorted.bam,150400498,143825638,6574860,0.04371568
TCGA-CV-6939-01A-11D-1911_120504_SN208_0297_BC0VJEACXX_s_1_rg.sorted.bam,515372706,462490811,52881895,0.102609033
TCGA-CV-6939-10A-01D-1911_120504_SN208_0297_BC0VJEACXX_s_5_rg.sorted.bam,540195782,466698387,73497395,0.136056958
TCGA-CV-6939-11A-01D-1911_120526_SN208_0303_BD12PWACXX_s_3_rg.sorted.bam,246340694,236166430,10174264,0.041301597
TCGA-CV-6945-01A-11D-1911_120504_SN208_0297_BC0VJEACXX_s_2_rg.sorted.bam,542871892,415169632,127702260,0.235234614
TCGA-CV-6945-10A-01D-1911_120504_SN208_0297_BC0VJEACXX_s_6_rg.sorted.bam,533753010,460968093,72784917,0.136364415
TCGA-CV-6948-01A-11D-1911_120504_SN208_0297_BC0VJEACXX_s_3_rg.sorted.bam,538875994,472933225,65942769,0.122370953
TCGA-CV-6948-10A-01D-1911_120816_SN1222_0144_AD16PUACXX_s_8_rg.sorted.bam,579407472,535990596,43416876,0.074933235
TCGA-CV-6951-01A-11D-1911_120504_SN208_0297_BC0VJEACXX_s_4_rg.sorted.bam,535224934,466428131,68796803,0.128538113
TCGA-CV-6951-10A-01D-1911_120504_SN208_0297_BC0VJEACXX_s_8_rg.sorted.bam,524824198,462770690,62053508,0.118236751
TCGA-CV-6951-11A-01D-1911_120526_SN208_0303_BD12PWACXX_s_4_rg.sorted.bam,325239978,310824656,14415322,0.04432211
TCGA-CV-6952-01A-11D-1911_120505_SN1120_0138_AD11NHACXX_s_1_rg.sorted.bam,461773960,442185330,19588630,0.042420387
TCGA-CV-6952-10A-01D-1911_120505_SN1120_0138_AD11NHACXX_s_5_rg.sorted.bam,536562002,510429466,26132536,0.048703665
TCGA-CV-6952-11A-01D-1911_120526_SN208_0303_BD12PWACXX_s_5_rg.sorted.bam,135634156,130380596,5253560,0.038733311
TCGA-CV-6954-01A-11D-1911_120505_SN1120_0138_AD11NHACXX_s_3_rg.sorted.bam,496447192,471304544,25142648,0.050645161
TCGA-CV-6954-10A-01D-1911_120505_SN1120_0138_AD11NHACXX_s_7_rg.sorted.bam,604303106,536635545,67667561,0.111976193
TCGA-CV-6954-11A-01D-1911_120526_SN208_0303_BD12PWACXX_s_7_rg.sorted.bam,168568500,161031697,7536803,0.044710625
TCGA-CV-6956-01A-21D-A32X-10_wgs_Illumina.bam,2038728618,1915123900,123604718,0.060628333
TCGA-CV-6956-10A-01D-A32X-10_wgs_Illumina.bam,1351350896,1286720694,64630202,0.047826366
TCGA-CV-6959-01A-11D-1911_120505_SN1120_0138_AD11NHACXX_s_4_rg.sorted.bam,463598998,433169336,30429662,0.065637894
TCGA-CV-6959-10A-01D-1911_120505_SN1120_0138_AD11NHACXX_s_8_rg.sorted.bam,594210432,547775456,46434976,0.078145676
TCGA-CV-6959-11A-01D-1911_120526_SN208_0303_BD12PWACXX_s_8_rg.sorted.bam,415475310,390063171,25412139,0.061164017
TCGA-CV-6960-01A-41D-2317_120623_SN1222_0118_AD13T1ACXX_s_6_rg.sorted.bam,353245836,340682334,12563502,0.035565888
TCGA-CV-6960-10A-01D-2317_120623_SN1222_0118_AD13T1ACXX_s_2_rg.sorted.bam,501330408,479031902,22298506,0.044478662
TCGA-CV-7090-01A-11D-2276-10_Illumina.bam,2.52E+09,2.38E+09,136680000,0.054290447
TCGA-CV-7090-10A-01D-2276-10_Illumina.bam,954806262,907022499,47783763,0.050045507
TCGA-CV-7091-01A-11D-2317_120623_SN1222_0119_BC0WLLACXX_s_8_rg.sorted.bam,582199178,544100884,38098294,0.065438591
TCGA-CV-7091-10A-01D-2317_120623_SN1222_0119_BC0WLLACXX_s_7_rg.sorted.bam,546011058,515452201,30558857,0.055967469
TCGA-CV-7095-01A-21D-2317_120730_SN1222_0140_AC11GKACXX_s_2_rg.sorted.bam,555075794,519539831,35535963,0.064020019
TCGA-CV-7095-10A-01D-2317_120710_SN590_0166_AC0VNFACXX_s_5_rg.sorted.bam,378149098,361656659,16492439,0.043613588
TCGA-CV-7178-01A-21D-2317_120623_SN1222_0118_AD13T1ACXX_s_7_rg.sorted.bam,474468866,456147410,18321456,0.038614664
TCGA-CV-7178-10A-01D-2317_120623_SN1222_0118_AD13T1ACXX_s_3_rg.sorted.bam,459582544,441402243,18180301,0.039558293
TCGA-CV-7180-01A-11D-2266-10_Illumina.bam,2.43E+09,2.31E+09,120460000,0.049626544
TCGA-CV-7180-10A-01D-2266-10_Illumina.bam,1211260468,1157243034,54017434,0.044596051
TCGA-CV-7183-01A-11D-2317_120710_SN590_0166_AC0VNFACXX_s_7_rg.sorted.bam,430569114,403579473,26989641,0.062683644
TCGA-CV-7183-10A-01D-2317_120710_SN590_0166_AC0VNFACXX_s_1_rg.sorted.bam,90711072,87182374,3528698,0.038900411
TCGA-CV-7238-01A-11D-2317_120730_SN1222_0140_AC11GKACXX_s_4_rg.sorted.bam,529857900,496677517,33180383,0.062621286
TCGA-CV-7238-10A-01D-2317_120710_SN590_0166_AC0VNFACXX_s_6_rg.sorted.bam,397339556,378862174,18477382,0.04650275
TCGA-CV-7247-01A-11D-2317_120730_SN1222_0140_AC11GKACXX_s_7_rg.sorted.bam,318276832,303891154,14385678,0.045198634
TCGA-CV-7247-10A-01D-2317_120710_SN590_0165_BC0VU7ACXX_s_6_rg.sorted.bam,429959690,406938533,23021157,0.053542594
TCGA-CV-7255-01A-11D-2276-10_Illumina.bam,2.44E+09,2.33E+09,107070000,0.043873056
TCGA-CV-7255-11A-01D-2276-10_Illumina.bam,973536728,916270409,57266319,0.058822967
TCGA-CV-7263-01A-11D-2317_120623_SN1222_0118_AD13T1ACXX_s_8_rg.sorted.bam,446942336,428378668,18563668,0.041534817
TCGA-CV-7263-10A-01D-2317_120623_SN1222_0118_AD13T1ACXX_s_4_rg.sorted.bam,489752202,468020635,21731567,0.044372576
TCGA-CV-7407-01A-11D-2317_120710_SN590_0166_AC0VNFACXX_s_8_rg.sorted.bam,327238468,313032875,14205593,0.043410523
TCGA-CV-7407-10A-01D-2317_120710_SN590_0166_AC0VNFACXX_s_2_rg.sorted.bam,389228264,371165169,18063095,0.04640746
TCGA-CV-7411-01A-11D-2317_120730_SN1222_0140_AC11GKACXX_s_5_rg.sorted.bam,420890502,396629762,24260740,0.057641453
TCGA-CV-7411-10A-01D-2317_120710_SN590_0165_BC0VU7ACXX_s_1_rg.sorted.bam,350811706,334425885,16385821,0.046708307
TCGA-CV-7414-01A-11D-2317_120730_SN1222_0140_AC11GKACXX_s_8_rg.sorted.bam,378937362,361106095,17831267,0.047055975
TCGA-CV-7414-10A-01D-2317_120710_SN590_0165_BC0VU7ACXX_s_7_rg.sorted.bam,390476984,371108355,19368629,0.049602486
TCGA-CV-7428-01A-11D-2317_120623_SN1222_0119_BC0WLLACXX_s_2_rg.sorted.bam,463619652,444603174,19016478,0.041017411
TCGA-CV-7428-10A-01D-2317_120623_SN1222_0119_BC0WLLACXX_s_1_rg.sorted.bam,491066682,468002590,23064092,0.046967332
TCGA-CV-7429-01A-11D-2317_120710_SN590_0165_BC0VU7ACXX_s_4_rg.sorted.bam,347379286,330904443,16474843,0.047426095
TCGA-CV-7429-10A-01D-2317_120622_SN1120_0156_BD123WACXX_s_7_rg.sorted.bam,486465532,463149499,23316033,0.047929466
TCGA-CV-7432-01A-11D-2317_120730_SN1222_0141_BC115GACXX_s_1_rg.sorted.bam,392222204,372863740,19358464,0.04935586
TCGA-CV-7432-01A-11D-A32X-10_wgs_Illumina.bam,2087691848,1996576970,91114878,0.043643835
TCGA-CV-7432-10A-01D-2317_120710_SN590_0165_BC0VU7ACXX_s_2_rg.sorted.bam,392063356,372146443,19916913,0.050800241
TCGA-CV-7432-10A-01D-A32X-10_wgs_Illumina.bam,1332478120,1267211632,65266488,0.048981283
TCGA-CV-7434-01A-11D-2317_120730_SN1222_0141_BC115GACXX_s_3_rg.sorted.bam,295671238,284110532,11560706,0.039099867
TCGA-CV-7434-10A-01D-2317_120710_SN590_0165_BC0VU7ACXX_s_8_rg.sorted.bam,392642244,372496828,20145416,0.051307307
TCGA-CW-5585-01A-01D-2103-10_wgs_Illumina.bam,2096837198,1987863485,108973713,0.051970517
TCGA-CW-5585-11A-01D-2103-10_wgs_Illumina.bam,1202110770,1144823993,57286777,0.047655157
TCGA-CW-6087-01A-11D-2279-10_wgs_Illumina.bam,2.31E+09,2.20E+09,108720000,0.047148005
TCGA-CW-6087-11A-01D-2279-10_wgs_Illumina.bam,1144956182,1090455255,54500927,0.047600885
TCGA-CW-6093-01A-11D-2279-10_wgs_Illumina.bam,1080060392,1029129789,50930603,0.047155329
TCGA-CW-6093-11A-01D-2279-10_wgs_Illumina.bam,1169498072,1113581090,55916982,0.047812804
TCGA-CX-7085-01A-21D-2317_120710_SN590_0166_AC0VNFACXX_s_3_rg.sorted.bam,403742322,383915524,19826798,0.049107554
TCGA-CX-7085-10A-01D-2317_120730_SN1222_0140_AC11GKACXX_s_3_rg.sorted.bam,211618336,201736797,9881539,0.046695098
TCGA-CX-7086-01A-11D-A32X-10_wgs_Illumina.bam,2.25E+09,2.16E+09,91970000,0.040853585
TCGA-CX-7086-10D-01D-A32X-10_wgs_Illumina.bam,1298775876,1235425372,63350504,0.048777087
TCGA-CZ-4856-01A-02D-2101-10_Illumina.bam,2.16E+09,2061112661,95977339,0.044493896
TCGA-CZ-4856-11A-01D-2101-10_Illumina.bam,1167284412,1113853272,53431140,0.045773883
TCGA-CZ-5453-01A-01D-2102-10_wgs_Illumina.bam,2.16E+09,2049752362,115177638,0.053201553
TCGA-CZ-5453-11A-01D-2102-10_wgs_Illumina.bam,1191396520,1124427826,66968694,0.056210248
TCGA-CZ-5454-01A-01D-2102-10_wgs_Illumina.bam,1026169368,973943338,52226030,0.050894162
TCGA-CZ-5454-11A-01D-2102-10_Illumina.bam,990619184,939481495,51137689,0.051621945
TCGA-CZ-5987-01A-11D-2104-10_Illumina.bam,981699920,937033681,44666239,0.045498872
TCGA-CZ-5987-11A-01D-2104-10_Illumina.bam,1203417652,1143732154,59685498,0.049596662
TCGA-D1-A168-01A-31D-A12F_120413_SN1120_0133_BC0J8UACXX_s_6_rg.sorted.bam,286955938,265584370,21371568,0.074476828
TCGA-D1-A168-10A-01D-A12F_120420_SN208_0286_BD0T87ACXX_s_8_rg.sorted.bam,498691536,464667616,34023920,0.068226384
TCGA-D1-A169-01A-11D-A12F_120522_SN208_0301_BC0VNWACXX_s_1_rg.sorted.bam,370940278,353577631,17362647,0.046807122
TCGA-D1-A169-10A-01D-A12F_120522_SN208_0301_BC0VNWACXX_s_5_rg.sorted.bam,471227602,443343728,27883874,0.059172837
TCGA-D1-A16B-01A-11D-A12F_120511_SN208_0299_BD12J9ACXX_s_1_rg.sorted.bam,303042826,290425013,12617813,0.041637062
TCGA-D1-A16B-10A-01D-A12F_120511_SN208_0299_BD12J9ACXX_s_2_rg.sorted.bam,379335358,363568937,15766421,0.041563278
TCGA-D1-A16D-01A-11D-A12F_120511_SN208_0299_BD12J9ACXX_s_3_rg.sorted.bam,321235520,308494574,12740946,0.03966232
TCGA-D1-A16D-10A-01D-A12F_120511_SN208_0299_BD12J9ACXX_s_4_rg.sorted.bam,287759260,276692294,11066966,0.038459113
TCGA-D1-A16E-01A-22D-A12F_120523_SN1222_0109_BD12MPACXX_s_4_rg.sorted.bam,465242438,447371793,17870645,0.038411468
TCGA-D1-A16E-10A-01D-A12F_120523_SN1222_0109_BD12MPACXX_s_7_rg.sorted.bam,560621984,534081930,26540054,0.047340373
TCGA-D1-A16N-01A-11D-A12F_120522_SN208_0301_BC0VNWACXX_s_2_rg.sorted.bam,385776064,366736946,19039118,0.049352772
TCGA-D1-A16N-10A-01D-A12F_120522_SN208_0301_BC0VNWACXX_s_6_rg.sorted.bam,428484692,406859228,21625464,0.05046963
TCGA-D1-A16Q-01A-12D-A12F_120511_SN208_0299_BD12J9ACXX_s_5_rg.sorted.bam,300682528,287912047,12770481,0.042471643
TCGA-D1-A16Q-10A-01D-A12F_120511_SN208_0299_BD12J9ACXX_s_6_rg.sorted.bam,267613736,257773890,9839846,0.036768838
TCGA-D1-A16R-01A-11D-A12F_120523_SN1222_0109_BD12MPACXX_s_5_rg.sorted.bam,426195648,405809579,20386069,0.047832654
TCGA-D1-A16R-10A-01D-A12F_120523_SN1222_0109_BD12MPACXX_s_8_rg.sorted.bam,437978996,421314179,16664817,0.038049352
TCGA-D1-A16X-01A-11D-A12F_120413_SN1120_0132_AD0T6RACXX_s_4_rg.sorted.bam,242168050,219104971,23063079,0.095235846
TCGA-D1-A16X-10A-01D-A12F_120413_SN1120_0133_BC0J8UACXX_s_2_rg.sorted.bam,307647280,296242850,11404430,0.037069822
TCGA-D1-A174-01A-11D-A12F_120522_SN208_0301_BC0VNWACXX_s_3_rg.sorted.bam,364356546,347266031,17090515,0.046906019
TCGA-D1-A174-10A-01D-A12F_120522_SN208_0301_BC0VNWACXX_s_7_rg.sorted.bam,444764110,420780663,23983447,0.053923971
TCGA-D1-A177-01A-21D-A12F_120523_SN1222_0108_AC0VL4ACXX_s_1_rg.sorted.bam,474419262,453340636,21078626,0.044430376
TCGA-D1-A177-10A-01D-A12F_120523_SN1222_0108_AC0VL4ACXX_s_4_rg.sorted.bam,462634556,444051810,18582746,0.040167224
TCGA-D1-A17B-10A-01D-A12F_120413_SN1120_0133_BC0J8UACXX_s_3_rg.sorted.bam,425110628,405053817,20056811,0.047180215
TCGA-D1-A17C-01A-11D-A12F_120418_SN1222_0097_AC0M28ACXX_s_1_rg.sorted.bam,421921074,407013412,14907662,0.035332822
TCGA-D1-A17C-10A-01D-A12F_120418_SN1222_0097_AC0M28ACXX_s_7_rg.sorted.bam,408232932,394180959,14051973,0.034421459
TCGA-D1-A17D-01A-12D-A12F_120522_SN208_0301_BC0VNWACXX_s_4_rg.sorted.bam,368901590,350965708,17935882,0.048619693
TCGA-D1-A17D-10A-01D-A12F_120522_SN208_0301_BC0VNWACXX_s_8_rg.sorted.bam,412763464,392918099,19845365,0.048079268
TCGA-D1-A17K-01A-11D-A12F_120523_SN1222_0108_AC0VL4ACXX_s_2_rg.sorted.bam,433915016,417344296,16570720,0.03818886
TCGA-D1-A17K-10A-01D-A12F_120523_SN1222_0108_AC0VL4ACXX_s_5_rg.sorted.bam,371824444,359018279,12806165,0.034441428
TCGA-D1-A17N-01A-11D-A12F_120413_SN1120_0132_AD0T6RACXX_s_6_rg.sorted.bam,281384396,220529597,60854799,0.216269274
TCGA-D1-A17N-10A-01D-A12F_120413_SN1120_0133_BC0J8UACXX_s_4_rg.sorted.bam,272107836,261958384,10149452,0.037299374
TCGA-D1-A17Q-01A-11D-A12F_120418_SN1222_0097_AC0M28ACXX_s_2_rg.sorted.bam,405121862,362832221,42289641,0.104387457
TCGA-D1-A17Q-10A-01D-A12F_120418_SN1222_0097_AC0M28ACXX_s_8_rg.sorted.bam,404541798,389371444,15170354,0.03750009
TCGA-D1-A17R-01A-11D-A12F_120523_SN1222_0109_BD12MPACXX_s_1_rg.sorted.bam,420609672,402340073,18269599,0.043435994
TCGA-D1-A17R-10A-01D-A12F_120523_SN1222_0109_BD12MPACXX_s_2_rg.sorted.bam,539533492,517465885,22067607,0.040901274
TCGA-D1-A17U-01A-21D-A12F_120523_SN1222_0108_AC0VL4ACXX_s_3_rg.sorted.bam,472353506,451175988,21177518,0.044834044
TCGA-D1-A17U-10A-01D-A12F_120523_SN1222_0108_AC0VL4ACXX_s_6_rg.sorted.bam,453716894,437515014,16201880,0.035709228
TCGA-D1-A1O0-01A-11D-A17E_120511_SN1120_0141_BC0VK9ACXX_s_3_rg.sorted.bam,485783192,466328039,19455153,0.040049045
TCGA-D1-A1O0-10A-01D-A17E_120511_SN1120_0141_BC0VK9ACXX_s_4_rg.sorted.bam,410304750,393856326,16448424,0.04008831
TCGA-D1-A2G0-01A-11D-A17E_120511_SN1120_0140_AD12J0ACXX_s_5_rg.sorted.bam,317332626,307565767,9766859,0.030777986
TCGA-D1-A2G0-10A-01D-A17E_120511_SN1120_0140_AD12J0ACXX_s_6_rg.sorted.bam,433416334,418209908,15206426,0.035085032
TCGA-D1-A2G6-01A-11D-A17E_120511_SN208_0299_BD12J9ACXX_s_7_rg.sorted.bam,290476370,279840534,10635836,0.03661515
TCGA-D1-A2G6-10A-01D-A17E_120511_SN208_0299_BD12J9ACXX_s_8_rg.sorted.bam,298846650,286404398,12442252,0.041634236
TCGA-D3-A1Q7-06A-11D-A18Z_120516_SN1222_0107_BD12HYACXX_s_1_rg.sorted.bam,487250422,457977064,29273358,0.060078671
TCGA-D3-A1Q7-10A-01D-A18Z_120516_SN1222_0107_BD12HYACXX_s_3_rg.sorted.bam,380753088,342666050,38087038,0.100030805
TCGA-D3-A1Q8-06A-11D-A18Z_120626_SN590_0163_AC0VU5ACXX_s_1_rg.sorted.bam,328778850,315841985,12936865,0.039348228
TCGA-D3-A1Q8-10A-01D-A18Z_120626_SN590_0163_AC0VU5ACXX_s_2_rg.sorted.bam,326705442,311522284,15183158,0.046473539
TCGA-D3-A1Q9-06A-11D-A18Z_120626_SN590_0163_AC0VU5ACXX_s_3_rg.sorted.bam,301822822,288140127,13682695,0.045333533
TCGA-D3-A1Q9-10A-01D-A18Z_120626_SN590_0163_AC0VU5ACXX_s_4_rg.sorted.bam,317138056,303750513,13387543,0.042213612
TCGA-D3-A1QB-06A-11D-A18Z_120626_SN590_0164_BC0VMVACXX_s_3_rg.sorted.bam,283988452,272724836,11263616,0.039662232
TCGA-D3-A1QB-10A-01D-A18Z_120626_SN590_0164_BC0VMVACXX_s_4_rg.sorted.bam,336107254,316701807,19405447,0.057735877
TCGA-D3-A2J6-06A-11D-A18Z_120517_SN208_0300_BC0VYMACXX_s_4_rg.sorted.bam,223198670,214913168,8285502,0.037121646
TCGA-D3-A2J6-10A-01D-A18Z_120517_SN208_0300_BC0VYMACXX_s_7_rg.sorted.bam,368052118,351207044,16845074,0.045768176
TCGA-D3-A2JC-06A-11D-A18Z_120518_SN1120_0142_AC0VG4ACXX_s_6_rg.sorted.bam,314385030,301943078,12441952,0.039575523
TCGA-D3-A2JC-10A-01D-A18Z_120518_SN1120_0142_AC0VG4ACXX_s_8_rg.sorted.bam,337457434,315690638,21766796,0.064502346
TCGA-D3-A2JD-06A-11D-A18Z_120518_SN1120_0142_AC0VG4ACXX_s_1_rg.sorted.bam,310562934,295885960,14676974,0.047259259
TCGA-D3-A2JD-10A-01D-A18Z_120518_SN1120_0142_AC0VG4ACXX_s_3_rg.sorted.bam,613999086,568559148,45439938,0.074006524
TCGA-D3-A2JP-06A-11D-A18Z_120612_SN590_0162_BC0VNGACXX_s_3_rg.sorted.bam,339027434,323377806,15649628,0.046160359
TCGA-D3-A2JP-10A-01D-A18Z_120612_SN590_0162_BC0VNGACXX_s_4_rg.sorted.bam,295784230,282785804,12998426,0.043945636
TCGA-D3-A3C3-06A-12D-A18Z_120520_SN590_0158_AC0J99ACXX_s_3_rg.sorted.bam,315162484,302259018,12903466,0.040942265
TCGA-D3-A3C3-10A-01D-A18Z_120520_SN590_0158_AC0J99ACXX_s_4_rg.sorted.bam,315059488,303538567,11520921,0.036567447
TCGA-D3-A3C8-06A-12D-A18Z_120626_SN590_0163_AC0VU5ACXX_s_5_rg.sorted.bam,313926956,301236790,12690166,0.040423945
TCGA-D3-A3C8-10A-01D-A18Z_120626_SN590_0163_AC0VU5ACXX_s_6_rg.sorted.bam,387237670,368091216,19146454,0.049443676
TCGA-D3-A3CC-06A-11D-A18Z_120626_SN590_0164_BC0VMVACXX_s_5_rg.sorted.bam,212889550,205199339,7690211,0.036123008
TCGA-D3-A3CC-10A-01D-A18Z_120626_SN590_0164_BC0VMVACXX_s_6_rg.sorted.bam,289658812,277789420,11869392,0.040977148
TCGA-D3-A3CE-06A-11D-A18Z_120626_SN590_0164_BC0VMVACXX_s_7_rg.sorted.bam,296794294,285480761,11313533,0.038119105
TCGA-D3-A3CE-10A-01D-A18Z_120626_SN590_0164_BC0VMVACXX_s_8_rg.sorted.bam,305542434,292784670,12757764,0.041754475
TCGA-D5-6540-01A-11D-1719-10_wgs_Illumina.bam,2.32E+09,2.20E+09,126170000,0.054318298
TCGA-D5-6540-10A-01D-1719-10_wgs_Illumina.bam,1220764396,1146435560,74328836,0.060887126
TCGA-D6-6515-01A-21D-1868_120530_SN1222_0110_AC0VLAACXX_s_7_rg.sorted.bam,393472042,377690844,15781198,0.040107546
TCGA-D6-6515-10A-01D-1868_120530_SN1222_0110_AC0VLAACXX_s_8_rg.sorted.bam,560667804,520795305,39872499,0.071116085
TCGA-D6-6517-01A-11D-1868_120427_SN208_0288_BD0RWBACXX_s_3_rg.sorted.bam,466647116,439495771,27151345,0.058183891
TCGA-D6-6517-10A-01D-1868_120427_SN208_0288_BD0RWBACXX_s_4_rg.sorted.bam,429444382,387773207,41671175,0.097035092
TCGA-D6-6823-01A-11D-1911_120518_SN1120_0143_BC0VN6ACXX_s_1_rg.sorted.bam,294841406,284491057,10350349,0.035104801
TCGA-D6-6823-10A-01D-1911_120518_SN1120_0143_BC0VN6ACXX_s_5_rg.sorted.bam,416212046,391163244,25048802,0.06018279
TCGA-D6-6825-01A-21D-1911_120518_SN1120_0143_BC0VN6ACXX_s_2_rg.sorted.bam,241177170,233905345,7271825,0.030151382
TCGA-D6-6825-10A-01D-1911_120518_SN1120_0143_BC0VN6ACXX_s_6_rg.sorted.bam,405181166,383211510,21969656,0.05422181
TCGA-D6-6826-01A-11D-1911_120518_SN1120_0143_BC0VN6ACXX_s_3_rg.sorted.bam,273172772,265730393,7442379,0.02724422
TCGA-D6-6826-10A-01D-1911_120518_SN1120_0143_BC0VN6ACXX_s_7_rg.sorted.bam,429318648,409651108,19667540,0.045811055
TCGA-D6-6827-01A-11D-1911_120518_SN1120_0143_BC0VN6ACXX_s_4_rg.sorted.bam,282964140,274247611,8716529,0.030804359
TCGA-D6-6827-10A-01D-1911_120518_SN1120_0143_BC0VN6ACXX_s_8_rg.sorted.bam,437828822,413253446,24575376,0.056130101
TCGA-D7-5577-01A-01D-1598_121023_SN208_0437_BD1H3FACXX_s_1_rg.sorted.bam,469427090,444826476,24600614,0.052405612
TCGA-D7-5577-01A-01R-1602-13_rnaseq.bam,202716374,107513587,95202787,0.469635408
TCGA-D7-5577-10A-01D-1598_121023_SN208_0437_BD1H3FACXX_s_4_rg.sorted.bam,348891186,336540245,12350941,0.035400553
TCGA-D7-5578-01A-01D-1598_121023_SN208_0437_BD1H3FACXX_s_2_rg.sorted.bam,363263688,351042544,12221144,0.033642625
TCGA-D7-5578-01A-01R-1602-13_rnaseq.bam,161265938,129847907,31418031,0.194821246
TCGA-D7-5578-10A-01D-1598_121023_SN208_0437_BD1H3FACXX_s_5_rg.sorted.bam,559231254,480293036,78938218,0.141154875
TCGA-D7-5579-01A-01D-1598_121023_SN208_0437_BD1H3FACXX_s_3_rg.sorted.bam,304770178,295255831,9514347,0.031218104
TCGA-D7-5579-10A-01D-1598_121023_SN208_0437_BD1H3FACXX_s_6_rg.sorted.bam,550137432,483520538,66616894,0.121091368
TCGA-D7-6518-01A-11D-1798_130214_SN1120_0236_AC1RPCACXX_s_3_rg.sorted.bam,389756912,371929795,17827117,0.045739066
TCGA-D7-6518-01A-11R-1802-13_rnaseq.bam,237525488,187688270,49837218,0.209818401
TCGA-D7-6518-10A-01D-1798_130214_SN1120_0236_AC1RPCACXX_s_4_rg.sorted.bam,453714744,433595944,20118800,0.044342399
TCGA-D7-6519-01A-11D-1798_130214_SN1120_0236_AC1RPCACXX_s_5_rg.sorted.bam,482732504,466492758,16239746,0.033641294
TCGA-D7-6519-01A-11R-1802-13_rnaseq.bam,232624902,174205603,58419299,0.251130891
TCGA-D7-6519-10A-01D-1798_130214_SN1120_0236_AC1RPCACXX_s_6_rg.sorted.bam,460820592,439317757,21502835,0.046662053
TCGA-D7-6520-01A-11D-1798_130214_SN1120_0236_AC1RPCACXX_s_7_rg.sorted.bam,509665828,489629217,20036611,0.039313232
TCGA-D7-6520-01A-11R-1802-13_rnaseq.bam,199411322,163106183,36305139,0.182061573
TCGA-D7-6520-10A-01D-1798_130214_SN1120_0236_AC1RPCACXX_s_8_rg.sorted.bam,308730812,290218388,18512424,0.059962995
TCGA-D7-6521-01A-11D-1798_130214_SN1120_0237_BD1TGLACXX_s_1_rg.sorted.bam,431226100,415837654,15388446,0.035685331
TCGA-D7-6521-01A-11R-1802-13_rnaseq.bam,220348228,173309104,47039124,0.213476298
TCGA-D7-6521-10A-01D-1798_130214_SN1120_0237_BD1TGLACXX_s_2_rg.sorted.bam,442874672,423221754,19652918,0.0443758
TCGA-D7-6522-01A-11D-1798_130214_SN1120_0237_BD1TGLACXX_s_3_rg.sorted.bam,463458712,446247846,17210866,0.037135705
TCGA-D7-6522-01A-11R-1802-13_rnaseq.bam,188292330,142439715,45852615,0.24351823
TCGA-D7-6522-10A-01D-1798_130214_SN1120_0237_BD1TGLACXX_s_4_rg.sorted.bam,538370918,507702829,30668089,0.056964609
TCGA-D7-6524-01A-11D-1798_130214_SN1120_0237_BD1TGLACXX_s_5_rg.sorted.bam,450714186,434259741,16454445,0.036507493
TCGA-D7-6524-01A-11R-1802-13_rnaseq.bam,207445818,168255622,39190196,0.188917744
TCGA-D7-6524-10A-01D-1798_130214_SN1120_0237_BD1TGLACXX_s_6_rg.sorted.bam,422393150,401248376,21144774,0.050059462
TCGA-D7-6525-01A-11D-1798_130214_SN1120_0237_BD1TGLACXX_s_7_rg.sorted.bam,478363602,461205982,17157620,0.035867319
TCGA-D7-6525-01A-11R-1802-13_rnaseq.bam,208049236,161178040,46871196,0.22528896
TCGA-D7-6525-10A-01D-1798_130214_SN1120_0237_BD1TGLACXX_s_8_rg.sorted.bam,580206330,540270367,39935963,0.068830623
TCGA-D7-6526-01A-11D-1798_130218_SN208_0453_AC1T26ACXX_s_1_rg.sorted.bam,462070504,441997229,20073275,0.043442018
TCGA-D7-6526-01A-11R-1802-13_rnaseq.bam,213493318,180660678,32832640,0.15378767
TCGA-D7-6526-10A-01D-1798_130218_SN208_0453_AC1T26ACXX_s_2_rg.sorted.bam,504401554,466464236,37937318,0.075212532
TCGA-D7-6527-01A-11D-1798_130218_SN208_0453_AC1T26ACXX_s_3_rg.sorted.bam,458406064,439529817,18876247,0.041178005
TCGA-D7-6527-01A-11R-1802-13_rnaseq.bam,241936382,181785144,60151238,0.248624194
TCGA-D7-6527-10A-01D-1798_130218_SN208_0453_AC1T26ACXX_s_4_rg.sorted.bam,507274676,474556999,32717677,0.064496965
TCGA-D7-6528-01A-11D-1798_130218_SN208_0453_AC1T26ACXX_s_5_rg.sorted.bam,402330858,388173831,14157027,0.035187525
TCGA-D7-6528-01A-11R-1802-13_rnaseq.bam,222434406,173351574,49082832,0.22066205
TCGA-D7-6528-10A-01D-1798_130218_SN208_0453_AC1T26ACXX_s_6_rg.sorted.bam,402379404,380360079,22019325,0.054722793
TCGA-D7-6815-01A-11D-1880_130111_SN208_0447_AC1JP0ACXX_s_1_rg.sorted.bam,474828050,452648315,22179735,0.046711088
TCGA-D7-6815-01A-11R-1884-13_rnaseq.bam,249848870,196179172,53669698,0.214808648
TCGA-D7-6815-10A-01D-1880_130111_SN208_0447_AC1JP0ACXX_s_2_rg.sorted.bam,480168376,451866881,28301495,0.058940772
TCGA-D7-6817-01A-11D-1880_130111_SN208_0447_AC1JP0ACXX_s_3_rg.sorted.bam,491389030,460800215,30588815,0.06224969
TCGA-D7-6817-01A-11R-1884-13_rnaseq.bam,233076972,200360127,32716845,0.140369273
TCGA-D7-6817-10A-01D-1880_130111_SN208_0447_AC1JP0ACXX_s_4_rg.sorted.bam,475538030,446819586,28718444,0.060391477
TCGA-D7-6818-01A-11D-1880_121220_SN1120_0207_BC1JALACXX_s_1_rg.sorted.bam,599639878,441049508,158590370,0.264476023
TCGA-D7-6818-01A-11R-1884-13_rnaseq.bam,219263494,162605861,56657633,0.258399754
TCGA-D7-6818-10A-01D-1880_121220_SN1120_0207_BC1JALACXX_s_2_rg.sorted.bam,579996770,433983077,146013693,0.251749149
TCGA-D7-6820-01A-11D-1880_121220_SN1120_0207_BC1JALACXX_s_3_rg.sorted.bam,641044948,460049610,180995338,0.282344223
TCGA-D7-6820-01A-11R-1884-13_rnaseq.bam,271366260,226166153,45200107,0.166564948
TCGA-D7-6820-10A-01D-1880_121220_SN1120_0207_BC1JALACXX_s_4_rg.sorted.bam,219361562,188093491,31268071,0.142541249
TCGA-D7-6822-01A-11D-1880_121220_SN1120_0207_BC1JALACXX_s_5_rg.sorted.bam,563372180,436386139,126986041,0.225403464
TCGA-D7-6822-01A-11R-1884-13_rnaseq.bam,265584104,217201615,48382489,0.182173889
TCGA-D7-6822-10A-01D-1880_121220_SN1120_0207_BC1JALACXX_s_6_rg.sorted.bam,543522256,425962560,117559696,0.216292332
TCGA-D7-8570-01A-11R-2343-13_rnaseq.bam,225570908,192755167,32815741,0.145478605
TCGA-D7-8572-01A-11R-2343-13_rnaseq.bam,227695588,197227948,30467640,0.133808653
TCGA-D7-8573-01A-11R-2343-13_rnaseq.bam,224966964,189622071,35344893,0.157111481
TCGA-D7-8574-01A-13R-2343-13_rnaseq.bam,230108892,160332820,69776072,0.303230664
TCGA-D7-8575-01A-11R-2343-13_rnaseq.bam,242057834,201896609,40161225,0.165915824
TCGA-D7-8576-01A-11R-2343-13_rnaseq.bam,251147028,207887661,43259367,0.172247179
TCGA-D7-8578-01A-21R-2343-13_rnaseq.bam,229803128,197807386,31995742,0.139231099
TCGA-D7-8579-01A-11R-2343-13_rnaseq.bam,246782372,209206551,37575821,0.152262987
TCGA-D7-A4YT-01A-11R-A251-31_rnaseq.bam,298189762,264432946,33756816,0.113205818
TCGA-D7-A4YU-01A-21R-A251-31_rnaseq.bam,233256192,195364261,37891931,0.162447696
TCGA-D7-A4YV-01A-11R-A251-31_rnaseq.bam,298726472,255203373,43523099,0.145695488
TCGA-D7-A4YX-01A-11R-A251-31_rnaseq.bam,229968452,204998190,24970262,0.10858125
TCGA-D7-A4YY-01A-11R-A251-31_rnaseq.bam,277999860,240302785,37697075,0.135601057
TCGA-D7-A4Z0-01A-22R-A251-31_rnaseq.bam,273149134,240408083,32741051,0.11986511
TCGA-D7-A6EV-01A-11R-A31P-31_rnaseq.bam,211347792,181371824,29975968,0.141832416
TCGA-D7-A6EX-01A-11R-A31P-31_rnaseq.bam,170962040,140508987,30453053,0.178127571
TCGA-D7-A6EY-01A-21R-A31P-31_rnaseq.bam,150176978,131311452,18865526,0.125621958
TCGA-D7-A6EZ-01A-11R-A31P-31_rnaseq.bam,187896620,161003164,26893456,0.143129004
TCGA-D7-A6F0-01A-11R-A31P-31_rnaseq.bam,236120510,202932062,33188448,0.140557243
TCGA-D7-A6F2-01A-12R-A31P-31_rnaseq.bam,236657944,196906096,39751848,0.167971746
TCGA-D7-A747-01A-22R-A33Y-31_rnaseq.bam,186690386,70910497,115779889,0.620170602
TCGA-D7-A748-01A-12R-A32D-31_rnaseq.bam,200597140,78136541,122460599,0.610480284
TCGA-D7-A74A-01A-11R-A32D-31_rnaseq.bam,233462410,155106689,78355721,0.33562457
TCGA-D9-A148-06A-11D-A18Z_120626_SN590_0164_BC0VMVACXX_s_1_rg.sorted.bam,294297990,277914845,16383145,0.055668559
TCGA-D9-A148-10A-01D-A18Z_120626_SN590_0164_BC0VMVACXX_s_2_rg.sorted.bam,297698474,284537247,13161227,0.044209924
TCGA-D9-A1JW-06A-11D-A18Z_120517_SN208_0300_BC0VYMACXX_s_3_rg.sorted.bam,230636302,221426299,9210003,0.039933015
TCGA-D9-A1JW-10A-01D-A18Z_120517_SN208_0300_BC0VYMACXX_s_6_rg.sorted.bam,262304730,252186615,10118115,0.038573895
TCGA-D9-A1JX-06A-11D-A18Z_120518_SN1120_0142_AC0VG4ACXX_s_5_rg.sorted.bam,301366276,284063150,17303126,0.057415601
TCGA-D9-A1JX-10A-01D-A18Z_120518_SN1120_0142_AC0VG4ACXX_s_7_rg.sorted.bam,214445216,207144437,7300779,0.034044961
TCGA-D9-A1X3-01A-11D-A18Y_120718_SN208_0415_AC116EACXX_s_1_rg.sorted.bam,212690878,204341024,8349854,0.039258167
TCGA-D9-A1X3-10A-01D-A190_120718_SN208_0415_AC116EACXX_s_5_rg.sorted.bam,177430500,172565981,4864519,0.027416476
TCGA-DA-A1HW-06A-11D-A18Z_120612_SN590_0162_BC0VNGACXX_s_7_rg.sorted.bam,341040942,323121925,17919017,0.052542129
TCGA-DA-A1HW-10A-01D-A18Z_120612_SN590_0162_BC0VNGACXX_s_8_rg.sorted.bam,365306762,349391759,15915003,0.043566133
TCGA-DA-A1HY-06A-11D-A18Z_120612_SN590_0162_BC0VNGACXX_s_1_rg.sorted.bam,331400372,317384017,14016355,0.042294325
TCGA-DA-A1HY-10A-01D-A18Z_120612_SN590_0162_BC0VNGACXX_s_2_rg.sorted.bam,367289514,252844986,114444528,0.311592146
TCGA-DA-A1I2-06A-21D-A18Z_120520_SN590_0158_AC0J99ACXX_s_1_rg.sorted.bam,348715872,332074072,16641800,0.047723093
TCGA-DA-A1I2-10A-01D-A18Z_120520_SN590_0158_AC0J99ACXX_s_2_rg.sorted.bam,338196286,322837981,15358305,0.0454124
TCGA-DA-A1I5-06A-11D-A18Y_120730_SN208_0419_AC13W9ACXX_s_3_rg.sorted.bam,320763904,310020251,10743653,0.033493959
TCGA-DA-A1I5-10A-01D-A190_120730_SN208_0419_AC13W9ACXX_s_6_rg.sorted.bam,419709510,401581925,18127585,0.043190789
TCGA-DA-A1I7-06A-22D-A18Y_120730_SN208_0419_AC13W9ACXX_s_4_rg.sorted.bam,260553470,251613326,8940144,0.034312128
TCGA-DA-A1I7-10A-01D-A190_120730_SN208_0419_AC13W9ACXX_s_7_rg.sorted.bam,402845700,385471528,17374172,0.043128602
TCGA-DA-A1I8-06A-11D-A18Y_120730_SN208_0419_AC13W9ACXX_s_5_rg.sorted.bam,257802784,249794091,8008693,0.031065192
TCGA-DA-A1I8-10A-01D-A190_120730_SN208_0419_AC13W9ACXX_s_8_rg.sorted.bam,401543742,383045410,18498332,0.046068037
TCGA-DA-A1IC-06A-11D-A18Y_120730_SN208_0420_BC12YJACXX_s_1_rg.sorted.bam,317115414,305902298,11213116,0.035359732
TCGA-DA-A1IC-10A-01D-A190_120730_SN208_0420_BC12YJACXX_s_2_rg.sorted.bam,502562044,469885310,32676734,0.065020298
TCGA-DB-5273-01A-01D-1465_130808_SN208_0488_BC294YACXX_s_1_rg.sorted.bam,462953492,441653165,21300327,0.046009648
TCGA-DB-5273-10A-01D-1465_130808_SN208_0488_BC294YACXX_s_2_rg.sorted.bam,319158978,308511649,10647329,0.033360581
TCGA-DB-5276-01A-01D-1465_130806_SN1440_0159_BC29Y3ACXX_s_5_rg.sorted.bam,478610358,448104560,30505798,0.063738274
TCGA-DB-5276-10A-01D-1465_130806_SN1440_0159_BC29Y3ACXX_s_6_rg.sorted.bam,570569474,521581584,48987890,0.085857888
TCGA-DB-5279-01A-01D-1465_130806_SN1440_0159_BC29Y3ACXX_s_7_rg.sorted.bam,314100402,301254831,12845571,0.040896385
TCGA-DB-5279-10A-01D-1465_130806_SN1440_0159_BC29Y3ACXX_s_8_rg.sorted.bam,427169044,402597579,24571465,0.057521642
TCGA-DB-5280-01A-01D-1465_130906_SN1440_0166_BC2A68ACXX_s_5_rg.sorted.bam,328687862,317902567,10785295,0.032813183
TCGA-DB-5280-10A-01D-1465_130808_SN208_0488_BC294YACXX_s_4_rg.sorted.bam,215226980,209273726,5953254,0.027660352
TCGA-DD-A1E9-01A-21D-A152-10_wgs_Illumina.bam,2.41E+09,2.29E+09,121750000,0.05050987
TCGA-DD-A1E9-11A-11D-A152-10_wgs_Illumina.bam,1056898350,998142215,58756135,0.055592986
TCGA-DD-A1EB-01A-11D-A12Z-10_wgs_Illumina.bam,2.29E+09,2.17E+09,116870000,0.051036272
TCGA-DD-A1EB-11A-11D-A12Z-10_wgs_Illumina.bam,1178436212,1115750822,62685390,0.053193707
TCGA-DD-A1ED-01A-11D-A152-10_wgs_Illumina.bam,2.21E+09,2078877452,133582548,0.060377384
TCGA-DD-A1ED-10A-01D-A152-10_wgs_Illumina.bam,1099429404,1033067788,66361616,0.060360052
TCGA-DD-A1EG-01A-11D-A20W-10_wgs_Illumina.bam,2.35E+09,2.23E+09,123330000,0.052427754
TCGA-DD-A1EG-11A-11D-A20W-10_wgs_Illumina.bam,1163876992,1095769452,68107540,0.058517816
TCGA-DD-A1EH-01A-11D-A12Z-10_wgs_Illumina.bam,2.27E+09,2146508284,122991716,0.05419331
TCGA-DD-A1EH-11A-11D-A12Z-10_wgs_Illumina.bam,1095255402,1032008517,63246885,0.057746243
TCGA-DD-A1EI-01A-11D-A12Z-10_wgs_Illumina.bam,2.39E+09,2.26E+09,134860000,0.056423237
TCGA-DD-A1EI-11A-11D-A12Z-10_wgs_Illumina.bam,1190567262,1113429056,77138206,0.064791137
TCGA-DD-A1EJ-01A-11D-A152-10_wgs_Illumina.bam,2.33E+09,2.21E+09,118950000,0.051137976
TCGA-DD-A1EJ-10A-01D-A152-10_wgs_Illumina.bam,1040519000,982848897,57670103,0.055424363
TCGA-DD-A1EL-01A-11D-A152-10_wgs_Illumina.bam,2.25E+09,2102132250,142987750,0.063688244
TCGA-DD-A1EL-10A-01D-A152-10_wgs_Illumina.bam,1123446506,1059430966,64015540,0.056981387
TCGA-DD-A3A6-01A-11D-A22F-10_wgs_Illumina.bam,2.24E+09,2124291924,117478076,0.052404161
TCGA-DD-A3A6-11A-11D-A22F-10_wgs_Illumina.bam,1167533020,1116665194,50867826,0.04356864
TCGA-DD-A3A7-01A-11D-A22F-10_wgs_Illumina.bam,2.23E+09,2118641879,111348121,0.049932117
TCGA-DD-A3A7-11A-11D-A22F-10_wgs_Illumina.bam,1062526038,1019160254,43365784,0.040813855
TCGA-DD-A3A8-01A-11D-A22F-10_wgs_Illumina.bam,2.30E+09,2.18E+09,120300000,0.052307759
TCGA-DD-A3A8-11A-11D-A22F-10_wgs_Illumina.bam,1180743482,1119671041,61072441,0.051723716
TCGA-DD-A3A9-01A-11D-A25V-10_wgs_Illumina.bam,2.28E+09,2.17E+09,106190000,0.046672615
TCGA-DD-A3A9-11A-11D-A25V-10_wgs_Illumina.bam,1100768492,1037424444,63344048,0.057545295
TCGA-DD-A4NA-01A-11D-A25V-10_wgs_Illumina.bam,2.24E+09,2117758850,119431150,0.053384447
TCGA-DD-A4NA-11A-11D-A25V-10_wgs_Illumina.bam,1093107854,1030757316,62350538,0.057039694
TCGA-DD-A4NB-01A-12D-A25V-10_wgs_Illumina.bam,2.36E+09,2.25E+09,111380000,0.047246566
TCGA-DD-A4NB-11A-11D-A25V-10_wgs_Illumina.bam,1134432048,1070302827,64129221,0.056529804
TCGA-DD-A4ND-01A-11D-A25V-10_wgs_Illumina.bam,2.38E+09,2.26E+09,121230000,0.050949177
TCGA-DD-A4ND-11A-11D-A25V-10_wgs_Illumina.bam,1101398344,1041361744,60036600,0.054509434
TCGA-DD-A4NE-01A-11D-A27I-10_wgs_Illumina.bam,2.64E+09,2.38E+09,261870000,0.09916839
TCGA-DD-A4NE-11A-11D-A27I-10_wgs_Illumina.bam,1356250114,1288040573,68209541,0.050292745
TCGA-DD-A4NG-01A-11D-A27I-10_wgs_Illumina.bam,1823785058,1718574200,105210858,0.057688189
TCGA-DD-A4NG-11A-11D-A27I-10_wgs_Illumina.bam,1411289304,1332400663,78888641,0.055898277
TCGA-DE-A0Y2-01A-11D-A10R_120617_SN1222_0116_AC0WMMACXX_s_3_rg.sorted.bam,286140242,275968831,10171411,0.035546943
TCGA-DE-A0Y2-10A-01D-A10R_120617_SN1222_0116_AC0WMMACXX_s_6_rg.sorted.bam,316417192,304764634,11652558,0.036826564
TCGA-DE-A0Y3-01B-11D-A10R_120617_SN1222_0117_BD1414ACXX_s_3_rg.sorted.bam,272016062,263260853,8755209,0.032186368
TCGA-DE-A0Y3-10A-01D-A10R_120617_SN1222_0117_BD1414ACXX_s_6_rg.sorted.bam,279186842,270157201,9029641,0.032342645
TCGA-DH-5143-01A-01D-1465_130808_SN208_0488_BC294YACXX_s_5_rg.sorted.bam,578298508,516267833,62030675,0.10726411
TCGA-DH-5143-10A-01D-1465_130806_SN1222_0209_AD2AW0ACXX_s_2_rg.sorted.bam,593036958,545615969,47420989,0.079962957
TCGA-DI-A1BU-01A-11D-A133_120511_SN1120_0141_BC0VK9ACXX_s_7_rg.sorted.bam,387815456,366586842,21228614,0.054738958
TCGA-DI-A1BU-10A-01D-A133_120511_SN1120_0141_BC0VK9ACXX_s_8_rg.sorted.bam,399284486,376087011,23197475,0.058097612
TCGA-DJ-A13L-01A-11D-A221_120610_SN1120_0151_AC0WN0ACXX_s_5_rg.sorted.bam,557500142,525162989,32337153,0.058003847
TCGA-DJ-A13L-10A-01D-A221_120610_SN1120_0151_AC0WN0ACXX_s_7_rg.sorted.bam,467915676,447073171,20842505,0.044543293
TCGA-DJ-A13M-01A-11D-A10R_120616_SN1120_0154_BD142VACXX_s_6_rg.sorted.bam,297885982,285990916,11895066,0.039931607
TCGA-DJ-A13M-10A-01D-A10R_120616_SN1120_0154_BD142VACXX_s_8_rg.sorted.bam,307060258,295337762,11722496,0.038176533
TCGA-DJ-A13O-01A-11D-A10R_120617_SN1222_0116_AC0WMMACXX_s_5_rg.sorted.bam,270575028,260656341,9918687,0.036657806
TCGA-DJ-A13O-10A-01D-A10R_120617_SN1222_0116_AC0WMMACXX_s_8_rg.sorted.bam,398044392,380410089,17634303,0.044302353
TCGA-DJ-A13P-01A-11D-A10R_120617_SN1222_0117_BD1414ACXX_s_5_rg.sorted.bam,255967802,247890590,8077212,0.031555578
TCGA-DJ-A13P-10A-01D-A10R_120617_SN1222_0117_BD1414ACXX_s_8_rg.sorted.bam,323932992,310822723,13110269,0.040472163
TCGA-DJ-A13R-01A-11D-A10R_120711_SN1120_0174_BD13R2ACXX_s_2_rg.sorted.bam,504551906,480457400,24094506,0.047754266
TCGA-DJ-A13R-10A-01D-A10R_120711_SN1120_0174_BD13R2ACXX_s_4_rg.sorted.bam,428277836,408450977,19826859,0.046294385
TCGA-DJ-A13S-01A-11D-A10R_120711_SN1120_0174_BD13R2ACXX_s_6_rg.sorted.bam,390727678,371058024,19669654,0.050341082
TCGA-DJ-A13S-10A-01D-A10R_120711_SN1120_0174_BD13R2ACXX_s_8_rg.sorted.bam,384314396,368229120,16085276,0.041854472
TCGA-DJ-A13T-01A-11D-A10R_120629_SN1120_0167_AC0WMBACXX_s_1_rg.sorted.bam,318322948,304894367,13428581,0.0421854
TCGA-DJ-A13T-10A-01D-A10R_120629_SN1120_0167_AC0WMBACXX_s_2_rg.sorted.bam,322740620,308403037,14337583,0.044424476
TCGA-DJ-A13U-01A-11D-A10R_120616_SN1120_0153_AC0WMJACXX_s_3_rg.sorted.bam,236134854,227886472,8248382,0.034930811
TCGA-DJ-A13U-10A-01D-A10R_120616_SN1120_0153_AC0WMJACXX_s_6_rg.sorted.bam,345454620,332074419,13380201,0.038732152
TCGA-DJ-A13V-01A-11D-A10R_120616_SN1120_0154_BD142VACXX_s_2_rg.sorted.bam,295742624,285093275,10649349,0.036008841
TCGA-DJ-A13V-10A-01D-A10R_120616_SN1120_0154_BD142VACXX_s_4_rg.sorted.bam,394928666,376003802,18924864,0.047919702
TCGA-DJ-A13W-01A-11D-A10R_120617_SN1222_0116_AC0WMMACXX_s_1_rg.sorted.bam,347989470,335013849,12975621,0.037287396
TCGA-DJ-A13W-10A-01D-A10R_120617_SN1222_0116_AC0WMMACXX_s_2_rg.sorted.bam,363227826,349145422,14082404,0.038770168
TCGA-DJ-A13X-01A-11D-A10R_120617_SN1222_0117_BD1414ACXX_s_1_rg.sorted.bam,305355948,294712045,10643903,0.034857363
TCGA-DJ-A13X-10A-01D-A10R_120617_SN1222_0117_BD1414ACXX_s_2_rg.sorted.bam,328703840,307996173,20707667,0.062997947
TCGA-DJ-A1QD-01A-11D-A14U_120717_SN1120_0175_AC1179ACXX_s_6_rg.sorted.bam,350905276,336827780,14077496,0.040117653
TCGA-DJ-A1QD-10A-01D-A14U_120717_SN1120_0175_AC1179ACXX_s_8_rg.sorted.bam,390376808,373485675,16891133,0.043268792
TCGA-DJ-A1QE-01A-21D-A14U_120711_SN1120_0173_AC0WN6ACXX_s_2_rg.sorted.bam,371277754,355057580,16220174,0.043687438
TCGA-DJ-A1QE-10A-01D-A14U_120711_SN1120_0173_AC0WN6ACXX_s_4_rg.sorted.bam,397562032,380462881,17099151,0.04301002
TCGA-DJ-A1QF-01A-12D-A14U_120629_SN1120_0167_AC0WMBACXX_s_4_rg.sorted.bam,218425970,210629116,7796854,0.035695636
TCGA-DJ-A1QF-10A-01D-A14U_120629_SN1120_0167_AC0WMBACXX_s_6_rg.sorted.bam,342091810,329834883,12256927,0.035829349
TCGA-DJ-A1QG-01A-11D-A14U_120629_SN1222_0121_BD143UACXX_s_1_rg.sorted.bam,262512896,251295207,11217689,0.042731954
TCGA-DJ-A1QG-10A-01D-A14U_120629_SN1222_0121_BD143UACXX_s_4_rg.sorted.bam,472823440,447851019,24972421,0.052815531
TCGA-DJ-A1QH-01A-21D-A14U_120629_SN1222_0121_BD143UACXX_s_7_rg.sorted.bam,219954116,210961689,8992427,0.040883195
TCGA-DJ-A1QH-10A-01D-A14U_120629_SN1222_0121_BD143UACXX_s_8_rg.sorted.bam,434740236,415290469,19449767,0.044738824
TCGA-DJ-A1QI-01A-11D-A14U_120717_SN1120_0175_AC1179ACXX_s_5_rg.sorted.bam,331202718,316076433,15126285,0.045670776
TCGA-DJ-A1QI-10A-01D-A14U_120717_SN1120_0175_AC1179ACXX_s_7_rg.sorted.bam,475329216,449130293,26198923,0.055117426
TCGA-DJ-A1QL-01A-11D-A14U_120711_SN1120_0173_AC0WN6ACXX_s_1_rg.sorted.bam,400801894,381400921,19400973,0.048405393
TCGA-DJ-A1QL-10A-01D-A14U_120711_SN1120_0173_AC0WN6ACXX_s_3_rg.sorted.bam,440250552,418049611,22200941,0.050427969
TCGA-DJ-A1QM-01A-11D-A14U_120629_SN1120_0167_AC0WMBACXX_s_3_rg.sorted.bam,208199672,199964098,8235574,0.039556133
TCGA-DJ-A1QM-10A-01D-A14U_120629_SN1120_0167_AC0WMBACXX_s_5_rg.sorted.bam,528514500,492176584,36337916,0.068754814
TCGA-DJ-A1QN-01A-11D-A14U_120629_SN1120_0168_BD1454ACXX_s_1_rg.sorted.bam,258349470,249192918,9156552,0.035442504
TCGA-DJ-A1QN-10A-01D-A14U_120629_SN1120_0168_BD1454ACXX_s_3_rg.sorted.bam,387310872,364467006,22843866,0.058980699
TCGA-DJ-A1QO-01A-11D-A14U_120629_SN1120_0168_BD1454ACXX_s_6_rg.sorted.bam,242181088,233724749,8456339,0.034917421
TCGA-DJ-A1QO-10A-01D-A14U_120629_SN1120_0168_BD1454ACXX_s_8_rg.sorted.bam,212733438,205331213,7402225,0.034795776
TCGA-DJ-A1QQ-01A-11D-A14U_120629_SN1222_0120_AC0WKWACXX_s_4_rg.sorted.bam,263669334,252524703,11144631,0.042267452
TCGA-DJ-A1QQ-10A-01D-A14U_120629_SN1222_0120_AC0WKWACXX_s_7_rg.sorted.bam,392613336,367247724,25365612,0.064607107
TCGA-DK-A1A3-01A-11D-A13U_120921_SN208_0431_BD1D5FACXX_s_7_rg.sorted.bam,472236960,445667283,26569677,0.056263442
TCGA-DK-A1A3-10A-01D-A13U_120921_SN208_0431_BD1D5FACXX_s_8_rg.sorted.bam,458933292,433697001,25236291,0.054989018
TCGA-DK-A1A5-01A-11D-A13U_121002_SN1222_0154_AC1A3DACXX_s_1_rg.sorted.bam,370276642,355145726,15130916,0.040863814
TCGA-DK-A1A5-10A-01D-A13U_121002_SN1222_0154_AC1A3DACXX_s_2_rg.sorted.bam,393724306,377087829,16636477,0.042254127
TCGA-DK-A1A6-01A-11D-A13U_121011_SN590_0184_BC192GACXX_s_7_rg.sorted.bam,353357902,338432266,14925636,0.042239429
TCGA-DK-A1A6-10A-01D-A13U_121011_SN590_0184_BC192GACXX_s_8_rg.sorted.bam,397249902,374765110,22484792,0.056601127
TCGA-DK-A1A7-01A-11D-A13U_121025_SN590_0188_AC190CACXX_s_1_rg.sorted.bam,378947494,362556942,16390552,0.043252831
TCGA-DK-A1A7-10A-01D-A13U_121025_SN590_0188_AC190CACXX_s_2_rg.sorted.bam,451985734,424322931,27662803,0.061202823
TCGA-DK-A1AA-01A-11D-A13U_121025_SN590_0188_AC190CACXX_s_3_rg.sorted.bam,356847572,343454240,13393332,0.037532361
TCGA-DK-A1AA-10A-01D-A13U_121025_SN590_0188_AC190CACXX_s_4_rg.sorted.bam,453293554,423826318,29467236,0.06500696
TCGA-DK-A1AB-01A-11D-A13U_121002_SN1222_0154_AC1A3DACXX_s_3_rg.sorted.bam,422689690,405524683,17165007,0.040609003
TCGA-DK-A1AB-10A-01D-A13U_121002_SN1222_0154_AC1A3DACXX_s_4_rg.sorted.bam,604885724,433852017,171033707,0.28275375
TCGA-DK-A1AC-01A-11D-A13U_121002_SN1222_0154_AC1A3DACXX_s_5_rg.sorted.bam,440172822,421657456,18515366,0.042063856
TCGA-DK-A1AC-10A-01D-A13U_121002_SN1222_0154_AC1A3DACXX_s_6_rg.sorted.bam,397587808,379491404,18096404,0.04551549
TCGA-DK-A1AD-01A-11D-A13U_121025_SN590_0188_AC190CACXX_s_5_rg.sorted.bam,343654164,331823895,11830269,0.034424926
TCGA-DK-A1AD-10A-01D-A13U_121025_SN590_0188_AC190CACXX_s_6_rg.sorted.bam,516473086,476566512,39906574,0.07726748
TCGA-DK-A1AE-01A-11D-A13U_121002_SN1222_0154_AC1A3DACXX_s_7_rg.sorted.bam,636795388,579757106,57038282,0.089570815
TCGA-DK-A1AE-10A-01D-A13U_121002_SN1222_0154_AC1A3DACXX_s_8_rg.sorted.bam,641156098,445611210,195544888,0.304987956
TCGA-DK-A1AG-01A-11D-A13U_121025_SN590_0188_AC190CACXX_s_7_rg.sorted.bam,371218102,356859998,14358104,0.038678351
TCGA-DK-A1AG-10A-01D-A13U_121025_SN590_0188_AC190CACXX_s_8_rg.sorted.bam,511620932,473570610,38050322,0.074372098
TCGA-DK-A2HX-01A-12D-A18D_120913_SN208_0429_AC187FACXX_s_1_rg.sorted.bam,448462572,427516189,20946383,0.046707093
TCGA-DK-A2HX-10A-01D-A18D_120913_SN208_0429_AC187FACXX_s_2_rg.sorted.bam,476658018,452309986,24348032,0.051080714
TCGA-DK-A2I1-01A-11D-A17R_120927_SN208_0433_BD1D5JACXX_s_1_rg.sorted.bam,459243928,433494911,25749017,0.05606828
TCGA-DK-A2I1-10A-01D-A17R_120927_SN208_0433_BD1D5JACXX_s_2_rg.sorted.bam,132042566,126121247,5921319,0.044844016
TCGA-DK-A2I2-01A-11D-A17R_120927_SN208_0433_BD1D5JACXX_s_3_rg.sorted.bam,434140666,411996279,22144387,0.051007401
TCGA-DK-A2I2-10A-01D-A17R_120927_SN208_0433_BD1D5JACXX_s_4_rg.sorted.bam,571563738,259534433,312029305,0.545922151
TCGA-DK-A2I6-01A-12D-A18D_120913_SN208_0429_AC187FACXX_s_6_rg.sorted.bam,432591950,412466362,20125588,0.046523261
TCGA-DK-A2I6-10A-01D-A18D_121005_SN1120_0195_AC13RHACXX_s_1_rg.sorted.bam,675849152,468497485,207351667,0.306801697
TCGA-DK-A3IK-01A-32D-A21C_120914_SN590_0179_AD13PPACXX_s_3_rg.sorted.bam,263644104,254826482,8817622,0.03344517
TCGA-DK-A3IK-10A-01D-A21C_120914_SN590_0179_AD13PPACXX_s_4_rg.sorted.bam,288802188,278744932,10057256,0.03482403
TCGA-DK-A3IL-01A-11D-A210_120913_SN208_0428_BC188KACXX_s_3_rg.sorted.bam,463424804,437812205,25612599,0.05526808
TCGA-DK-A3IL-10A-01D-A210_120913_SN208_0428_BC188KACXX_s_4_rg.sorted.bam,550433342,498146987,52286355,0.094991257
TCGA-DK-A3IM-01A-11D-A210_120906_SN208_0425_AD1CU2ACXX_s_7_rg.sorted.bam,331541786,320221717,11320069,0.034143717
TCGA-DK-A3IM-10A-01D-A210_120913_SN208_0428_BC188KACXX_s_5_rg.sorted.bam,515719924,487694433,28025491,0.054342463
TCGA-DK-A3IN-01A-11D-A210_120911_SN1120_0189_BD1D04ACXX_s_1_rg.sorted.bam,584513382,497663046,86850336,0.14858571
TCGA-DK-A3IN-10A-01D-A210_120911_SN1120_0189_BD1D04ACXX_s_2_rg.sorted.bam,460590932,434316619,26274313,0.05704479
TCGA-DK-A3IQ-01A-31D-A210_120911_SN1120_0189_BD1D04ACXX_s_3_rg.sorted.bam,467821966,441860501,25961465,0.055494327
TCGA-DK-A3IQ-10A-01D-A210_120911_SN1120_0189_BD1D04ACXX_s_4_rg.sorted.bam,359234302,345688160,13546142,0.037708376
TCGA-DK-A3IT-01A-31D-A210_120911_SN1120_0189_BD1D04ACXX_s_5_rg.sorted.bam,464413962,440244069,24169893,0.052043855
TCGA-DK-A3IT-10A-01D-A210_120911_SN1120_0189_BD1D04ACXX_s_6_rg.sorted.bam,581724806,500867857,80856949,0.138995188
TCGA-DK-A3IU-01A-11D-A210_120911_SN1120_0189_BD1D04ACXX_s_7_rg.sorted.bam,459443738,429897141,29546597,0.0643095
TCGA-DK-A3IU-10A-01D-A210_120911_SN1120_0189_BD1D04ACXX_s_8_rg.sorted.bam,280503678,263483132,17020546,0.060678513
TCGA-DK-A3IV-01A-22D-A21C_120830_SN590_0177_BD141PACXX_s_7_rg.sorted.bam,289280484,278966000,10314484,0.035655651
TCGA-DK-A3IV-10A-01D-A21C_120830_SN590_0177_BD141PACXX_s_8_rg.sorted.bam,271519688,263760792,7758896,0.028575814
TCGA-DK-A3WX-01A-22D-A233_120829_SN1120_0183_AC18U8ACXX_s_5_rg.sorted.bam,298236096,289044050,9192046,0.030821373
TCGA-DK-A3WX-10A-01D-A233_120829_SN1120_0183_AC18U8ACXX_s_6_rg.sorted.bam,310978012,301583366,9394646,0.030210001
TCGA-DK-A3WY-01A-11D-A233_120829_SN1120_0183_AC18U8ACXX_s_7_rg.sorted.bam,290501642,281749385,8752257,0.030128081
TCGA-DK-A3WY-10A-01D-A233_120829_SN1120_0183_AC18U8ACXX_s_8_rg.sorted.bam,350889958,339851213,11038745,0.031459279
TCGA-DK-A3X1-01A-12D-A233_120829_SN1120_0184_BD1DRAACXX_s_1_rg.sorted.bam,333912804,321399546,12513258,0.037474628
TCGA-DK-A3X1-10A-01D-A233_120829_SN1120_0184_BD1DRAACXX_s_2_rg.sorted.bam,341637886,330851501,10786385,0.031572567
TCGA-DK-A3X2-01A-11D-A233_120829_SN1120_0184_BD1DRAACXX_s_3_rg.sorted.bam,339412568,327135164,12277404,0.036172508
TCGA-DK-A3X2-10A-01D-A233_120829_SN1120_0184_BD1DRAACXX_s_4_rg.sorted.bam,347646918,335245077,12401841,0.035673669
TCGA-DO-A1JZ-01A-11D-A13U_120706_SN1222_0123_BD1488ACXX_s_6_rg.sorted.bam,411952552,396393131,15559421,0.037769935
TCGA-DO-A1JZ-10A-01D-A13U_120706_SN1222_0123_BD1488ACXX_s_7_rg.sorted.bam,445590860,427282928,18307932,0.041086866
TCGA-DO-A1JZ-11A-11D-A13U_120706_SN1222_0123_BD1488ACXX_s_5_rg.sorted.bam,608855180,438444945,170410235,0.279886319
TCGA-DO-A1K0-01A-11D-A13U_120706_SN1222_0123_BD1488ACXX_s_3_rg.sorted.bam,397101456,381649702,15451754,0.038911351
TCGA-DO-A1K0-10A-01D-A13U_120706_SN1222_0123_BD1488ACXX_s_4_rg.sorted.bam,372082758,357755602,14327156,0.038505294
TCGA-DQ-5624-01A-01D-1868_120427_SN208_0288_BD0RWBACXX_s_5_rg.sorted.bam,489275598,459844316,29431282,0.060152769
TCGA-DQ-5624-10A-01D-1868_120427_SN208_0288_BD0RWBACXX_s_6_rg.sorted.bam,387709072,369541378,18167694,0.046859089
TCGA-DQ-5625-01A-01D-1868_120427_SN208_0288_BD0RWBACXX_s_1_rg.sorted.bam,406303252,386913310,19389942,0.047722832
TCGA-DQ-5625-01A-01D-A32X-10_wgs_Illumina.bam,2016274772,1899712281,116562491,0.057810817
TCGA-DQ-5625-10A-01D-1868_120427_SN208_0288_BD0RWBACXX_s_2_rg.sorted.bam,488620728,458633235,29987493,0.061371717
TCGA-DQ-5625-10A-01D-A32X-10_wgs_Illumina.bam,1320405530,1256277825,64127705,0.048566674
TCGA-DQ-5629-01A-01D-A32X-10_wgs_Illumina.bam,2127147770,2045149225,81998545,0.038548589
TCGA-DQ-5629-10A-01D-A32X-10_wgs_Illumina.bam,1293162174,1254542358,38619816,0.029864635
TCGA-DQ-5630-01A-01D-1868_120504_SN1222_0101_AC0UMDACXX_s_1_rg.sorted.bam,482841262,462876513,19964749,0.041348473
TCGA-DQ-5630-10A-01D-1868_120504_SN1222_0101_AC0UMDACXX_s_3_rg.sorted.bam,525127862,497571659,27556203,0.052475226
TCGA-DQ-5631-01A-01D-1868_120504_SN1222_0101_AC0UMDACXX_s_2_rg.sorted.bam,466880998,442945770,23935228,0.051266229
TCGA-DQ-5631-10A-01D-1868_120504_SN1222_0101_AC0UMDACXX_s_4_rg.sorted.bam,527379470,501052731,26326739,0.049919916
TCGA-DU-5847-01A-11D-1703_130806_SN1222_0209_AD2AW0ACXX_s_3_rg.sorted.bam,618602398,478962176,139640222,0.225735016
TCGA-DU-5847-10A-01D-1703_130806_SN1222_0209_AD2AW0ACXX_s_4_rg.sorted.bam,627071226,484412341,142658885,0.227500289
TCGA-DU-5849-01A-11D-1703_130806_SN1222_0209_AD2AW0ACXX_s_5_rg.sorted.bam,636282626,358879953,277402673,0.435973987
TCGA-DU-5849-10A-01D-1703_130806_SN1222_0209_AD2AW0ACXX_s_6_rg.sorted.bam,536458068,505918782,30539286,0.056927629
TCGA-DU-5852-01A-11D-1703_130806_SN1222_0209_AD2AW0ACXX_s_7_rg.sorted.bam,637632052,426689269,210942783,0.330822113
TCGA-DU-5852-10A-01D-1703_130806_SN1222_0209_AD2AW0ACXX_s_8_rg.sorted.bam,416973630,398316288,18657342,0.044744657
TCGA-DU-5854-01A-11D-1703_130806_SN1440_0159_BC29Y3ACXX_s_1_rg.sorted.bam,551776824,511621030,40155794,0.072775427
TCGA-DU-5854-10A-01D-1703_130806_SN1440_0159_BC29Y3ACXX_s_2_rg.sorted.bam,401726976,382339605,19387371,0.048260068
TCGA-DU-5872-01A-11D-1703_130808_SN208_0488_BC294YACXX_s_6_rg.sorted.bam,372499644,359746373,12753271,0.034237002
TCGA-DU-5872-10A-01D-1703_130813_SN1440_0160_AD2B87ACXX_s_1_rg.sorted.bam,366780364,352002449,14777915,0.040290911
TCGA-DU-6392-01A-11D-1703_130906_SN1440_0166_BC2A68ACXX_s_6_rg.sorted.bam,316639866,307338784,9301082,0.029374324
TCGA-DU-6392-10A-01D-1703_130813_SN1440_0160_AD2B87ACXX_s_2_rg.sorted.bam,360738362,346127113,14611249,0.040503729
TCGA-DU-6399-01A-12D-1703_130813_SN1440_0160_AD2B87ACXX_s_3_rg.sorted.bam,351767362,339555075,12212287,0.034716942
TCGA-DU-6399-10A-01D-1703_130813_SN1440_0161_BC29ENACXX_s_2_rg.sorted.bam,442236438,420296984,21939454,0.049610236
TCGA-DU-6402-01A-11D-1703_130813_SN1440_0160_AD2B87ACXX_s_4_rg.sorted.bam,343588814,330835786,12753028,0.037117122
TCGA-DU-6402-10A-01D-1703_130813_SN1440_0161_BC29ENACXX_s_3_rg.sorted.bam,427249500,406257624,20991876,0.049132593
TCGA-DU-6403-01A-11D-1703_130813_SN1440_0160_AD2B87ACXX_s_5_rg.sorted.bam,347568030,335783222,11784808,0.033906479
TCGA-DU-6403-10A-01D-1703_130813_SN1440_0161_BC29ENACXX_s_4_rg.sorted.bam,397706908,380391183,17315725,0.043538909
TCGA-DU-6405-01A-11D-1703_130813_SN1440_0160_AD2B87ACXX_s_6_rg.sorted.bam,354334192,342410979,11923213,0.033649626
TCGA-DU-6405-10A-01D-1703_130813_SN1440_0161_BC29ENACXX_s_5_rg.sorted.bam,446996452,424388364,22608088,0.05057778
TCGA-DU-6408-01A-11D-1703_130813_SN1440_0160_AD2B87ACXX_s_8_rg.sorted.bam,328207850,317015353,11192497,0.034101856
TCGA-DU-6408-10A-01D-1703_130813_SN1440_0161_BC29ENACXX_s_7_rg.sorted.bam,439777128,417102938,22674190,0.051558366
TCGA-DU-6542-01A-11D-1891_130919_SN590_0238_AC29TRACXX_s_2_rg.sorted.bam,215869414,209886396,5983018,0.027715913
TCGA-DU-6542-10A-01D-1891_130912_SN590_0237_AC292LACXX_s_2_rg.sorted.bam,100226832,96585260,3641572,0.036333304
TCGA-DU-7006-01A-11D-2022_130910_SN208_0494_AC2A1DACXX_s_5_rg.sorted.bam,323998206,313989492,10008714,0.030891264
TCGA-DU-7006-10A-01D-2022_130910_SN208_0494_AC2A1DACXX_s_6_rg.sorted.bam,345643184,334771539,10871645,0.031453376
TCGA-DU-7007-01A-11D-2022_130910_SN208_0494_AC2A1DACXX_s_7_rg.sorted.bam,292413860,283229250,9184610,0.031409626
TCGA-DU-7007-10A-01D-2022_130910_SN208_0494_AC2A1DACXX_s_8_rg.sorted.bam,357368928,344906467,12462461,0.034872816
TCGA-DU-7008-01A-11D-2022_130910_SN208_0495_BD2FGNACXX_s_1_rg.sorted.bam,351382514,340341209,11041305,0.031422466
TCGA-DU-7008-10A-01D-2022_130910_SN208_0495_BD2FGNACXX_s_2_rg.sorted.bam,340546364,329809682,10736682,0.031527813
TCGA-DU-7010-01A-11D-2022_130910_SN208_0495_BD2FGNACXX_s_3_rg.sorted.bam,367427428,354792661,12634767,0.034387109
TCGA-DU-7010-10A-01D-2022_130910_SN208_0495_BD2FGNACXX_s_4_rg.sorted.bam,312633446,303144144,9489302,0.030352805
TCGA-DU-7018-01A-11D-2022_130910_SN208_0495_BD2FGNACXX_s_5_rg.sorted.bam,300630358,291798729,8831629,0.029377037
TCGA-DU-7018-10A-01D-2022_130910_SN208_0495_BD2FGNACXX_s_6_rg.sorted.bam,336020504,325520969,10499535,0.031246709
TCGA-DU-7290-01A-11D-2022_130910_SN208_0495_BD2FGNACXX_s_7_rg.sorted.bam,328697516,318786699,9910817,0.030151786
TCGA-DU-7290-10A-01D-2022_130910_SN208_0495_BD2FGNACXX_s_8_rg.sorted.bam,307259078,297430175,9828903,0.031988975
TCGA-DU-7292-01A-11D-2022_130911_SN1222_0218_BC2A1NACXX_s_1_rg.sorted.bam,379331118,365613053,13718065,0.036163827
TCGA-DU-7292-10A-01D-2022_130911_SN1222_0218_BC2A1NACXX_s_2_rg.sorted.bam,294941216,285190848,9750368,0.033058682
TCGA-DU-7294-01A-11D-2022_130911_SN1222_0218_BC2A1NACXX_s_3_rg.sorted.bam,395928368,382502428,13425940,0.033910023
TCGA-DU-7294-10A-01D-2022_130911_SN1222_0218_BC2A1NACXX_s_4_rg.sorted.bam,331358604,320099579,11259025,0.033978369
TCGA-DV-5566-01A-01D-2104-10_wgs_Illumina.bam,937790436,895616667,42173769,0.044971422
TCGA-DV-5566-10A-01D-2104-10_Illumina.bam,1569155114,1499907740,69247374,0.044130356
TCGA-E1-5303-01A-01D-1465_130806_SN1440_0159_BC29Y3ACXX_s_3_rg.sorted.bam,527775410,489520164,38255246,0.072483949
TCGA-E1-5303-10A-01D-1465_130806_SN1440_0159_BC29Y3ACXX_s_4_rg.sorted.bam,452982926,425298877,27684049,0.061114994
TCGA-E1-5305-01A-01D-1891_130919_SN590_0238_AC29TRACXX_s_3_rg.sorted.bam,162043554,157920401,4123153,0.025444721
TCGA-E1-5305-10A-01D-1891_130919_SN590_0239_BC2N06ACXX_s_1_rg.sorted.bam,346296280,329208356,17087924,0.04934481
TCGA-E1-5307-01A-01D-1891_130919_SN590_0238_AC29TRACXX_s_4_rg.sorted.bam,168021652,163707540,4314112,0.025675929
TCGA-E1-5307-10A-01D-1891_130919_SN590_0239_BC2N06ACXX_s_2_rg.sorted.bam,287142306,274579939,12562367,0.043749621
TCGA-E5-A2PC-01A-11D-A204_120926_SN1222_0153_BD1D4MACXX_s_1_rg.sorted.bam,529522962,501904148,27618814,0.052157916
TCGA-E5-A2PC-10B-01D-A204_120926_SN1222_0153_BD1D4MACXX_s_2_rg.sorted.bam,544122080,516128957,27993123,0.051446402
TCGA-E7-A3X6-01A-12D-A233_120829_SN1120_0184_BD1DRAACXX_s_5_rg.sorted.bam,380619078,367470483,13148595,0.034545286
TCGA-E7-A3X6-10A-01D-A233_120829_SN1120_0184_BD1DRAACXX_s_6_rg.sorted.bam,385295478,368452177,16843301,0.043715283
TCGA-E7-A3Y1-01A-11D-A233_120829_SN1120_0184_BD1DRAACXX_s_7_rg.sorted.bam,322593778,311923503,10670275,0.033076506
TCGA-E7-A3Y1-10A-01D-A233_120829_SN1120_0184_BD1DRAACXX_s_8_rg.sorted.bam,363096602,350174275,12922327,0.035589226
TCGA-E8-A242-01A-21D-A16N_121204_SN208_0442_BC1F7YACXX_s_3_rg.sorted.bam,425959674,406722378,19237296,0.045162247
TCGA-E8-A242-10A-01D-A16N_121204_SN208_0442_BC1F7YACXX_s_4_rg.sorted.bam,502003770,472712303,29291467,0.058349098
TCGA-EA-A1QS-01A-61D-A232_140124_SN208_0506_BC2PD5ACXX_s_2_rg.sorted.bam,433231644,417343155,15888489,0.03667435
TCGA-EA-A1QS-10A-01D-A232_140124_SN208_0506_BC2PD5ACXX_s_7_rg.sorted.bam,480446878,458691774,21755104,0.045280977
TCGA-EA-A3HQ-01A-11D-A20X_140131_SN590_0247_AC3FDBACXX_s_3_rg.sorted.bam,302544306,292458968,10085338,0.033335078
TCGA-EA-A3HQ-10A-01D-A20X_140131_SN590_0247_AC3FDBACXX_s_6_rg.sorted.bam,317582972,306790516,10792456,0.033983107
TCGA-EA-A3HR-01A-11D-A20X_140417_SN590_0248_AC3EUFACXX_s_1_rg.sorted.bam,325704778,313406442,12298336,0.037759151
TCGA-EA-A3HR-10A-01D-A20X_140417_SN590_0248_AC3EUFACXX_s_4_rg.sorted.bam,340055540,326748689,13306851,0.039131405
TCGA-EA-A3HS-01A-11D-A20X_140106_SN590_0243_AC371BACXX_s_3_rg.sorted.bam,364372140,350486976,13885164,0.038107096
TCGA-EA-A3HS-10B-01D-A20X_140106_SN590_0243_AC371BACXX_s_7_rg.sorted.bam,344861672,332471714,12389958,0.035927327
TCGA-EA-A3HT-01A-61D-A245_140124_SN1440_0178_AC2PL6ACXX_s_2_rg.sorted.bam,420259208,402204033,18055175,0.042961997
TCGA-EA-A3HT-10A-01D-A245_140124_SN1440_0178_AC2PL6ACXX_s_4_rg.sorted.bam,454519648,432493591,22026057,0.048460077
TCGA-EA-A3HU-01A-11D-A20X_140106_SN590_0244_BC384EACXX_s_3_rg.sorted.bam,328981876,316205814,12776062,0.038835155
TCGA-EA-A3HU-10B-01D-A20X_140106_SN590_0244_BC384EACXX_s_7_rg.sorted.bam,345280992,331618671,13662321,0.039568703
TCGA-EA-A3QD-01A-32D-A232_140124_SN1120_0291_AC2PHAACXX_s_2_rg.sorted.bam,504500786,485012740,19488046,0.038628376
TCGA-EA-A3QD-10A-01D-A232_140124_SN1120_0292_BD2F1HACXX_s_1_rg.sorted.bam,478819262,447134770,31684492,0.066172133
TCGA-EA-A3QE-01A-21D-A245_140124_SN1440_0178_AC2PL6ACXX_s_5_rg.sorted.bam,424217800,405413458,18804342,0.044327093
TCGA-EA-A3QE-10A-01D-A245_140124_SN1440_0179_BD2DRDACXX_s_4_rg.sorted.bam,445114006,426702646,18411360,0.041363246
TCGA-EA-A3Y4-01A-51D-A245_140124_SN1440_0178_AC2PL6ACXX_s_1_rg.sorted.bam,444823544,423589042,21234502,0.047736911
TCGA-EA-A3Y4-10A-01D-A245_140124_SN1440_0178_AC2PL6ACXX_s_3_rg.sorted.bam,451304086,428919815,22384271,0.049599088
TCGA-EB-A24C-01A-11D-A18Y_120730_SN208_0420_BC12YJACXX_s_3_rg.sorted.bam,294346590,283416136,10930454,0.037134638
TCGA-EB-A24C-10A-01D-A190_120730_SN208_0420_BC12YJACXX_s_6_rg.sorted.bam,384059542,367665440,16394102,0.042686355
TCGA-EB-A24D-01A-11D-A18Y_120730_SN208_0420_BC12YJACXX_s_4_rg.sorted.bam,301434410,289731993,11702417,0.038822432
TCGA-EB-A24D-10A-01D-A190_120730_SN208_0420_BC12YJACXX_s_7_rg.sorted.bam,485217832,456210579,29007253,0.059781919
TCGA-EB-A299-01A-21D-A18Y_120730_SN208_0420_BC12YJACXX_s_5_rg.sorted.bam,297185964,286605758,10580206,0.035601298
TCGA-EB-A299-10A-01D-A190_120805_SN1222_0142_AD16TGACXX_s_1_rg.sorted.bam,510019696,483548093,26471603,0.051903099
TCGA-ED-A459-01A-11D-A25V-10_wgs_Illumina.bam,2.35E+09,2.25E+09,100650000,0.042865904
TCGA-ED-A459-10A-01D-A25V-10_wgs_Illumina.bam,1102990116,1045280015,57710101,0.052321503
TCGA-ED-A4XI-01A-11D-A25V-10_wgs_Illumina.bam,2.44E+09,2.31E+09,129240000,0.052962438
TCGA-ED-A4XI-10A-01D-A25V-10_wgs_Illumina.bam,1042372328,982808402,59563926,0.057142659
TCGA-EE-A17X-06A-11D-A18Y_120730_SN1222_0141_BC115GACXX_s_6_rg.sorted.bam,411482758,395831030,15651728,0.038037385
TCGA-EE-A17X-10A-01D-A190_120730_SN1222_0141_BC115GACXX_s_7_rg.sorted.bam,497560582,477276318,20284264,0.040767426
TCGA-EE-A20H-06A-11D-A18Y_120730_SN1222_0141_BC115GACXX_s_8_rg.sorted.bam,534246932,508709535,25537397,0.047800737
TCGA-EE-A20H-10A-01D-A190_120805_SN1222_0142_AD16TGACXX_s_2_rg.sorted.bam,463579090,443567861,20011229,0.043166807
TCGA-EE-A29B-06A-11D-A18Y_120807_SN590_0173_AC0VN5ACXX_s_1_rg.sorted.bam,291942106,278905036,13037070,0.044656354
TCGA-EE-A29B-10A-01D-A190_120807_SN590_0173_AC0VN5ACXX_s_3_rg.sorted.bam,265033234,256142726,8890508,0.03354488
TCGA-EE-A29C-06A-21D-A18Y_120807_SN590_0173_AC0VN5ACXX_s_2_rg.sorted.bam,254247178,245920785,8326393,0.032749205
TCGA-EE-A29C-10A-01D-A190_120807_SN590_0173_AC0VN5ACXX_s_4_rg.sorted.bam,350612848,337068814,13544034,0.0386296
TCGA-EE-A29D-06A-11D-A18Y_120730_SN208_0419_AC13W9ACXX_s_1_rg.sorted.bam,291589214,279839584,11749630,0.040295146
TCGA-EE-A29D-10A-01D-A190_120730_SN208_0419_AC13W9ACXX_s_2_rg.sorted.bam,332199586,319731134,12468452,0.037533015
TCGA-EE-A29E-06A-11D-A18Y_120729_SN1120_0179_AC11G3ACXX_s_4_rg.sorted.bam,250381582,242295520,8086062,0.032294955
TCGA-EE-A29E-10A-01D-A190_120730_SN1222_0141_BC115GACXX_s_4_rg.sorted.bam,428288132,409887442,18400690,0.042963343
TCGA-EE-A29H-06A-12D-A18Y_120729_SN1120_0180_BC1176ACXX_s_6_rg.sorted.bam,213360138,203149844,10210294,0.04785474
TCGA-EE-A29H-10A-01D-A190_120729_SN1120_0180_BC1176ACXX_s_8_rg.sorted.bam,266347362,257546977,8800385,0.033041007
TCGA-EE-A29N-06A-12D-A18Y_120729_SN1120_0180_BC1176ACXX_s_5_rg.sorted.bam,197025320,188397278,8628042,0.043791539
TCGA-EE-A29N-10A-01D-A190_120729_SN1120_0180_BC1176ACXX_s_7_rg.sorted.bam,271611238,262145750,9465488,0.034849398
TCGA-EE-A29P-06A-11D-A18Y_120729_SN1120_0180_BC1176ACXX_s_2_rg.sorted.bam,242117562,233399604,8717958,0.036007128
TCGA-EE-A29P-10A-01D-A190_120729_SN1120_0180_BC1176ACXX_s_4_rg.sorted.bam,248071128,240714887,7356241,0.029653757
TCGA-EE-A29Q-06A-11D-A18Y_120729_SN1120_0180_BC1176ACXX_s_1_rg.sorted.bam,249423692,240807291,8616401,0.034545239
TCGA-EE-A29Q-10A-01D-A190_120729_SN1120_0180_BC1176ACXX_s_3_rg.sorted.bam,244380360,236040353,8340007,0.034127157
TCGA-EE-A29R-06A-11D-A18Y_120729_SN1120_0179_AC11G3ACXX_s_6_rg.sorted.bam,213186622,206785862,6400760,0.03002421
TCGA-EE-A29R-10A-01D-A190_120729_SN1120_0179_AC11G3ACXX_s_8_rg.sorted.bam,314165934,303149290,11016644,0.035066323
TCGA-EE-A29S-06A-11D-A18Y_120729_SN1120_0179_AC11G3ACXX_s_5_rg.sorted.bam,279340926,269743986,9596940,0.034355653
TCGA-EE-A29S-10A-01D-A190_120729_SN1120_0179_AC11G3ACXX_s_7_rg.sorted.bam,259523784,251900045,7623739,0.029375878
TCGA-EE-A29T-06A-11D-A18Y_120726_SN590_0172_BC0WN3ACXX_s_5_rg.sorted.bam,479470330,452120791,27349539,0.05704115
TCGA-EE-A29T-10A-01D-A190_120726_SN590_0172_BC0WN3ACXX_s_8_rg.sorted.bam,520254078,480004450,40249628,0.077365329
TCGA-EE-A29V-06A-12D-A18Y_120726_SN590_0172_BC0WN3ACXX_s_4_rg.sorted.bam,501838148,469412046,32426102,0.064614661
TCGA-EE-A29V-10A-01D-A190_120726_SN590_0172_BC0WN3ACXX_s_7_rg.sorted.bam,509446112,475405422,34040690,0.06681902
TCGA-EE-A2A1-06A-11D-A18Y_120726_SN590_0172_BC0WN3ACXX_s_3_rg.sorted.bam,397277048,377329724,19947324,0.050210109
TCGA-EE-A2A1-10A-01D-A190_120726_SN590_0172_BC0WN3ACXX_s_6_rg.sorted.bam,488410628,461038131,27372497,0.056044024
TCGA-EE-A2A6-06A-11D-A18Y_120726_SN590_0172_BC0WN3ACXX_s_1_rg.sorted.bam,449800900,420873648,28927252,0.064311236
TCGA-EE-A2A6-10A-01D-A190_120726_SN590_0172_BC0WN3ACXX_s_2_rg.sorted.bam,543762318,479619372,64142946,0.117961366
TCGA-EE-A2GB-06A-11D-A18Y_120726_SN590_0171_AD13PJACXX_s_4_rg.sorted.bam,529499328,474049867,55449461,0.10472055
TCGA-EE-A2GB-10A-01D-A190_120726_SN590_0171_AD13PJACXX_s_8_rg.sorted.bam,569185896,299126661,270059235,0.474465789
TCGA-EE-A2GC-06A-11D-A18Y_120726_SN590_0171_AD13PJACXX_s_3_rg.sorted.bam,472519982,442437728,30082254,0.063663454
TCGA-EE-A2GC-10A-01D-A190_120726_SN590_0171_AD13PJACXX_s_7_rg.sorted.bam,434865590,413928845,20936745,0.048145325
TCGA-EE-A2GP-06A-11D-A18Y_120726_SN590_0171_AD13PJACXX_s_2_rg.sorted.bam,523576064,484110438,39465626,0.075377063
TCGA-EE-A2GP-10A-01D-A190_120726_SN590_0171_AD13PJACXX_s_6_rg.sorted.bam,470404890,445692401,24712489,0.052534507
TCGA-EE-A2GR-06A-11D-A18Y_120726_SN590_0171_AD13PJACXX_s_1_rg.sorted.bam,511189904,470657634,40532270,0.079290044
TCGA-EE-A2GR-10A-01D-A190_120726_SN590_0171_AD13PJACXX_s_5_rg.sorted.bam,466687628,437720343,28967285,0.062069966
TCGA-EE-A2GS-06A-12D-A18Y_120724_SN208_0418_BD13N7ACXX_s_3_rg.sorted.bam,393863428,377342983,16520445,0.041944603
TCGA-EE-A2GS-10A-01D-A190_120724_SN208_0418_BD13N7ACXX_s_6_rg.sorted.bam,349336314,336330145,13006169,0.037231082
TCGA-EE-A2GT-06A-12D-A18Y_120724_SN208_0418_BD13N7ACXX_s_2_rg.sorted.bam,313696026,301832703,11863323,0.037817894
TCGA-EE-A2GT-10A-01D-A190_120724_SN208_0418_BD13N7ACXX_s_5_rg.sorted.bam,367586596,352936420,14650176,0.039855033
TCGA-EE-A2M5-06A-12D-A18Y_120724_SN208_0418_BD13N7ACXX_s_1_rg.sorted.bam,398985420,382195025,16790395,0.042082728
TCGA-EE-A2M5-10A-01D-A190_120724_SN208_0418_BD13N7ACXX_s_4_rg.sorted.bam,353766368,339887771,13878597,0.039230968
TCGA-EE-A2M6-06A-12D-A18Y_120724_SN208_0417_AC117BACXX_s_5_rg.sorted.bam,350544098,338262655,12281443,0.035035372
TCGA-EE-A2M6-10A-01D-A190_120724_SN208_0417_AC117BACXX_s_8_rg.sorted.bam,376212028,361658977,14553051,0.038683109
TCGA-EE-A2M7-06A-11D-A18Y_120724_SN208_0417_AC117BACXX_s_4_rg.sorted.bam,470012218,445977396,24034822,0.05113659
TCGA-EE-A2M7-10A-01D-A190_120724_SN208_0417_AC117BACXX_s_7_rg.sorted.bam,359038348,346417286,12621062,0.035152407
TCGA-EE-A2MC-06A-12D-A18Y_120724_SN208_0417_AC117BACXX_s_3_rg.sorted.bam,481147572,456335045,24812527,0.051569474
TCGA-EE-A2MC-10A-01D-A190_120724_SN208_0417_AC117BACXX_s_6_rg.sorted.bam,346754464,334543694,12210770,0.035214457
TCGA-EE-A2MD-06A-11D-A18Y_120724_SN1222_0139_BD13UNACXX_s_4_rg.sorted.bam,345491972,333195466,12296506,0.035591293
TCGA-EE-A2MD-10A-01D-A190_120724_SN1222_0139_BD13UNACXX_s_8_rg.sorted.bam,307747244,297116159,10631085,0.034544859
TCGA-EE-A2ME-06A-11D-A18Y_120724_SN1222_0139_BD13UNACXX_s_3_rg.sorted.bam,303176256,292337556,10838700,0.035750491
TCGA-EE-A2ME-10A-01D-A190_120724_SN1222_0139_BD13UNACXX_s_7_rg.sorted.bam,341412736,328690005,12722731,0.037264957
TCGA-EE-A2MG-06A-11D-A18Y_120724_SN1222_0139_BD13UNACXX_s_2_rg.sorted.bam,384769796,366589400,18180396,0.04725006
TCGA-EE-A2MG-10A-01D-A190_120724_SN1222_0139_BD13UNACXX_s_6_rg.sorted.bam,372444136,357919720,14524416,0.038997569
TCGA-EE-A2MH-06A-11D-A18Y_120724_SN1222_0139_BD13UNACXX_s_1_rg.sorted.bam,355147380,334572284,20575096,0.057933965
TCGA-EE-A2MH-10A-01D-A190_120724_SN1222_0139_BD13UNACXX_s_5_rg.sorted.bam,294438470,284048594,10389876,0.035287087
TCGA-EE-A2MI-06A-11D-A18Y_120724_SN208_0418_BD13N7ACXX_s_7_rg.sorted.bam,310454010,298056327,12397683,0.03993404
TCGA-EE-A2MI-10A-01D-A190_120724_SN208_0418_BD13N7ACXX_s_8_rg.sorted.bam,588747330,438968383,149778947,0.254402762
TCGA-EE-A2MJ-06A-11D-A18Y_120724_SN1222_0138_AC1168ACXX_s_4_rg.sorted.bam,310159312,297252417,12906895,0.041613759
TCGA-EE-A2MJ-10A-01D-A190_120729_SN1120_0179_AC11G3ACXX_s_3_rg.sorted.bam,352380410,339085982,13294428,0.037727489
TCGA-EE-A2ML-06A-11D-A18Y_120724_SN1222_0138_AC1168ACXX_s_3_rg.sorted.bam,405333058,387349563,17983495,0.044367205
TCGA-EE-A2ML-10A-01D-A190_120724_SN1222_0138_AC1168ACXX_s_7_rg.sorted.bam,346892914,333727547,13165367,0.037952251
TCGA-EE-A2MN-06A-11D-A18Y_120724_SN1222_0138_AC1168ACXX_s_2_rg.sorted.bam,324238454,311794722,12443732,0.038378335
TCGA-EE-A2MN-10A-01D-A190_120724_SN1222_0138_AC1168ACXX_s_6_rg.sorted.bam,327883608,316314604,11569004,0.035283874
TCGA-EE-A2MP-06A-11D-A18Y_120724_SN1222_0138_AC1168ACXX_s_1_rg.sorted.bam,464685678,442632324,22053354,0.047458648
TCGA-EE-A2MP-10A-01D-A190_120724_SN1222_0138_AC1168ACXX_s_5_rg.sorted.bam,559640676,522570968,37069708,0.066238409
TCGA-EE-A2MQ-06A-11D-A18Y_120718_SN1222_0126_AC117AACXX_s_4_rg.sorted.bam,180560004,174986067,5573937,0.030870275
TCGA-EE-A2MQ-10A-01D-A190_120718_SN1222_0126_AC117AACXX_s_8_rg.sorted.bam,198381652,191670132,6711520,0.033831355
TCGA-EE-A2MS-06A-11D-A18Y_120718_SN1222_0126_AC117AACXX_s_3_rg.sorted.bam,215118472,208347132,6771340,0.03147726
TCGA-EE-A2MS-10A-01D-A190_120718_SN1222_0126_AC117AACXX_s_7_rg.sorted.bam,255122302,245759989,9362313,0.036697352
TCGA-EE-A2MT-06A-11D-A18Y_120718_SN1222_0126_AC117AACXX_s_2_rg.sorted.bam,198589288,191458741,7130547,0.035906
TCGA-EE-A2MT-10A-01D-A190_120718_SN1222_0126_AC117AACXX_s_6_rg.sorted.bam,105743950,100943306,4800644,0.045398758
TCGA-EI-6917-01A-11D-1924-10_wgs_Illumina.bam,2.44E+09,2.30E+09,137410000,0.056272447
TCGA-EI-6917-10A-01D-1924-10_wgs_Illumina.bam,1012620754,959958006,52662748,0.052006388
TCGA-EJ-5494-01A-01D-1572_130125_SN208_0451_BD1RB1ACXX_s_7_rg.sorted.bam,512485074,484442855,28042219,0.054718118
TCGA-EJ-5494-10A-01D-1573_130125_SN208_0451_BD1RB1ACXX_s_8_rg.sorted.bam,460852354,433497796,27354558,0.059356446
TCGA-EJ-5495-01A-01D-1572_130125_SN1120_0233_AD1K3HACXX_s_1_rg.sorted.bam,554107144,527374600,26732544,0.048244359
TCGA-EJ-5495-10A-01D-1573_130125_SN1120_0233_AD1K3HACXX_s_2_rg.sorted.bam,518180122,494061696,24118426,0.046544483
TCGA-EJ-5496-01A-01D-1572_130125_SN1120_0233_AD1K3HACXX_s_3_rg.sorted.bam,528784230,502780524,26003706,0.049176402
TCGA-EJ-5496-10A-01D-1573_130125_SN1120_0233_AD1K3HACXX_s_4_rg.sorted.bam,542778576,514941577,27836999,0.051286105
TCGA-EJ-5497-01A-02D-1572_130125_SN1120_0233_AD1K3HACXX_s_5_rg.sorted.bam,469454370,448380997,21073373,0.044889076
TCGA-EJ-5497-10A-01D-1573_130125_SN1120_0233_AD1K3HACXX_s_6_rg.sorted.bam,452764772,425241568,27523204,0.060789191
TCGA-EJ-5498-01A-01D-1572_130125_SN1120_0233_AD1K3HACXX_s_7_rg.sorted.bam,497388684,473996207,23392477,0.047030577
TCGA-EJ-5498-10A-01D-1573_130125_SN1120_0233_AD1K3HACXX_s_8_rg.sorted.bam,484966452,467355817,17610635,0.036313099
TCGA-EJ-5499-01A-01D-1572_130223_SN590_0214_BC1UJ3ACXX_s_1_rg.sorted.bam,475705126,450472090,25233036,0.053043439
TCGA-EJ-5499-10A-01D-1573_130223_SN590_0214_BC1UJ3ACXX_s_2_rg.sorted.bam,334821934,307591268,27230666,0.0813288
TCGA-EJ-5501-01A-01D-1572_130223_SN590_0214_BC1UJ3ACXX_s_3_rg.sorted.bam,517825814,480307284,37518530,0.072453958
TCGA-EJ-5501-10A-01D-1573_130223_SN590_0214_BC1UJ3ACXX_s_4_rg.sorted.bam,509906386,473236983,36669403,0.071913991
TCGA-EJ-5502-01A-01D-1572_130329_SN590_0221_BD1WHDACXX_s_5_rg.sorted.bam,441000348,419351656,21648692,0.049089966
TCGA-EJ-5502-10A-01D-1573_130223_SN590_0214_BC1UJ3ACXX_s_6_rg.sorted.bam,419207784,397911847,21295937,0.050800433
TCGA-EJ-5503-01A-01D-1572_130223_SN590_0214_BC1UJ3ACXX_s_7_rg.sorted.bam,431278628,411031810,20246818,0.046946027
TCGA-EJ-5503-10A-01D-1573_130223_SN590_0214_BC1UJ3ACXX_s_8_rg.sorted.bam,482818104,452026891,30791213,0.06377394
TCGA-EJ-5504-01A-01D-1572_130315_SN590_0220_BD1WFMACXX_s_1_rg.sorted.bam,547316582,502978194,44338388,0.081010496
TCGA-EJ-5504-10A-01D-1573_130315_SN590_0220_BD1WFMACXX_s_2_rg.sorted.bam,571637462,474954706,96682756,0.169132995
TCGA-EJ-5505-01A-01D-1572_130315_SN590_0220_BD1WFMACXX_s_3_rg.sorted.bam,563202490,496394448,66808042,0.118621709
TCGA-EJ-5505-10A-01D-1573_130315_SN590_0220_BD1WFMACXX_s_4_rg.sorted.bam,561264694,502589173,58675521,0.104541621
TCGA-EJ-5506-01A-01D-1572_130315_SN590_0220_BD1WFMACXX_s_5_rg.sorted.bam,425978564,404566829,21411735,0.050264818
TCGA-EJ-5506-10A-01D-1573_130315_SN590_0220_BD1WFMACXX_s_6_rg.sorted.bam,521060992,487369035,33691957,0.064660294
TCGA-EJ-5507-01A-01D-1572_130315_SN590_0220_BD1WFMACXX_s_7_rg.sorted.bam,562803856,509123122,53680734,0.095380892
TCGA-EJ-5507-10A-01D-1573_130315_SN590_0220_BD1WFMACXX_s_8_rg.sorted.bam,559555150,501452317,58102833,0.103837545
TCGA-EJ-5508-01A-02D-1572_130308_SN590_0219_BC1UVPACXX_s_1_rg.sorted.bam,567809158,471462985,96346173,0.169680555
TCGA-EJ-5508-10A-01D-1573_130308_SN590_0219_BC1UVPACXX_s_2_rg.sorted.bam,567893028,494661050,73231978,0.128953825
TCGA-EJ-5509-01A-01D-1572_130308_SN590_0219_BC1UVPACXX_s_3_rg.sorted.bam,526694450,490946180,35748270,0.067872882
TCGA-EJ-5509-10A-01D-1573_130308_SN590_0219_BC1UVPACXX_s_4_rg.sorted.bam,565537882,492559154,72978728,0.129043041
TCGA-EJ-5510-01A-01D-1572_130308_SN590_0219_BC1UVPACXX_s_5_rg.sorted.bam,571705914,476533278,95172636,0.166471316
TCGA-EJ-5510-10A-01D-1573_130308_SN590_0219_BC1UVPACXX_s_6_rg.sorted.bam,480820614,449404662,31415952,0.065338197
TCGA-EJ-5511-01A-01D-1572_130308_SN590_0219_BC1UVPACXX_s_7_rg.sorted.bam,555977586,499200620,56776966,0.102120962
TCGA-EJ-5511-10A-01D-1573_130308_SN590_0219_BC1UVPACXX_s_8_rg.sorted.bam,539004746,491521047,47483699,0.088095141
TCGA-EJ-5512-01A-01D-1572_130131_SN1120_0234_AD1PVUACXX_s_5_rg.sorted.bam,530635592,504237071,26398521,0.04974887
TCGA-EJ-5512-10A-01D-1573_130131_SN1120_0234_AD1PVUACXX_s_6_rg.sorted.bam,528619140,499403884,29215256,0.055267117
TCGA-EJ-5514-01A-01D-1572_130131_SN1120_0234_AD1PVUACXX_s_7_rg.sorted.bam,561525838,530804652,30721186,0.054710191
TCGA-EJ-5514-10A-01D-1573_130131_SN1120_0234_AD1PVUACXX_s_8_rg.sorted.bam,610328996,574117219,36211777,0.059331569
TCGA-EJ-5515-01A-01D-1572_130131_SN1120_0235_BD1TAFACXX_s_1_rg.sorted.bam,444600738,424297144,20303594,0.045667027
TCGA-EJ-5515-10A-01D-1573_130131_SN1120_0235_BD1TAFACXX_s_2_rg.sorted.bam,523562316,497162596,26399720,0.050423262
TCGA-EJ-5516-01A-01D-1572_130131_SN1120_0235_BD1TAFACXX_s_3_rg.sorted.bam,467163426,424650056,42513370,0.091003207
TCGA-EJ-5516-10A-01D-1573_130131_SN1120_0235_BD1TAFACXX_s_4_rg.sorted.bam,505176268,478255255,26921013,0.053290336
TCGA-EJ-5517-01A-01D-1572_130131_SN1120_0235_BD1TAFACXX_s_5_rg.sorted.bam,482962254,457894667,25067587,0.051903822
TCGA-EJ-5517-10A-01D-1573_130131_SN1120_0235_BD1TAFACXX_s_6_rg.sorted.bam,515101826,487449613,27652213,0.053683003
TCGA-EJ-5518-01A-01D-1572_130131_SN1120_0235_BD1TAFACXX_s_7_rg.sorted.bam,538994002,509440760,29553242,0.054830373
TCGA-EJ-5518-10A-01D-1573_130131_SN1120_0235_BD1TAFACXX_s_8_rg.sorted.bam,629902354,583498953,46403401,0.07366761
TCGA-EJ-5519-01A-01D-1572_130218_SN208_0454_BD1TBTACXX_s_1_rg.sorted.bam,449774630,428736944,21037686,0.046773839
TCGA-EJ-5519-10A-01D-1573_130218_SN208_0454_BD1TBTACXX_s_2_rg.sorted.bam,444775170,422054435,22720735,0.051083641
TCGA-EJ-5521-01A-01D-1572_130218_SN208_0454_BD1TBTACXX_s_3_rg.sorted.bam,438957226,420056038,18901188,0.043059293
TCGA-EJ-5521-10A-01D-1573_130218_SN208_0454_BD1TBTACXX_s_4_rg.sorted.bam,470570614,447789028,22781586,0.048412683
TCGA-EJ-5522-01A-01D-1572_130218_SN208_0454_BD1TBTACXX_s_5_rg.sorted.bam,442517352,422402397,20114955,0.045455743
TCGA-EJ-5522-10A-01D-1573_130218_SN208_0454_BD1TBTACXX_s_6_rg.sorted.bam,488013956,455688240,32325716,0.066239327
TCGA-EJ-5524-01A-01D-1572_130218_SN208_0454_BD1TBTACXX_s_7_rg.sorted.bam,462404516,441314294,21090222,0.045609896
TCGA-EJ-5524-10A-01D-1573_130218_SN208_0454_BD1TBTACXX_s_8_rg.sorted.bam,422877722,406225049,16652673,0.039379405
TCGA-EJ-5525-01A-01D-1572_130221_SN1120_0238_AC1TDEACXX_s_1_rg.sorted.bam,427782906,411684322,16098584,0.037632602
TCGA-EJ-5525-10A-01D-1573_130221_SN1120_0238_AC1TDEACXX_s_2_rg.sorted.bam,523675936,499226248,24449688,0.046688584
TCGA-EJ-5526-01A-01D-1572_130221_SN1120_0238_AC1TDEACXX_s_3_rg.sorted.bam,492507406,474057931,18449475,0.0374603
TCGA-EJ-5526-10A-01D-1573_130221_SN1120_0238_AC1TDEACXX_s_4_rg.sorted.bam,483234100,465895696,17338404,0.035879927
TCGA-EJ-5527-01A-01D-1572_130221_SN1120_0238_AC1TDEACXX_s_5_rg.sorted.bam,457442518,439844934,17597584,0.038469498
TCGA-EJ-5527-10A-01D-1573_130221_SN1120_0238_AC1TDEACXX_s_6_rg.sorted.bam,496878838,476047158,20831680,0.04192507
TCGA-EJ-5530-01A-01D-1572_130221_SN1120_0238_AC1TDEACXX_s_7_rg.sorted.bam,488077790,469545654,18532136,0.037969636
TCGA-EJ-5530-10A-01D-1573_130221_SN1120_0238_AC1TDEACXX_s_8_rg.sorted.bam,569922828,542024103,27898725,0.048951759
TCGA-EJ-5531-01A-01D-1572_130221_SN1120_0239_BD1V59ACXX_s_1_rg.sorted.bam,546891046,519763521,27127525,0.049603162
TCGA-EJ-5531-10A-01D-1573_130221_SN1120_0239_BD1V59ACXX_s_2_rg.sorted.bam,518610672,490934597,27676075,0.053365803
TCGA-EJ-5532-01A-01D-1572_130221_SN1120_0239_BD1V59ACXX_s_3_rg.sorted.bam,493482152,474246072,19236080,0.038980295
TCGA-EJ-5532-10A-01D-1573_130221_SN1120_0239_BD1V59ACXX_s_4_rg.sorted.bam,534553202,510411275,24141927,0.045162814
TCGA-EJ-5542-01A-01D-1572_130221_SN1120_0239_BD1V59ACXX_s_5_rg.sorted.bam,470665740,451953184,18712556,0.039757634
TCGA-EJ-5542-10A-01D-1573_130221_SN1120_0239_BD1V59ACXX_s_6_rg.sorted.bam,468744618,445343321,23401297,0.04992334
TCGA-EJ-7125-01A-11D-1957_130221_SN1120_0239_BD1V59ACXX_s_7_rg.sorted.bam,390659770,377766188,12893582,0.033004632
TCGA-EJ-7125-10A-01D-1957_130221_SN1120_0239_BD1V59ACXX_s_8_rg.sorted.bam,422938550,408857568,14080982,0.03329321
TCGA-EJ-7317-01A-31D-2111_130422_SN590_0225_BD23TLACXX_s_6_rg.sorted.bam,463057210,439845962,23211248,0.050126091
TCGA-EJ-7317-10A-01D-2111_130422_SN590_0225_BD23TLACXX_s_7_rg.sorted.bam,521575520,485687914,35887606,0.068806155
TCGA-EJ-7327-01A-11D-2111_130422_SN590_0225_BD23TLACXX_s_8_rg.sorted.bam,479438472,453054058,26384414,0.055031908
TCGA-EJ-7327-10A-01D-2111_130607_SN590_0232_BD26R5ACXX_s_1_rg.sorted.bam,508121874,474994877,33126997,0.065194983
TCGA-EJ-7328-01A-31D-2111_130502_SN590_0228_AD24A9ACXX_s_2_rg.sorted.bam,539776926,460129387,79647539,0.147556398
TCGA-EJ-7328-10A-01D-2111_130502_SN590_0228_AD24A9ACXX_s_3_rg.sorted.bam,524215168,477888233,46326935,0.088373893
TCGA-EJ-7331-01A-11D-2111_130502_SN590_0228_AD24A9ACXX_s_4_rg.sorted.bam,504327072,461424452,42902620,0.08506904
TCGA-EJ-7331-10A-01D-2111_130502_SN590_0228_AD24A9ACXX_s_5_rg.sorted.bam,524866728,474737609,50129119,0.095508281
TCGA-EJ-7781-01A-11D-2111_130502_SN590_0228_AD24A9ACXX_s_6_rg.sorted.bam,528446742,472606285,55840457,0.105669034
TCGA-EJ-7781-10A-01D-2111_130502_SN590_0228_AD24A9ACXX_s_7_rg.sorted.bam,549265354,482000108,67265246,0.122464025
TCGA-EJ-7782-01A-11D-2111_130502_SN590_0228_AD24A9ACXX_s_8_rg.sorted.bam,561078094,470892738,90185356,0.160735835
TCGA-EJ-7782-10A-01D-2111_130502_SN590_0229_BD2459ACXX_s_1_rg.sorted.bam,544252838,485560107,58692731,0.107840928
TCGA-EJ-7784-01A-11D-2111_130502_SN590_0229_BD2459ACXX_s_2_rg.sorted.bam,547291526,480846531,66444995,0.12140695
TCGA-EJ-7784-10A-01D-2111_130502_SN590_0229_BD2459ACXX_s_3_rg.sorted.bam,561581128,480024193,81556935,0.145227343
TCGA-EJ-7785-01A-11D-2111_130502_SN590_0229_BD2459ACXX_s_4_rg.sorted.bam,545214416,470761852,74452564,0.136556485
TCGA-EJ-7785-10A-01D-2111_130502_SN590_0229_BD2459ACXX_s_5_rg.sorted.bam,559320434,481829301,77491133,0.138545149
TCGA-EK-A2PL-01A-11D-A18I_140204_SN208_0508_BC2R1UACXX_s_1_rg.sorted.bam,440338040,422326557,18011483,0.040903763
TCGA-EK-A2PL-10A-01D-A18I_140204_SN208_0508_BC2R1UACXX_s_5_rg.sorted.bam,460838276,441346464,19491812,0.042296426
TCGA-EK-A2PM-01A-11D-A18I_140204_SN208_0508_BC2R1UACXX_s_2_rg.sorted.bam,475738712,454150901,21587811,0.045377453
TCGA-EK-A2PM-10A-01D-A18I_140204_SN208_0508_BC2R1UACXX_s_6_rg.sorted.bam,477172812,455386079,21786733,0.045657951
TCGA-EK-A2R7-01A-11D-A18I_140204_SN208_0508_BC2R1UACXX_s_3_rg.sorted.bam,458361570,438682926,19678644,0.042932578
TCGA-EK-A2R7-10A-01D-A18I_140204_SN208_0508_BC2R1UACXX_s_7_rg.sorted.bam,425137246,408789623,16347623,0.038452578
TCGA-EK-A2R8-01A-21D-A18I_140204_SN208_0508_BC2R1UACXX_s_4_rg.sorted.bam,460120924,441072395,19048529,0.041398963
TCGA-EK-A2R8-10A-01D-A18I_140204_SN208_0508_BC2R1UACXX_s_8_rg.sorted.bam,436612684,419399586,17213098,0.039424182
TCGA-EK-A2RD-01A-12D-A20X_140117_SN590_0245_AC371LACXX_s_2_rg.sorted.bam,390066174,375343475,14722699,0.037744106
TCGA-EK-A2RD-10A-01D-A20X_140117_SN590_0245_AC371LACXX_s_6_rg.sorted.bam,388873254,373185318,15687936,0.040342029
TCGA-EK-A2RN-01A-12D-A20X_140117_SN590_0246_BC37BDACXX_s_2_rg.sorted.bam,350585852,338589696,11996156,0.034217456
TCGA-EK-A2RN-10A-01D-A20X_140117_SN590_0246_BC37BDACXX_s_5_rg.sorted.bam,281833288,271934636,9898652,0.035122366
TCGA-EK-A3GJ-01A-21D-A20X_140106_SN590_0243_AC371BACXX_s_1_rg.sorted.bam,364774800,351905193,12869607,0.035280965
TCGA-EK-A3GJ-11A-11D-A20X_140106_SN590_0243_AC371BACXX_s_5_rg.sorted.bam,352926934,339996508,12930426,0.036637685
TCGA-EK-A3GM-01A-11D-A20X_140131_SN590_0247_AC3FDBACXX_s_4_rg.sorted.bam,353096626,339843758,13252868,0.037533262
TCGA-EK-A3GM-10A-01D-A20X_140131_SN590_0247_AC3FDBACXX_s_7_rg.sorted.bam,339391864,327175273,12216591,0.035995533
TCGA-EK-A3GN-01A-11D-A20X_140417_SN590_0248_AC3EUFACXX_s_2_rg.sorted.bam,343318954,330742345,12576609,0.036632434
TCGA-EK-A3GN-10A-01D-A20X_140417_SN590_0248_AC3EUFACXX_s_5_rg.sorted.bam,424018636,403862020,20156616,0.047537099
TCGA-EK-A3GN-10A-01D-A20X_140417_SN590_0248_AC3EUFACXX_s_7_rg.sorted.bam,377423986,361613428,15810558,0.041890708
TCGA-EL-A3T6-01A-11D-A221_120523_SN1222_0108_AC0VL4ACXX_s_7_rg.sorted.bam,369074608,355961634,13112974,0.035529331
TCGA-EL-A3T6-11A-11D-A221_120523_SN1222_0108_AC0VL4ACXX_s_8_rg.sorted.bam,336099872,324398631,11701241,0.034814774
TCGA-EM-A1CS-01A-11D-A13U_120711_SN1120_0173_AC0WN6ACXX_s_5_rg.sorted.bam,388708262,370358722,18349540,0.047206457
TCGA-EM-A1CS-10A-01D-A13U_120711_SN1120_0173_AC0WN6ACXX_s_7_rg.sorted.bam,418068374,395989398,22078976,0.052811878
TCGA-EM-A1CU-01A-11D-A13U_120706_SN1120_0170_BD1422ACXX_s_3_rg.sorted.bam,337021668,325072452,11949216,0.035455335
TCGA-EM-A1CU-10A-02D-A13U_120706_SN1120_0170_BD1422ACXX_s_5_rg.sorted.bam,328251998,316525726,11726272,0.035723383
TCGA-EM-A1CU-11A-11D-A13U_120706_SN1222_0123_BD1488ACXX_s_8_rg.sorted.bam,265136620,256494805,8641815,0.032593819
TCGA-EM-A1CV-01A-11D-A13U_120706_SN1222_0122_AC0WPYACXX_s_4_rg.sorted.bam,349357114,335697275,13659839,0.039099931
TCGA-EM-A1CV-10A-01D-A13U_120706_SN1222_0122_AC0WPYACXX_s_5_rg.sorted.bam,333727824,320559630,13168194,0.039457885
TCGA-EM-A1CV-11A-11D-A13U_120706_SN1222_0122_AC0WPYACXX_s_3_rg.sorted.bam,378213800,363371989,14841811,0.039241855
TCGA-EM-A1CW-01A-21D-A13U_120706_SN1222_0122_AC0WPYACXX_s_7_rg.sorted.bam,516889864,491613759,25276105,0.048900369
TCGA-EM-A1CW-10A-01D-A13U_120706_SN1222_0122_AC0WPYACXX_s_8_rg.sorted.bam,219478638,211977018,7501620,0.034179272
TCGA-EM-A1CW-11A-12D-A13U_120706_SN1222_0122_AC0WPYACXX_s_6_rg.sorted.bam,405814948,389507785,16307163,0.040183742
TCGA-EM-A1YA-01A-11D-A14U_120629_SN1222_0121_BD143UACXX_s_2_rg.sorted.bam,307852776,295598932,12253844,0.039804234
TCGA-EM-A1YA-10A-01D-A14U_120629_SN1222_0121_BD143UACXX_s_5_rg.sorted.bam,241344390,231927467,9416923,0.039018612
TCGA-EM-A1YB-01A-11D-A14U_120717_SN1120_0175_AC1179ACXX_s_1_rg.sorted.bam,350692296,334714430,15977866,0.045560927
TCGA-EM-A1YB-10A-01D-A14U_120717_SN1120_0175_AC1179ACXX_s_3_rg.sorted.bam,349687350,335341185,14346165,0.041025691
TCGA-EM-A1YC-01A-11D-A14U_120629_SN1120_0167_AC0WMBACXX_s_7_rg.sorted.bam,287810418,276537207,11273211,0.039168877
TCGA-EM-A1YC-11A-11D-A14U_120629_SN1120_0167_AC0WMBACXX_s_8_rg.sorted.bam,254383440,243971548,10411892,0.040929913
TCGA-EM-A1YD-01A-11D-A14U_120629_SN1120_0168_BD1454ACXX_s_5_rg.sorted.bam,258199076,249113431,9085645,0.035188526
TCGA-EM-A1YD-11A-11D-A14U_120629_SN1120_0168_BD1454ACXX_s_7_rg.sorted.bam,195148422,188695776,6452646,0.033065325
TCGA-EM-A1YE-01A-11D-A14U_120629_SN1222_0120_AC0WKWACXX_s_3_rg.sorted.bam,266042774,255501327,10541447,0.039623128
TCGA-EM-A1YE-11A-11D-A14U_120629_SN1222_0120_AC0WKWACXX_s_6_rg.sorted.bam,285493438,274583937,10909501,0.038212791
TCGA-EM-A3FR-01A-11D-A221_120610_SN1120_0152_BD13TDACXX_s_6_rg.sorted.bam,327772708,313689114,14083594,0.042967562
TCGA-EM-A3FR-10A-01D-A221_120610_SN1120_0152_BD13TDACXX_s_3_rg.sorted.bam,262433514,253844817,8588697,0.032727135
TCGA-EM-A3O3-01A-11D-A221_120611_SN1222_0115_BD141KACXX_s_5_rg.sorted.bam,368494390,354988267,13506123,0.036652181
TCGA-EM-A3O3-10A-01D-A221_120611_SN1222_0115_BD141KACXX_s_6_rg.sorted.bam,406940826,391379753,15561073,0.038239154
TCGA-EM-A3O6-01A-11D-A221_120524_SN1120_0144_AC0VNCACXX_s_1_rg.sorted.bam,380439412,365300984,15138428,0.039791955
TCGA-EM-A3O6-10A-01D-A221_120524_SN1120_0144_AC0VNCACXX_s_4_rg.sorted.bam,316620784,305148685,11472099,0.036232931
TCGA-EM-A3O7-01A-11D-A221_120524_SN1120_0145_BD12MWACXX_s_1_rg.sorted.bam,424889508,407484514,17404994,0.040963577
TCGA-EM-A3O7-10A-01D-A221_120524_SN1120_0145_BD12MWACXX_s_3_rg.sorted.bam,363345300,350889238,12456062,0.03428161
TCGA-EM-A3O8-01A-11D-A221_120530_SN1222_0111_BD12L1ACXX_s_2_rg.sorted.bam,356455676,344773036,11682640,0.032774454
TCGA-EM-A3O8-10A-01D-A221_120530_SN1222_0111_BD12L1ACXX_s_4_rg.sorted.bam,311077204,300647357,10429847,0.033528162
TCGA-EM-A3O9-01A-11D-A221_120530_SN1222_0111_BD12L1ACXX_s_6_rg.sorted.bam,264839656,256616940,8222716,0.031047903
TCGA-EM-A3O9-10A-01D-A221_120530_SN1222_0111_BD12L1ACXX_s_8_rg.sorted.bam,341924202,329595812,12328390,0.036055915
TCGA-EM-A3OA-01A-11D-A221_120610_SN1120_0151_AC0WN0ACXX_s_6_rg.sorted.bam,328233408,317154273,11079135,0.033753831
TCGA-EM-A3OA-10A-01D-A221_120610_SN1120_0151_AC0WN0ACXX_s_8_rg.sorted.bam,339740518,327073502,12667016,0.037284384
TCGA-EM-A3OB-01A-11D-A221_120610_SN1120_0152_BD13TDACXX_s_7_rg.sorted.bam,303584702,292296150,11288552,0.037184193
TCGA-EM-A3OB-10A-01D-A221_120610_SN1120_0152_BD13TDACXX_s_8_rg.sorted.bam,355849240,341465679,14383561,0.040420379
TCGA-EP-A26S-01A-11D-A16V-10_wgs_Illumina.bam,2.27E+09,2.16E+09,110340000,0.048583317
TCGA-EP-A26S-10A-01D-A16V-10_wgs_Illumina.bam,1078302676,1015515162,62787514,0.058228098
TCGA-EP-A2KA-01A-11D-A183-10_wgs_Illumina.bam,2.45E+09,2.32E+09,124250000,0.05079016
TCGA-EP-A2KA-10A-01D-A183-10_wgs_Illumina.bam,1071942202,1020737554,51204648,0.047768105
TCGA-EP-A2KB-01A-11D-A183-10_wgs_Illumina.bam,2.23E+09,2114896161,112973839,0.05070935
TCGA-EP-A2KB-10A-01D-A183-10_wgs_Illumina.bam,1163353536,1107056615,56296921,0.048391928
TCGA-EP-A3RK-01A-11D-A22F-10_wgs_Illumina.bam,2.42E+09,2.22E+09,194700000,0.080517429
TCGA-EP-A3RK-10A-01D-A22F-10_wgs_Illumina.bam,1141958464,1082795986,59162478,0.051807907
TCGA-EQ-5647-01A-01D-1598_130110_SN1222_0167_AC1JPDACXX_s_7_rg.sorted.bam,232709954,226304132,6405822,0.027527065
TCGA-EQ-5647-10A-01D-1598_130110_SN1222_0167_AC1JPDACXX_s_8_rg.sorted.bam,281044250,272960198,8084052,0.028764339
TCGA-EQ-8122-01A-11R-2343-13_rnaseq.bam,266366464,213372161,52994303,0.198952609
TCGA-EQ-A4SO-01A-11R-A251-31_rnaseq.bam,293790706,264526784,29263922,0.099608059
TCGA-ER-A193-06A-12D-A18Y_120718_SN1222_0126_AC117AACXX_s_1_rg.sorted.bam,212485474,205102484,7382990,0.034745857
TCGA-ER-A193-10A-01D-A190_120718_SN1222_0126_AC117AACXX_s_5_rg.sorted.bam,253145226,243331573,9813653,0.038766889
TCGA-ER-A194-01A-11D-A18Y_120723_SN1120_0178_BD1887ACXX_s_4_rg.sorted.bam,429343614,410018302,19325312,0.045011295
TCGA-ER-A194-10A-01D-A190_120723_SN1120_0178_BD1887ACXX_s_8_rg.sorted.bam,522628822,491801550,30827272,0.058985021
TCGA-ER-A196-01A-11D-A18Y_120723_SN1120_0178_BD1887ACXX_s_3_rg.sorted.bam,445840660,426945186,18895474,0.042381675
TCGA-ER-A196-10A-01D-A190_120723_SN1120_0178_BD1887ACXX_s_7_rg.sorted.bam,456833798,435395487,21438311,0.046928032
TCGA-ER-A197-06A-32D-A18Y_120729_SN1120_0179_AC11G3ACXX_s_2_rg.sorted.bam,147826944,143393389,4433555,0.029991522
TCGA-ER-A197-10A-01D-A190_120723_SN1120_0178_BD1887ACXX_s_6_rg.sorted.bam,493222828,464666558,28556270,0.0578973
TCGA-ER-A199-06A-11D-A18Y_120729_SN1120_0179_AC11G3ACXX_s_1_rg.sorted.bam,133612402,128190341,5422061,0.040580522
TCGA-ER-A199-10A-01D-A190_120723_SN1120_0178_BD1887ACXX_s_5_rg.sorted.bam,486194140,462719671,23474469,0.04828209
TCGA-ER-A19A-06A-21D-A18Y_120723_SN1120_0177_AC11GTACXX_s_4_rg.sorted.bam,396265050,379570101,16694949,0.042130763
TCGA-ER-A19A-10A-01D-A190_120723_SN1120_0177_AC11GTACXX_s_8_rg.sorted.bam,442811948,423716590,19095358,0.043122951
TCGA-ER-A19D-06A-11D-A18Y_120723_SN1120_0177_AC11GTACXX_s_3_rg.sorted.bam,358339302,339701992,18637310,0.052010231
TCGA-ER-A19D-10A-01D-A190_120723_SN1120_0177_AC11GTACXX_s_7_rg.sorted.bam,560376090,529995173,30380917,0.054215227
TCGA-ER-A19E-06A-11D-A18Y_120723_SN1120_0177_AC11GTACXX_s_2_rg.sorted.bam,411513688,396333210,15180478,0.036889363
TCGA-ER-A19E-10A-01D-A190_120723_SN1120_0177_AC11GTACXX_s_6_rg.sorted.bam,631108746,579186355,51922391,0.082271703
TCGA-ER-A19K-01A-21D-A18Y_120723_SN1120_0177_AC11GTACXX_s_1_rg.sorted.bam,416445026,393698842,22746184,0.054619896
TCGA-ER-A19K-10A-01D-A190_120723_SN1120_0177_AC11GTACXX_s_5_rg.sorted.bam,436981832,417901270,19080562,0.043664429
TCGA-ER-A19L-06A-12D-A18Y_120718_SN208_0416_BD140PACXX_s_4_rg.sorted.bam,297553624,286122818,11430806,0.038415953
TCGA-ER-A19L-10A-01D-A190_120718_SN208_0416_BD140PACXX_s_8_rg.sorted.bam,296881632,285201361,11680271,0.039343192
TCGA-ER-A19N-06A-11D-A18Y_120718_SN208_0416_BD140PACXX_s_3_rg.sorted.bam,321319158,306188872,15130286,0.04708803
TCGA-ER-A19N-10A-01D-A190_120718_SN208_0416_BD140PACXX_s_7_rg.sorted.bam,384652114,367386891,17265223,0.044885293
TCGA-ER-A19O-06A-11D-A18Y_120718_SN208_0416_BD140PACXX_s_2_rg.sorted.bam,297783564,285708647,12074917,0.040549306
TCGA-ER-A19O-10A-01D-A190_120718_SN208_0416_BD140PACXX_s_6_rg.sorted.bam,336670730,323419800,13250930,0.039358723
TCGA-ER-A19Q-06A-11D-A18Y_120718_SN208_0416_BD140PACXX_s_1_rg.sorted.bam,308483184,295530020,12953164,0.041989854
TCGA-ER-A19Q-10A-01D-A190_120718_SN208_0416_BD140PACXX_s_5_rg.sorted.bam,350777586,336900879,13876707,0.039559845
TCGA-ER-A19T-01A-11D-A18Z_120516_SN1222_0107_BD12HYACXX_s_8_rg.sorted.bam,307701552,294847269,12854283,0.041775165
TCGA-ER-A19T-06A-11D-A18Z_120520_SN590_0158_AC0J99ACXX_s_7_rg.sorted.bam,350359440,335794947,14564493,0.041570146
TCGA-ER-A19T-10A-01D-A18Z_120520_SN590_0158_AC0J99ACXX_s_8_rg.sorted.bam,329052190,316591500,12460690,0.037868431
TCGA-ER-A1A1-06A-11D-A18Y_120718_SN208_0415_AC116EACXX_s_3_rg.sorted.bam,210022488,202410638,7611850,0.036243024
TCGA-ER-A1A1-10A-01D-A190_120718_SN208_0415_AC116EACXX_s_7_rg.sorted.bam,277389354,267750213,9639141,0.034749499
TCGA-ER-A2NC-06A-11D-A18Y_120718_SN208_0415_AC116EACXX_s_2_rg.sorted.bam,204748734,198830638,5918096,0.028904188
TCGA-ER-A2NC-10A-01D-A190_120718_SN208_0415_AC116EACXX_s_6_rg.sorted.bam,340228434,326209872,14018562,0.041203382
TCGA-ER-A2NF-01A-11D-A18Z_120516_SN1222_0107_BD12HYACXX_s_7_rg.sorted.bam,321878238,306898628,14979610,0.046538126
TCGA-ER-A2NF-06A-11D-A18Z_120516_SN1222_0107_BD12HYACXX_s_2_rg.sorted.bam,392577198,372128132,20449066,0.052089286
TCGA-ER-A2NF-10A-01D-A18Z_120516_SN1222_0107_BD12HYACXX_s_4_rg.sorted.bam,421673284,390343052,31330232,0.074299779
TCGA-ES-A2HS-01A-11D-A183-10_wgs_Illumina.bam,2.30E+09,2.17E+09,138710000,0.060194849
TCGA-ES-A2HS-11A-11D-A183-10_wgs_Illumina.bam,1187097122,1129686606,57410516,0.048362105
TCGA-ES-A2HT-01A-12D-A183-10_wgs_Illumina.bam,2110123140,1982165973,127957167,0.060639668
TCGA-ES-A2HT-11A-11D-A183-10_wgs_Illumina.bam,1172416270,1106501310,65914960,0.056221465
TCGA-ET-A25J-01A-11D-A16N_120718_SN590_0169_AC0WL7ACXX_s_1_rg.sorted.bam,381663484,361715047,19948437,0.052267083
TCGA-ET-A25J-11A-01D-A16N_120718_SN590_0169_AC0WL7ACXX_s_3_rg.sorted.bam,402172122,380896877,21275245,0.052900845
TCGA-ET-A25K-01A-11D-A16N_120717_SN1120_0176_BC1178ACXX_s_7_rg.sorted.bam,234034244,224181265,9852979,0.042100587
TCGA-ET-A25K-10A-01D-A16N_120717_SN1120_0176_BC1178ACXX_s_8_rg.sorted.bam,216083800,207778364,8305436,0.038436181
TCGA-ET-A25L-01A-11D-A16N_120718_SN590_0169_AC0WL7ACXX_s_6_rg.sorted.bam,373612490,355841816,17770674,0.047564454
TCGA-ET-A25L-10A-01D-A16N_120718_SN590_0170_BD141RACXX_s_2_rg.sorted.bam,380075300,360652707,19422593,0.051101961
TCGA-ET-A25M-01A-11D-A16N_120718_SN590_0170_BD141RACXX_s_6_rg.sorted.bam,319371608,304162949,15208659,0.047620573
TCGA-ET-A25M-10A-01D-A16N_120718_SN590_0170_BD141RACXX_s_8_rg.sorted.bam,307732510,292526660,15205850,0.049412556
TCGA-ET-A25N-01A-11D-A16N_120718_SN590_0169_AC0WL7ACXX_s_7_rg.sorted.bam,248586804,238964332,9622472,0.0387087
TCGA-ET-A25N-11A-01D-A16N_120718_SN590_0170_BD141RACXX_s_3_rg.sorted.bam,369867830,350723883,19143947,0.051758886
TCGA-ET-A25R-01A-11D-A16N_120805_SN208_0422_BD16VPACXX_s_4_rg.sorted.bam,558985260,499655127,59330133,0.106138994
TCGA-ET-A25R-10A-01D-A16N_120805_SN208_0422_BD16VPACXX_s_7_rg.sorted.bam,556624790,498845365,57779425,0.103803183
TCGA-EX-A1H6-01B-11D-A232_140124_SN208_0506_BC2PD5ACXX_s_3_rg.sorted.bam,399206712,385040345,14166367,0.035486295
TCGA-EX-A1H6-10A-01D-A232_140124_SN208_0506_BC2PD5ACXX_s_8_rg.sorted.bam,461060718,441108378,19952340,0.043274864
TCGA-EX-A3L1-01A-11D-A245_140124_SN1440_0178_AC2PL6ACXX_s_6_rg.sorted.bam,413362752,395852139,17510613,0.042361371
TCGA-EX-A3L1-10A-01D-A245_140124_SN1440_0179_BD2DRDACXX_s_5_rg.sorted.bam,433743266,416574817,17168449,0.039582053
TCGA-EY-A1GC-01A-11D-A13I_120516_SN1222_0107_BD12HYACXX_s_5_rg.sorted.bam,422070232,394575768,27494464,0.065141917
TCGA-EY-A1GC-10A-01D-A13M_120516_SN1222_0107_BD12HYACXX_s_6_rg.sorted.bam,404864904,379606459,25258445,0.062387341
TCGA-F1-6177-01A-11R-1802-13_rnaseq.bam,206391854,174438087,31953767,0.154820873
TCGA-F1-6874-01A-11D-1880_121220_SN1120_0207_BC1JALACXX_s_7_rg.sorted.bam,594885678,463713314,131172364,0.220500121
TCGA-F1-6874-01A-11R-1884-13_rnaseq.bam,273037498,246196055,26841443,0.098306801
TCGA-F1-6874-10A-01D-1880_121220_SN1120_0207_BC1JALACXX_s_8_rg.sorted.bam,599662014,469603049,130058965,0.216887116
TCGA-F1-6875-01A-11R-2055-13_rnaseq.bam,187818502,176789062,11029440,0.058723927
TCGA-F1-A448-01A-11R-A24K-31_rnaseq.bam,246797328,211253110,35544218,0.144021892
TCGA-F1-A72C-01A-21R-A33Y-31_rnaseq.bam,207119424,97466945,109652479,0.529416686
TCGA-F5-6814-01A-31D-1924-10_wgs_Illumina.bam,2.36E+09,2.22E+09,132890000,0.056396306
TCGA-F5-6814-10A-01D-1924-10_wgs_Illumina.bam,1174277126,1102078004,72199122,0.061483887
TCGA-FD-A3B3-01A-12D-A204_121002_SN1222_0155_BD1ERHACXX_s_7_rg.sorted.bam,452129174,434776586,17352588,0.038379713
TCGA-FD-A3B3-10A-01D-A204_121002_SN1222_0155_BD1ERHACXX_s_8_rg.sorted.bam,431703796,415078097,16625699,0.03851182
TCGA-FD-A3B4-01A-12D-A204_121002_SN1222_0155_BD1ERHACXX_s_3_rg.sorted.bam,402025844,387930869,14094975,0.035059873
TCGA-FD-A3B4-10A-01D-A204_121002_SN1222_0155_BD1ERHACXX_s_4_rg.sorted.bam,446289578,429118878,17170700,0.038474347
TCGA-FD-A3B5-01A-11D-A210_120912_SN1120_0192_AC18ALACXX_s_1_rg.sorted.bam,497253888,465737890,31515998,0.063380094
TCGA-FD-A3B5-10A-01D-A210_120912_SN1120_0192_AC18ALACXX_s_2_rg.sorted.bam,478506182,448195968,30310214,0.063343412
TCGA-FD-A3B6-01A-21D-A210_120912_SN1120_0192_AC18ALACXX_s_3_rg.sorted.bam,549557322,502815443,46741879,0.085053692
TCGA-FD-A3B6-10A-01D-A210_120912_SN1120_0192_AC18ALACXX_s_4_rg.sorted.bam,482037490,452434279,29603211,0.061412674
TCGA-FD-A3B7-01A-31D-A210_120912_SN1120_0192_AC18ALACXX_s_5_rg.sorted.bam,540198164,501253872,38944292,0.072092603
TCGA-FD-A3B7-10A-01D-A210_120912_SN1120_0192_AC18ALACXX_s_6_rg.sorted.bam,434780804,408761342,26019462,0.059845011
TCGA-FD-A3B8-01A-31D-A210_120912_SN1120_0192_AC18ALACXX_s_7_rg.sorted.bam,503659146,470679303,32979843,0.065480481
TCGA-FD-A3B8-10A-01D-A210_120912_SN1120_0192_AC18ALACXX_s_8_rg.sorted.bam,439901154,414171357,25729797,0.058489951
TCGA-FD-A3N5-01A-11D-A21C_120830_SN590_0177_BD141PACXX_s_5_rg.sorted.bam,279387804,270388031,8999773,0.032212476
TCGA-FD-A3N5-10A-01D-A21C_120830_SN590_0177_BD141PACXX_s_6_rg.sorted.bam,172107702,166473194,5634508,0.032738268
TCGA-FD-A3N6-01A-11D-A21C_120830_SN590_0177_BD141PACXX_s_3_rg.sorted.bam,198437436,192975348,5462088,0.027525492
TCGA-FD-A3N6-10A-01D-A21C_120830_SN590_0177_BD141PACXX_s_4_rg.sorted.bam,243873876,235884895,7988981,0.032758658
TCGA-FD-A3NA-01A-11D-A21C_120830_SN590_0177_BD141PACXX_s_1_rg.sorted.bam,405679302,388067113,17612189,0.043414068
TCGA-FD-A3NA-10A-01D-A21C_120830_SN590_0177_BD141PACXX_s_2_rg.sorted.bam,416668058,398485176,18182882,0.043638771
TCGA-FD-A3SJ-01A-12D-A233_120830_SN208_0423_AC190AACXX_s_1_rg.sorted.bam,396895182,382094438,14800744,0.037291317
TCGA-FD-A3SJ-10A-01D-A233_120830_SN208_0423_AC190AACXX_s_2_rg.sorted.bam,332556076,321506090,11049986,0.033227437
TCGA-FD-A3SL-01A-21D-A233_120830_SN208_0423_AC190AACXX_s_3_rg.sorted.bam,399078920,383403644,15675276,0.039278637
TCGA-FD-A3SL-10A-01D-A233_120830_SN208_0423_AC190AACXX_s_4_rg.sorted.bam,329908780,318854292,11054488,0.033507711
TCGA-FD-A3SM-01A-11D-A233_120830_SN208_0423_AC190AACXX_s_5_rg.sorted.bam,343839768,332291201,11548567,0.03358706
TCGA-FD-A3SM-10A-01D-A233_120830_SN208_0423_AC190AACXX_s_6_rg.sorted.bam,365170044,352249887,12920157,0.035381207
TCGA-FD-A3SN-01A-12D-A233_120830_SN208_0423_AC190AACXX_s_7_rg.sorted.bam,359330750,346798256,12532494,0.034877321
TCGA-FD-A3SN-10A-01D-A233_120830_SN208_0423_AC190AACXX_s_8_rg.sorted.bam,418187474,400841789,17345685,0.041478251
TCGA-FD-A3SO-01A-11D-A233_120830_SN208_0424_BD1DKLACXX_s_1_rg.sorted.bam,490973402,461801373,29172029,0.05941672
TCGA-FD-A3SO-10A-01D-A233_120830_SN208_0424_BD1DKLACXX_s_2_rg.sorted.bam,499938204,470322373,29615831,0.059238983
TCGA-FD-A3SP-01A-31D-A233_120830_SN208_0424_BD1DKLACXX_s_3_rg.sorted.bam,455387582,432665839,22721743,0.049895394
TCGA-FD-A3SP-10A-01D-A233_120830_SN208_0424_BD1DKLACXX_s_4_rg.sorted.bam,479949180,454138782,25810398,0.053777356
TCGA-FD-A3SQ-01A-21D-A233_120830_SN208_0424_BD1DKLACXX_s_5_rg.sorted.bam,489925332,461356780,28568552,0.058312053
TCGA-FD-A3SQ-10A-01D-A233_120830_SN208_0424_BD1DKLACXX_s_6_rg.sorted.bam,480270254,453263378,27006876,0.056232664
TCGA-FD-A3SR-01A-11D-A233_120830_SN208_0424_BD1DKLACXX_s_7_rg.sorted.bam,433804460,414327884,19476576,0.044897132
TCGA-FD-A3SR-10A-01D-A233_120830_SN208_0424_BD1DKLACXX_s_8_rg.sorted.bam,487261922,459191511,28070411,0.057608464
TCGA-FD-A3SS-01A-12D-A233_120905_SN1120_0187_AD1E4NACXX_s_1_rg.sorted.bam,366926396,351335193,15591203,0.042491364
TCGA-FD-A3SS-10A-01D-A233_120905_SN1120_0187_AD1E4NACXX_s_2_rg.sorted.bam,399523246,381979317,17543929,0.043912161
TCGA-FE-A22Z-01A-11D-A16N_120805_SN208_0422_BD16VPACXX_s_3_rg.sorted.bam,521863870,484729688,37134182,0.071156836
TCGA-FE-A22Z-10A-01D-A16N_120805_SN208_0422_BD16VPACXX_s_6_rg.sorted.bam,551885530,497967041,53918489,0.097698682
TCGA-FE-A230-01A-11D-A14U_120629_SN1120_0168_BD1454ACXX_s_2_rg.sorted.bam,231276948,221842659,9434289,0.040792172
TCGA-FE-A230-10A-01D-A14U_120629_SN1120_0168_BD1454ACXX_s_4_rg.sorted.bam,430438700,411334414,19104286,0.044383291
TCGA-FE-A231-01A-11D-A14U_120629_SN1222_0120_AC0WKWACXX_s_1_rg.sorted.bam,297744700,286142366,11602334,0.038967391
TCGA-FE-A231-10A-01D-A14U_120629_SN1222_0120_AC0WKWACXX_s_2_rg.sorted.bam,395071136,374759345,20311791,0.051412997
TCGA-FE-A232-01A-11D-A14U_120629_SN1222_0120_AC0WKWACXX_s_5_rg.sorted.bam,199593598,192054472,7539126,0.037772384
TCGA-FE-A232-10A-01D-A14U_120629_SN1222_0120_AC0WKWACXX_s_8_rg.sorted.bam,330455308,316388645,14066663,0.04256752
TCGA-FE-A233-01A-11D-A14U_120629_SN1222_0121_BD143UACXX_s_3_rg.sorted.bam,247406184,237951333,9454851,0.038215904
TCGA-FE-A233-10A-01D-A14U_120629_SN1222_0121_BD143UACXX_s_6_rg.sorted.bam,347808900,332740669,15068231,0.043323305
TCGA-FE-A234-01A-11D-A14U_120717_SN1120_0175_AC1179ACXX_s_2_rg.sorted.bam,331291890,317837583,13454307,0.04061164
TCGA-FE-A234-10A-01D-A14U_120717_SN1120_0175_AC1179ACXX_s_4_rg.sorted.bam,507359212,473358658,34000554,0.067014756
TCGA-FE-A235-01A-11D-A16N_121204_SN208_0442_BC1F7YACXX_s_1_rg.sorted.bam,443215554,421745178,21470376,0.048442289
TCGA-FE-A235-10A-01D-A16N_121204_SN208_0442_BC1F7YACXX_s_2_rg.sorted.bam,488919422,457300448,31618974,0.064671135
TCGA-FE-A238-01A-11D-A16N_120718_SN590_0169_AC0WL7ACXX_s_5_rg.sorted.bam,286499288,274766258,11733030,0.040953086
TCGA-FE-A238-10A-01D-A16N_120718_SN590_0170_BD141RACXX_s_1_rg.sorted.bam,399068960,377717930,21351030,0.053502107
TCGA-FE-A3PA-01A-12D-A221_120611_SN1222_0114_AC0WL3ACXX_s_1_rg.sorted.bam,396562834,380234678,16328156,0.041174196
TCGA-FE-A3PA-10A-01D-A221_120611_SN1222_0114_AC0WL3ACXX_s_2_rg.sorted.bam,491724686,469123360,22601326,0.045963375
TCGA-FE-A3PB-01A-11D-A221_120524_SN1120_0144_AC0VNCACXX_s_2_rg.sorted.bam,343229660,329918807,13310853,0.038781185
TCGA-FE-A3PB-10A-01D-A221_120524_SN1120_0144_AC0VNCACXX_s_5_rg.sorted.bam,401285982,384465303,16820679,0.041916936
TCGA-FE-A3PC-01A-11D-A221_120524_SN1120_0145_BD12MWACXX_s_2_rg.sorted.bam,354410586,342669658,11740928,0.03312804
TCGA-FE-A3PC-10A-01D-A221_120524_SN1120_0145_BD12MWACXX_s_4_rg.sorted.bam,352154214,340530262,11623952,0.03300813
TCGA-FE-A3PD-01A-11D-A221_120611_SN1222_0115_BD141KACXX_s_7_rg.sorted.bam,390269052,376529158,13739894,0.035206209
TCGA-FE-A3PD-10A-01D-A221_120611_SN1222_0115_BD141KACXX_s_8_rg.sorted.bam,437938642,420779256,17159386,0.039182169
TCGA-FF-8041-01A-11D-2210-10_wgs_Illumina.bam,2.30E+09,2.15E+09,149770000,0.065044993
TCGA-FF-8041-10A-01D-2210-10_wgs_Illumina.bam,1209257626,1147932013,61325613,0.050713439
TCGA-FF-8042-01A-11D-2210-10_wgs_Illumina.bam,2.40E+09,2.27E+09,132850000,0.055248044
TCGA-FF-8042-10A-01D-2210-10_wgs_Illumina.bam,1255266486,1193274110,61992376,0.049385829
TCGA-FF-8043-01A-11D-2210-10_wgs_Illumina.bam,2.24E+09,2117668478,124831522,0.055666231
TCGA-FF-8043-10A-01D-2210-10_wgs_Illumina.bam,1239990712,1181127685,58863027,0.047470539
TCGA-FF-8046-01A-11D-2210-10_wgs_Illumina.bam,2.26E+09,2126276204,132693796,0.05874084
TCGA-FF-8046-10A-01D-2210-10_wgs_Illumina.bam,1302170122,1236516083,65654039,0.050418941
TCGA-FF-8047-01A-11D-2210-10_wgs_Illumina.bam,2.35E+09,2.22E+09,126570000,0.053909125
TCGA-FF-8047-10A-01D-2210-10_wgs_Illumina.bam,1295554794,1236105786,59449008,0.045886911
TCGA-FF-8061-01A-11D-2210-10_wgs_Illumina.bam,2.30E+09,2.17E+09,133070000,0.057775636
TCGA-FF-8061-10A-01D-2210-10_wgs_Illumina.bam,1200643182,1138012247,62630935,0.052164486
TCGA-FF-8062-01A-11D-2210-10_wgs_Illumina.bam,2.52E+09,2.39E+09,136570000,0.054125928
TCGA-FF-8062-10A-01D-2210-10_wgs_Illumina.bam,1211841028,1149771922,62069106,0.051218852
TCGA-FG-5963-01A-11D-1703_130813_SN1440_0161_BC29ENACXX_s_1_rg.sorted.bam,429141270,407411058,21730212,0.0506365
TCGA-FG-5963-11A-01D-1703_130813_SN1440_0161_BC29ENACXX_s_8_rg.sorted.bam,382476188,365513531,16962657,0.044349577
TCGA-FG-6688-01A-11D-1891_130919_SN590_0238_AC29TRACXX_s_5_rg.sorted.bam,215250586,210051431,5199155,0.024153964
TCGA-FG-6688-10A-01D-1891_130919_SN590_0239_BC2N06ACXX_s_3_rg.sorted.bam,297754998,285192414,12562584,0.04219101
TCGA-FG-6689-01A-11D-1891_130923_SN1222_0220_BC2DUUACXX_s_1_rg.sorted.bam,239659748,232121582,7538166,0.031453617
TCGA-FG-6689-10A-01D-1891_130919_SN590_0239_BC2N06ACXX_s_4_rg.sorted.bam,327957670,312963045,14994625,0.045721221
TCGA-FG-6690-01A-11D-1891_130919_SN590_0238_AC29TRACXX_s_7_rg.sorted.bam,263670494,255489967,8180527,0.031025569
TCGA-FG-6690-10A-01D-1891_130919_SN590_0239_BC2N06ACXX_s_5_rg.sorted.bam,357495154,339400432,18094722,0.050615293
TCGA-FG-6691-01A-11D-1891_130919_SN590_0238_AC29TRACXX_s_8_rg.sorted.bam,251661980,244272104,7389876,0.029364293
TCGA-FG-6691-10A-01D-1891_130919_SN590_0239_BC2N06ACXX_s_6_rg.sorted.bam,364873954,348120263,16753691,0.04591638
TCGA-FG-6692-01A-11D-1891_130919_SN590_0238_AC29TRACXX_s_6_rg.sorted.bam,286723406,277724063,8999343,0.031386845
TCGA-FG-6692-10A-01D-1891_130923_SN1222_0220_BC2DUUACXX_s_2_rg.sorted.bam,230602664,222907162,7695502,0.033371262
TCGA-FG-7636-01A-11D-2088_130923_SN1222_0220_BC2DUUACXX_s_3_rg.sorted.bam,187245648,180773704,6471944,0.034563922
TCGA-FG-7636-10A-01D-2088_130923_SN1222_0220_BC2DUUACXX_s_7_rg.sorted.bam,159971852,154777057,5194795,0.032473182
TCGA-FI-A2CY-01A-11D-A17E_120511_SN1120_0140_AD12J0ACXX_s_1_rg.sorted.bam,328016282,317587887,10428395,0.031792309
TCGA-FI-A2CY-10A-01D-A17E_120511_SN1120_0140_AD12J0ACXX_s_2_rg.sorted.bam,346270876,334591319,11679557,0.033729539
TCGA-FI-A2D0-01A-11D-A17E_120511_SN1120_0140_AD12J0ACXX_s_3_rg.sorted.bam,290261162,282025133,8236029,0.028374547
TCGA-FI-A2D0-10A-01D-A17E_120511_SN1120_0140_AD12J0ACXX_s_4_rg.sorted.bam,298951948,290120406,8831542,0.029541677
TCGA-FI-A2D4-01A-12D-A17E_120511_SN1120_0140_AD12J0ACXX_s_7_rg.sorted.bam,332487034,322585789,9901245,0.029779342
TCGA-FI-A2D4-10A-01D-A17E_120511_SN1120_0140_AD12J0ACXX_s_8_rg.sorted.bam,303719574,294087466,9632108,0.03171382
TCGA-FN-7833-01A-11D-2088_130923_SN1222_0220_BC2DUUACXX_s_4_rg.sorted.bam,182900526,176651372,6249154,0.034166955
TCGA-FN-7833-10A-01D-2088_130923_SN1222_0220_BC2DUUACXX_s_8_rg.sorted.bam,181700358,175142958,6557400,0.036089087
TCGA-FP-7735-01A-11R-2055-13_rnaseq.bam,224610846,205811708,18799138,0.083696484
TCGA-FP-7735-11A-01R-2055-13_rnaseq.bam,198289750,179152013,19137737,0.096514
TCGA-FP-7829-01A-11R-2055-13_rnaseq.bam,119855480,109103078,10752402,0.089711392
TCGA-FP-7829-11A-01R-2055-13_rnaseq.bam,257074924,237210270,19864654,0.077271846
TCGA-FP-7916-01A-11R-2203-13_rnaseq.bam,229317378,189856610,39460768,0.172079274
TCGA-FP-7998-01A-11R-2203-13_rnaseq.bam,243488802,200395214,43093588,0.17698386
TCGA-FP-8099-01A-11R-2343-13_rnaseq.bam,238572114,200108729,38463385,0.161223306
TCGA-FP-8209-01A-11R-2343-13_rnaseq.bam,232404826,165985865,66418961,0.285789939
TCGA-FP-8210-01A-11R-2343-13_rnaseq.bam,222894078,166203350,56690728,0.254339319
TCGA-FP-8211-01A-11R-2343-13_rnaseq.bam,255822906,191477099,64345807,0.251524807
TCGA-FP-8631-01A-11R-2402-13_rnaseq.bam,139920402,124552419,15367983,0.109833754
TCGA-FP-A4BE-01A-12R-A24K-31_rnaseq.bam,306253018,257795799,48457219,0.158226095
TCGA-FP-A4BF-01A-12R-A36D-31_rnaseq.bam,272533986,201811473,70722513,0.259499793
TCGA-FP-A8CX-01A-11R-A36D-31_rnaseq.bam,236184366,165174288,71010078,0.300655286
TCGA-FP-A9TM-01A-11R-A39E-31_rnaseq.bam,207434030,165625045,41808985,0.201553164
TCGA-FS-A1YW-06A-11D-A18Y_120724_SN208_0417_AC117BACXX_s_2_rg.sorted.bam,397405470,380720681,16684789,0.041984296
TCGA-FS-A1YW-10A-01D-A190_120718_SN1222_0127_BD147HACXX_s_8_rg.sorted.bam,201592706,193129146,8463560,0.041983463
TCGA-FS-A1YX-06A-11D-A18Y_120724_SN208_0417_AC117BACXX_s_1_rg.sorted.bam,384720776,369408160,15312616,0.039801895
TCGA-FS-A1YX-10A-01D-A190_120718_SN1222_0127_BD147HACXX_s_7_rg.sorted.bam,253185756,243171799,10013957,0.039551818
TCGA-FS-A1YY-06A-11D-A18Y_120718_SN1222_0127_BD147HACXX_s_2_rg.sorted.bam,210225330,191901783,18323547,0.087161461
TCGA-FS-A1YY-10A-01D-A190_120718_SN1222_0127_BD147HACXX_s_6_rg.sorted.bam,355802282,340947461,14854821,0.041750213
TCGA-FS-A1Z0-06A-11D-A18Y_120718_SN1222_0127_BD147HACXX_s_1_rg.sorted.bam,166823078,154327607,12495471,0.074902532
TCGA-FS-A1Z0-10A-01D-A190_120718_SN1222_0127_BD147HACXX_s_5_rg.sorted.bam,206286886,199112302,7174584,0.034779642
TCGA-FS-A1Z3-06A-11D-A18Y_120711_SN208_0414_BD13L5ACXX_s_7_rg.sorted.bam,534224286,470337063,63887223,0.119588766
TCGA-FS-A1Z3-10A-01D-A190_120711_SN208_0414_BD13L5ACXX_s_8_rg.sorted.bam,405841112,343496475,62344637,0.153618338
TCGA-FS-A1Z4-06A-11D-A18Y_120711_SN208_0414_BD13L5ACXX_s_5_rg.sorted.bam,436397216,387266345,49130871,0.112582916
TCGA-FS-A1Z4-10A-01D-A190_120711_SN208_0414_BD13L5ACXX_s_6_rg.sorted.bam,425926136,372119141,53806995,0.126329404
TCGA-FS-A1Z7-06A-11D-A18Y_120712_SN1222_0124_AC11GPACXX_s_3_rg.sorted.bam,461153866,408920802,52233064,0.113266022
TCGA-FS-A1Z7-10A-01D-A190_120712_SN1222_0124_AC11GPACXX_s_4_rg.sorted.bam,472510770,368756497,103754273,0.219580758
TCGA-FS-A1ZA-06A-11D-A18Y_120712_SN1222_0124_AC11GPACXX_s_1_rg.sorted.bam,436277222,385608666,50668556,0.11613844
TCGA-FS-A1ZA-10A-01D-A190_120712_SN1222_0124_AC11GPACXX_s_2_rg.sorted.bam,496287624,386359467,109928157,0.221500903
TCGA-FS-A1ZB-06A-12D-A18Y_120609_SN208_0343_BC0WVWACXX_s_4_rg.sorted.bam,298676982,283217246,15459736,0.051760721
TCGA-FS-A1ZB-10A-01D-A190_120609_SN208_0343_BC0WVWACXX_s_8_rg.sorted.bam,281340630,265836714,15503916,0.055107277
TCGA-FS-A1ZC-06A-11D-A18Y_120609_SN208_0343_BC0WVWACXX_s_3_rg.sorted.bam,303313622,288683706,14629916,0.048233627
TCGA-FS-A1ZC-10A-01D-A190_120609_SN208_0343_BC0WVWACXX_s_7_rg.sorted.bam,224107810,213560768,10547042,0.047062358
TCGA-FS-A1ZD-06A-11D-A18Y_120609_SN208_0343_BC0WVWACXX_s_2_rg.sorted.bam,349369624,329279832,20089792,0.057502973
TCGA-FS-A1ZD-10A-01D-A190_120609_SN208_0343_BC0WVWACXX_s_6_rg.sorted.bam,308874094,292107161,16766933,0.054284038
TCGA-FS-A1ZE-06A-11D-A18Y_120609_SN208_0343_BC0WVWACXX_s_1_rg.sorted.bam,316895044,300858458,16036586,0.050605354
TCGA-FS-A1ZE-10A-01D-A190_120609_SN208_0343_BC0WVWACXX_s_5_rg.sorted.bam,272689740,258544739,14145001,0.051872142
TCGA-FS-A1ZF-06A-12D-A18Y_120605_SN1222_0113_BC0WUCACXX_s_4_rg.sorted.bam,314401118,303832355,10568763,0.033615539
TCGA-FS-A1ZF-10A-01D-A190_120605_SN1222_0113_BC0WUCACXX_s_8_rg.sorted.bam,402657354,386301462,16355892,0.040619877
TCGA-FS-A1ZG-06A-11D-A18Y_120605_SN1222_0113_BC0WUCACXX_s_3_rg.sorted.bam,300946588,289878603,11067985,0.03677724
TCGA-FS-A1ZG-10A-01D-A190_120605_SN1222_0113_BC0WUCACXX_s_7_rg.sorted.bam,448118162,429134897,18983265,0.042362186
TCGA-FS-A1ZH-06A-11D-A18Y_120605_SN1222_0113_BC0WUCACXX_s_2_rg.sorted.bam,321045050,310011674,11033376,0.034367065
TCGA-FS-A1ZH-10A-01D-A190_120605_SN1222_0113_BC0WUCACXX_s_6_rg.sorted.bam,441455682,423215816,18239866,0.041317547
TCGA-FS-A1ZJ-06A-12D-A18Y_120605_SN1222_0113_BC0WUCACXX_s_1_rg.sorted.bam,291685414,280205710,11479704,0.039356455
TCGA-FS-A1ZJ-10A-01D-A190_120605_SN1222_0113_BC0WUCACXX_s_5_rg.sorted.bam,470689328,449868284,20821044,0.044235216
TCGA-FS-A1ZK-06A-11D-A18Y_120605_SN1222_0112_AC0WJJACXX_s_4_rg.sorted.bam,319617912,307161304,12456608,0.038973435
TCGA-FS-A1ZK-10A-01D-A190_120605_SN1222_0112_AC0WJJACXX_s_8_rg.sorted.bam,363692170,348291705,15400465,0.04234478
TCGA-FS-A1ZM-06A-12D-A18Y_120605_SN1222_0112_AC0WJJACXX_s_3_rg.sorted.bam,359200916,345450011,13750905,0.038281932
TCGA-FS-A1ZM-10A-01D-A190_120605_SN1222_0112_AC0WJJACXX_s_7_rg.sorted.bam,500173378,473265475,26907903,0.053797152
TCGA-FS-A1ZN-01A-11D-A18Y_120605_SN1222_0112_AC0WJJACXX_s_2_rg.sorted.bam,294266150,282035678,12230472,0.041562619
TCGA-FS-A1ZN-10A-01D-A190_120605_SN1222_0112_AC0WJJACXX_s_6_rg.sorted.bam,451339940,429850437,21489503,0.047612677
TCGA-FS-A1ZP-06A-11D-A18Y_120605_SN1222_0112_AC0WJJACXX_s_1_rg.sorted.bam,315487964,302275897,13212067,0.041878197
TCGA-FS-A1ZP-10A-01D-A190_120605_SN1222_0112_AC0WJJACXX_s_5_rg.sorted.bam,415829914,396085861,19744053,0.047481079
TCGA-FS-A1ZQ-06A-11D-A18Y_120602_SN1120_0147_BD13TBACXX_s_6_rg.sorted.bam,284296224,269438856,14857368,0.052260166
TCGA-FS-A1ZQ-10A-01D-A190_120602_SN1120_0147_BD13TBACXX_s_8_rg.sorted.bam,531532670,500502105,31030565,0.058379413
TCGA-FS-A1ZR-06A-21D-A18Y_120602_SN208_0304_BC0WTWACXX_s_7_rg.sorted.bam,251011690,241185019,9826671,0.03914826
TCGA-FS-A1ZR-10A-01D-A190_120602_SN208_0304_BC0WTWACXX_s_8_rg.sorted.bam,294537316,281638047,12899269,0.043795025
TCGA-FS-A1ZS-06A-12D-A18Y_120602_SN1120_0147_BD13TBACXX_s_5_rg.sorted.bam,378693236,364446929,14246307,0.03761965
TCGA-FS-A1ZS-10A-01D-A190_120602_SN1120_0147_BD13TBACXX_s_7_rg.sorted.bam,414539994,395614042,18925952,0.04565531
TCGA-FS-A1ZT-06A-11D-A18Y_120602_SN1120_0147_BD13TBACXX_s_2_rg.sorted.bam,341208600,329432638,11775962,0.034512501
TCGA-FS-A1ZT-10A-01D-A190_120602_SN1120_0147_BD13TBACXX_s_4_rg.sorted.bam,363052016,350097835,12954181,0.035681336
TCGA-FS-A1ZW-06A-12D-A18Y_120602_SN1120_0147_BD13TBACXX_s_1_rg.sorted.bam,339533032,328209167,11323865,0.033351291
TCGA-FS-A1ZW-10A-01D-A190_120602_SN1120_0147_BD13TBACXX_s_3_rg.sorted.bam,347988962,336112440,11876522,0.034129019
TCGA-FS-A1ZY-06A-11D-A18Y_120602_SN1120_0146_AC0WLVACXX_s_6_rg.sorted.bam,327832884,316439095,11393789,0.034754869
TCGA-FS-A1ZY-10A-01D-A190_120602_SN1120_0146_AC0WLVACXX_s_8_rg.sorted.bam,374060314,358160836,15899478,0.042505119
TCGA-FS-A1ZZ-06A-11D-A18Y_120602_SN1120_0146_AC0WLVACXX_s_5_rg.sorted.bam,334275262,322452170,11823092,0.03536933
TCGA-FS-A1ZZ-10A-01D-A190_120602_SN1120_0146_AC0WLVACXX_s_7_rg.sorted.bam,355022086,341487953,13534133,0.038121947
TCGA-FT-A3EE-01A-11D-A204_121002_SN1222_0155_BD1ERHACXX_s_1_rg.sorted.bam,424706262,409427758,15278504,0.035974285
TCGA-FT-A3EE-10A-01D-A204_121002_SN1222_0155_BD1ERHACXX_s_2_rg.sorted.bam,482486676,462686445,19800231,0.041037881
TCGA-FU-A3EO-01A-11D-A20X_140106_SN590_0244_BC384EACXX_s_1_rg.sorted.bam,354055406,339020822,15034584,0.04246393
TCGA-FU-A3EO-11A-13D-A20X_140106_SN590_0244_BC384EACXX_s_5_rg.sorted.bam,289068202,278202405,10865797,0.037589043
TCGA-FU-A3HY-01A-11D-A245_140124_SN1440_0178_AC2PL6ACXX_s_7_rg.sorted.bam,436379608,417378270,19001338,0.043543139
TCGA-FU-A3HY-10A-01D-A245_140124_SN1440_0179_BD2DRDACXX_s_6_rg.sorted.bam,480206824,458041987,22164837,0.046156856
TCGA-FU-A3HZ-01A-11D-A20X_140106_SN590_0243_AC371BACXX_s_4_rg.sorted.bam,302412794,291995366,10417428,0.034447709
TCGA-FU-A3HZ-10A-01D-A20X_140106_SN590_0243_AC371BACXX_s_8_rg.sorted.bam,351003806,337123623,13880183,0.039544252
TCGA-FU-A3NI-01A-11D-A245_140124_SN1440_0178_AC2PL6ACXX_s_8_rg.sorted.bam,386472344,371929605,14542739,0.037629443
TCGA-FU-A3NI-10A-01D-A245_140124_SN1440_0179_BD2DRDACXX_s_7_rg.sorted.bam,489619670,467880586,21739084,0.04439994
TCGA-FU-A3TQ-01A-11D-A232_140124_SN1120_0291_AC2PHAACXX_s_3_rg.sorted.bam,482190186,464844957,17345229,0.035971759
TCGA-FU-A3TQ-10A-01D-A232_140124_SN1120_0292_BD2F1HACXX_s_2_rg.sorted.bam,471385758,448394536,22991222,0.048773688
TCGA-FU-A3TX-01A-11D-A232_140124_SN1120_0291_AC2PHAACXX_s_4_rg.sorted.bam,515757942,493316083,22441859,0.043512387
TCGA-FU-A3TX-10A-01D-A232_140124_SN1120_0292_BD2F1HACXX_s_3_rg.sorted.bam,441222630,419115816,22106814,0.050103536
TCGA-FU-A3WB-01A-11D-A232_140124_SN1120_0291_AC2PHAACXX_s_5_rg.sorted.bam,492236186,472505071,19731115,0.04008465
TCGA-FU-A3WB-10A-01D-A232_140124_SN1120_0292_BD2F1HACXX_s_4_rg.sorted.bam,465990462,446188368,19802094,0.042494634
TCGA-FU-A3YQ-01A-11D-A232_140124_SN1120_0291_AC2PHAACXX_s_6_rg.sorted.bam,477150744,460173037,16977707,0.035581433
TCGA-FU-A3YQ-10A-01D-A232_140124_SN1120_0292_BD2F1HACXX_s_5_rg.sorted.bam,416146090,400333585,15812505,0.037997485
TCGA-FV-A23B-01A-11D-A16V-10_wgs_Illumina.bam,2.26E+09,2139523822,118716178,0.052570222
TCGA-FV-A23B-11A-11D-A16V-10_wgs_Illumina.bam,1099905396,1043085028,56820368,0.051659323
TCGA-FV-A2QQ-01A-11D-A22F-10_wgs_Illumina.bam,2.36E+09,2.20E+09,159510000,0.067659509
TCGA-FV-A2QQ-10B-01D-A22F-10_wgs_Illumina.bam,1239402592,1178747146,60655446,0.04893926
TCGA-FV-A3I0-01A-11D-A22F-10_wgs_Illumina.bam,2.43E+09,2.29E+09,138200000,0.056908493
TCGA-FV-A3I0-11A-11D-A22F-10_wgs_Illumina.bam,1090712516,1037185699,53526817,0.049075092
TCGA-FV-A3I1-01A-11D-A22F-10_wgs_Illumina.bam,2.49E+09,2.32E+09,175780000,0.070484829
TCGA-FV-A3I1-10A-01D-A22F-10_wgs_Illumina.bam,1135174788,1078783914,56390874,0.049675939
TCGA-FV-A3R2-01A-11D-A22F-10_wgs_Illumina.bam,2.57E+09,2.32E+09,246960000,0.096153996
TCGA-FV-A3R2-11A-11D-A22F-10_wgs_Illumina.bam,1195351354,1136141536,59209818,0.049533401
TCGA-FV-A3R3-01A-11D-A22F-10_wgs_Illumina.bam,2.42E+09,2.27E+09,148930000,0.061579491
TCGA-FV-A3R3-10A-01D-A22F-10_wgs_Illumina.bam,1223850922,1162671250,61179672,0.049989481
TCGA-FV-A495-01A-11D-A25V-10_wgs_Illumina.bam,2.43E+09,2.32E+09,107420000,0.044184669
TCGA-FV-A495-10A-01D-A25V-10_wgs_Illumina.bam,1061791928,1005649875,56142053,0.052874816
TCGA-FV-A496-01A-11D-A25V-10_wgs_Illumina.bam,2.32E+09,2.19E+09,130890000,0.056467025
TCGA-FV-A496-10A-01D-A25V-10_wgs_Illumina.bam,1038486984,982916693,55570291,0.053510821
TCGA-FV-A4ZQ-01A-11D-A25V-10_wgs_Illumina.bam,2.33E+09,2.21E+09,113570000,0.048839329
TCGA-FV-A4ZQ-10A-01D-A25V-10_wgs_Illumina.bam,1089927962,1031658156,58269806,0.053462071
TCGA-FY-A3I5-01B-11D-A221_120610_SN1120_0151_AC0WN0ACXX_s_1_rg.sorted.bam,430018966,411652560,18366406,0.042710688
TCGA-FY-A3I5-10A-01D-A221_120610_SN1120_0151_AC0WN0ACXX_s_3_rg.sorted.bam,436874806,417632020,19242786,0.044046454
TCGA-FY-A3ON-01A-11D-A221_120610_SN1120_0152_BD13TDACXX_s_1_rg.sorted.bam,302083760,291201842,10881918,0.03602285
TCGA-FY-A3ON-10A-01D-A221_120610_SN1120_0152_BD13TDACXX_s_4_rg.sorted.bam,313740336,302324812,11415524,0.036385261
TCGA-FY-A3R6-01A-11D-A221_120611_SN1222_0115_BD141KACXX_s_1_rg.sorted.bam,354650900,341956313,12694587,0.0357946
TCGA-FY-A3R6-10A-01D-A221_120622_SN1120_0155_AC0WVLACXX_s_2_rg.sorted.bam,306512700,295542413,10970287,0.035790644
TCGA-FY-A3R7-01A-11D-A221_120611_SN1222_0114_AC0WL3ACXX_s_3_rg.sorted.bam,448911048,429904908,19006140,0.042338321
TCGA-FY-A3R7-10A-01D-A221_120611_SN1222_0114_AC0WL3ACXX_s_4_rg.sorted.bam,425125478,407464758,17660720,0.04154237
TCGA-FY-A3R8-01A-11D-A221_120524_SN1120_0144_AC0VNCACXX_s_3_rg.sorted.bam,353364482,340678974,12685508,0.035899216
TCGA-FY-A3R8-10A-01D-A221_120524_SN1120_0144_AC0VNCACXX_s_6_rg.sorted.bam,366371332,352864860,13506472,0.036865526
TCGA-FY-A3RA-01A-11D-A221_120611_SN1222_0114_AC0WL3ACXX_s_6_rg.sorted.bam,351071904,337991867,13080037,0.03725743
TCGA-FY-A3RA-10A-01D-A221_120611_SN1222_0114_AC0WL3ACXX_s_5_rg.sorted.bam,321193648,309144792,12048856,0.037512747
TCGA-G2-A2EC-01A-11D-A17R_120927_SN208_0433_BD1D5JACXX_s_5_rg.sorted.bam,417893800,397391463,20502337,0.049061118
TCGA-G2-A2EC-10A-01D-A17R_120927_SN208_0433_BD1D5JACXX_s_6_rg.sorted.bam,569018538,495915408,73103130,0.128472317
TCGA-G2-A2EF-01A-12D-A18D_120912_SN1222_0148_AC188PACXX_s_7_rg.sorted.bam,216853436,209769846,7083590,0.032665334
TCGA-G2-A2EF-10A-01D-A18D_120912_SN1222_0148_AC188PACXX_s_8_rg.sorted.bam,192662490,186050093,6612397,0.034321144
TCGA-G2-A2EJ-01A-11D-A17R_120921_SN208_0430_AC18CWACXX_s_3_rg.sorted.bam,488491940,456030869,32461071,0.0664516
TCGA-G2-A2EJ-10A-01D-A17R_120921_SN208_0430_AC18CWACXX_s_4_rg.sorted.bam,512425702,474827091,37598611,0.073373781
TCGA-G2-A2EK-01A-22D-A18D_120913_SN208_0429_AC187FACXX_s_3_rg.sorted.bam,453307734,431527527,21780207,0.048047287
TCGA-G2-A2EK-10A-01D-A18D_120913_SN208_0429_AC187FACXX_s_4_rg.sorted.bam,449841912,428088722,21753190,0.048357411
TCGA-G2-A2EL-01A-12D-A18D_120912_SN1222_0148_AC188PACXX_s_5_rg.sorted.bam,420144732,404516449,15628283,0.037197379
TCGA-G2-A2EL-10A-01D-A18D_120912_SN1222_0148_AC188PACXX_s_6_rg.sorted.bam,161261634,155844528,5417106,0.033592032
TCGA-G2-A2ES-01A-11D-A17R_120921_SN208_0430_AC18CWACXX_s_7_rg.sorted.bam,506899912,472599017,34300895,0.067667984
TCGA-G2-A2ES-11A-31D-A17R_120921_SN208_0430_AC18CWACXX_s_8_rg.sorted.bam,476413236,447956389,28456847,0.059731437
TCGA-G2-A3IB-01A-11D-A210_120912_SN1222_0149_BD1CW3ACXX_s_1_rg.sorted.bam,484724318,461409387,23314931,0.048099363
TCGA-G2-A3IB-10A-01D-A210_120912_SN1222_0149_BD1CW3ACXX_s_2_rg.sorted.bam,430215160,411101236,19113924,0.044428755
TCGA-G2-A3IE-01A-11D-A210_120912_SN1222_0149_BD1CW3ACXX_s_3_rg.sorted.bam,442292002,423501873,18790129,0.042483538
TCGA-G2-A3IE-10A-01D-A210_120912_SN1222_0149_BD1CW3ACXX_s_4_rg.sorted.bam,358810616,345166466,13644150,0.038026049
TCGA-G2-A3VY-01A-11D-A233_120913_SN208_0428_BC188KACXX_s_6_rg.sorted.bam,511144480,477733801,33410679,0.065364452
TCGA-G2-A3VY-10A-01D-A233_120913_SN208_0428_BC188KACXX_s_7_rg.sorted.bam,410968458,387547628,23420830,0.056989361
TCGA-G3-A25S-01A-11D-A16V-10_wgs_Illumina.bam,2.20E+09,2090815753,112294247,0.050970785
TCGA-G3-A25S-10A-01D-A16V-10_wgs_Illumina.bam,1058282016,994273094,64008922,0.060483804
TCGA-G3-A25T-01A-11D-A16V-10_wgs_Illumina.bam,2.26E+09,2.15E+09,113220000,0.050055485
TCGA-G3-A25T-10A-01D-A16V-10_wgs_Illumina.bam,1061742542,1000847535,60895007,0.057353835
TCGA-G3-A25V-01A-11D-A16V-10_wgs_Illumina.bam,2.52E+09,2.37E+09,146050000,0.058033036
TCGA-G3-A25V-10A-01D-A16V-10_wgs_Illumina.bam,969612524,919821931,49790593,0.051351021
TCGA-G3-A25W-01A-11D-A16V-10_wgs_Illumina.bam,2.43E+09,2.31E+09,115850000,0.047701005
TCGA-G3-A25W-11A-12D-A16V-10_wgs_Illumina.bam,1124653940,1066838544,57815396,0.051407276
TCGA-G3-A25Y-01A-11D-A16V-10_wgs_Illumina.bam,2141401564,2016981217,124420347,0.058102296
TCGA-G3-A25Y-10A-01D-A16V-10_wgs_Illumina.bam,1195777748,1140280313,55497435,0.046411162
TCGA-G3-A3CK-01A-11D-A20W-10_wgs_Illumina.bam,2.32E+09,2.19E+09,131090000,0.056423566
TCGA-G3-A3CK-10A-01D-A20W-10_wgs_Illumina.bam,1195286896,1139250659,56036237,0.046880993
TCGA-G3-A5SL-01A-11D-A27I-10_wgs_Illumina.bam,2.37E+09,2125377662,245092338,0.103393984
TCGA-G3-A5SL-10A-01D-A27I-10_wgs_Illumina.bam,1340544944,1279385811,61159133,0.04562259
TCGA-G9-6329-01A-13D-1957_130222_SN1222_0174_BC1RNEACXX_s_1_rg.sorted.bam,448402194,431667919,16734275,0.037319788
TCGA-G9-6329-10A-01D-1957_130222_SN1222_0174_BC1RNEACXX_s_2_rg.sorted.bam,471340286,453442490,17897796,0.037972133
TCGA-G9-6332-01A-11D-1784_130115_SN590_0208_BD1TAGACXX_s_3_rg.sorted.bam,433522144,412532044,20990100,0.048417596
TCGA-G9-6332-10A-01D-1784_130115_SN590_0208_BD1TAGACXX_s_4_rg.sorted.bam,428661404,407461134,21200270,0.049456914
TCGA-G9-6333-01A-12D-1957_130222_SN1222_0174_BC1RNEACXX_s_3_rg.sorted.bam,454380466,437067163,17313303,0.038103097
TCGA-G9-6333-10A-01D-1957_130222_SN1222_0174_BC1RNEACXX_s_4_rg.sorted.bam,436427282,418679800,17747482,0.040665382
TCGA-G9-6336-01A-11D-1784_130115_SN590_0208_BD1TAGACXX_s_5_rg.sorted.bam,432603040,412473419,20129621,0.046531391
TCGA-G9-6336-10A-01D-1784_130115_SN590_0208_BD1TAGACXX_s_6_rg.sorted.bam,398205662,380830527,17375135,0.043633571
TCGA-G9-6338-01A-12D-1957_130222_SN1222_0174_BC1RNEACXX_s_5_rg.sorted.bam,415434846,400429817,15005029,0.03611885
TCGA-G9-6338-10A-01D-1957_130222_SN1222_0174_BC1RNEACXX_s_6_rg.sorted.bam,413888272,398716649,15171623,0.036656325
TCGA-G9-6342-01A-11D-1957_130222_SN1222_0174_BC1RNEACXX_s_7_rg.sorted.bam,324652590,311370825,13281765,0.040910701
TCGA-G9-6342-10A-01D-1957_130222_SN1222_0174_BC1RNEACXX_s_8_rg.sorted.bam,420013796,404685210,15328586,0.036495435
TCGA-G9-6343-01A-21D-1957_130329_SN590_0221_BD1WHDACXX_s_8_rg.sorted.bam,445073638,422115434,22958204,0.051582934
TCGA-G9-6343-10A-01D-1957_130405_SN590_0222_BD21LGACXX_s_1_rg.sorted.bam,442419230,423269059,19150171,0.043285123
TCGA-G9-6348-01A-11D-1784_130115_SN590_0208_BD1TAGACXX_s_7_rg.sorted.bam,397727190,380228148,17499042,0.0439976
TCGA-G9-6348-10A-01D-1784_130115_SN590_0208_BD1TAGACXX_s_8_rg.sorted.bam,332407042,319309772,13097270,0.039401301
TCGA-G9-6351-01A-21D-1957_130405_SN590_0222_BD21LGACXX_s_2_rg.sorted.bam,359189268,347042618,12146650,0.033816851
TCGA-G9-6351-10A-01D-1957_130405_SN590_0222_BD21LGACXX_s_3_rg.sorted.bam,275827582,267765455,8062127,0.029228864
TCGA-G9-6353-01A-11D-1957_130405_SN590_0222_BD21LGACXX_s_4_rg.sorted.bam,393177846,378131084,15046762,0.038269608
TCGA-G9-6353-10A-01D-1957_130405_SN590_0222_BD21LGACXX_s_5_rg.sorted.bam,446499776,426076731,20423045,0.045740325
TCGA-G9-6356-01A-11D-1784_130215_SN590_0211_AC1UJWACXX_s_1_rg.sorted.bam,266892650,259160404,7732246,0.028971371
TCGA-G9-6356-10A-01D-1784_130215_SN590_0211_AC1UJWACXX_s_2_rg.sorted.bam,365128510,351822517,13305993,0.036441945
TCGA-G9-6361-01A-21D-1957_130405_SN590_0222_BD21LGACXX_s_6_rg.sorted.bam,398212188,382650069,15562119,0.039079967
TCGA-G9-6361-10A-01D-1957_130405_SN590_0222_BD21LGACXX_s_7_rg.sorted.bam,374073312,360562686,13510626,0.036117589
TCGA-G9-6362-01A-11D-1784_130215_SN590_0211_AC1UJWACXX_s_3_rg.sorted.bam,385290256,370657812,14632444,0.037977716
TCGA-G9-6362-10A-01D-1784_130215_SN590_0211_AC1UJWACXX_s_4_rg.sorted.bam,333289152,321282232,12006920,0.036025535
TCGA-G9-6363-01A-21D-1784_130215_SN590_0211_AC1UJWACXX_s_5_rg.sorted.bam,444877960,423113352,21764608,0.048922648
TCGA-G9-6363-10A-01D-1784_130215_SN590_0211_AC1UJWACXX_s_6_rg.sorted.bam,429980064,410758920,19221144,0.044702407
TCGA-G9-6364-01A-21D-1784_130215_SN590_0211_AC1UJWACXX_s_7_rg.sorted.bam,368112108,354583807,13528301,0.036750492
TCGA-G9-6364-10A-01D-1784_130215_SN590_0211_AC1UJWACXX_s_8_rg.sorted.bam,389106858,373383289,15723569,0.040409385
TCGA-G9-6365-01A-11D-1784_130215_SN590_0212_BC1NP2ACXX_s_1_rg.sorted.bam,214406916,205827890,8579026,0.040012823
TCGA-G9-6365-10A-01D-1784_130215_SN590_0212_BC1NP2ACXX_s_2_rg.sorted.bam,355766838,339950345,15816493,0.044457469
TCGA-G9-6367-01A-11D-1784_130215_SN590_0212_BC1NP2ACXX_s_3_rg.sorted.bam,286574706,275058310,11516396,0.040186366
TCGA-G9-6367-10A-01D-1784_130215_SN590_0212_BC1NP2ACXX_s_4_rg.sorted.bam,316109102,301676020,14433082,0.045658546
TCGA-G9-6370-01A-11D-1784_130215_SN590_0212_BC1NP2ACXX_s_5_rg.sorted.bam,389805130,371475115,18330015,0.047023535
TCGA-G9-6370-10A-01D-1784_130215_SN590_0212_BC1NP2ACXX_s_6_rg.sorted.bam,387379936,368988230,18391706,0.047477178
TCGA-G9-6371-01A-11D-1784_130215_SN590_0212_BC1NP2ACXX_s_7_rg.sorted.bam,403124870,383801385,19323485,0.047934242
TCGA-G9-6371-10A-01D-1784_130215_SN590_0212_BC1NP2ACXX_s_8_rg.sorted.bam,393675690,374318626,19357064,0.049170077
TCGA-G9-6373-01A-11D-1784_130301_SN590_0217_BC1UHMACXX_s_1_rg.sorted.bam,305888794,295736148,10152646,0.033190644
TCGA-G9-6373-10A-01D-1784_130301_SN590_0217_BC1UHMACXX_s_2_rg.sorted.bam,260288126,252148371,8139755,0.031272095
TCGA-G9-6377-01A-11D-1957_130405_SN590_0222_BD21LGACXX_s_8_rg.sorted.bam,422321058,404862344,17458714,0.041339909
TCGA-G9-6377-10A-01D-1957_130412_SN590_0224_BC1YMJACXX_s_1_rg.sorted.bam,448031692,427502419,20529273,0.045821029
TCGA-G9-6378-01A-11D-1784_130301_SN590_0217_BC1UHMACXX_s_3_rg.sorted.bam,328794936,317220878,11574058,0.035201448
TCGA-G9-6378-10A-01D-1784_130301_SN590_0217_BC1UHMACXX_s_4_rg.sorted.bam,328353250,316638600,11714650,0.035676973
TCGA-G9-6384-01A-11D-1784_130301_SN590_0217_BC1UHMACXX_s_5_rg.sorted.bam,249009190,241682969,7326221,0.029421488
TCGA-G9-6384-10A-01D-1784_130301_SN590_0217_BC1UHMACXX_s_6_rg.sorted.bam,242435080,235202278,7232802,0.029833975
TCGA-G9-6385-01A-11D-1784_130301_SN590_0217_BC1UHMACXX_s_7_rg.sorted.bam,343435388,331830518,11604870,0.033790548
TCGA-G9-6385-10A-01D-1784_130301_SN590_0217_BC1UHMACXX_s_8_rg.sorted.bam,318231122,307209884,11021238,0.03463281
TCGA-G9-6494-01A-11D-1784_130131_SN1120_0234_AD1PVUACXX_s_1_rg.sorted.bam,318965154,306729187,12235967,0.038361454
TCGA-G9-6494-10A-01D-1784_130131_SN1120_0234_AD1PVUACXX_s_2_rg.sorted.bam,306656782,295459744,11197038,0.036513257
TCGA-G9-6496-01A-11D-1784_130131_SN1120_0234_AD1PVUACXX_s_3_rg.sorted.bam,299611358,289103111,10508247,0.035072926
TCGA-G9-6496-10A-01D-1784_130131_SN1120_0234_AD1PVUACXX_s_4_rg.sorted.bam,267837000,259215353,8621647,0.032189903
TCGA-G9-6499-01A-12D-1957_130412_SN590_0224_BC1YMJACXX_s_2_rg.sorted.bam,413412918,396991612,16421306,0.039721318
TCGA-G9-6499-10A-01D-1957_130412_SN590_0224_BC1YMJACXX_s_3_rg.sorted.bam,454055416,433017073,21038343,0.046334307
TCGA-GC-A3BM-01A-11D-A23Q_120926_SN1222_0153_BD1D4MACXX_s_3_rg.sorted.bam,356398410,343950697,12447713,0.034926399
TCGA-GC-A3BM-10A-01D-A23Q_120926_SN1222_0153_BD1D4MACXX_s_4_rg.sorted.bam,338189044,326882261,11306783,0.033433321
TCGA-GC-A3BM-11A-11D-A23Q_120926_SN1222_0153_BD1D4MACXX_s_5_rg.sorted.bam,328153650,317378006,10775644,0.032837191
TCGA-GC-A3I6-01A-11D-A210_120912_SN1222_0149_BD1CW3ACXX_s_5_rg.sorted.bam,427199848,408973060,18226788,0.042665717
TCGA-GC-A3I6-10A-01D-A210_120912_SN1222_0149_BD1CW3ACXX_s_6_rg.sorted.bam,560784204,529377204,31407000,0.0560055
TCGA-GC-A3OO-01A-11D-A233_120905_SN1120_0187_AD1E4NACXX_s_5_rg.sorted.bam,218629794,209905889,8723905,0.039902636
TCGA-GC-A3OO-10C-01D-A233_120913_SN208_0429_AC187FACXX_s_5_rg.sorted.bam,406233016,389738561,16494455,0.040603433
TCGA-GC-A3RD-01A-12D-A233_120905_SN1120_0187_AD1E4NACXX_s_7_rg.sorted.bam,459529544,407219659,52309885,0.113833562
TCGA-GC-A3RD-10B-01D-A233_120905_SN1120_0187_AD1E4NACXX_s_8_rg.sorted.bam,328039758,315317214,12722544,0.038783543
TCGA-GC-A3WC-01A-31D-A233_120904_SN1120_0186_BC1911ACXX_s_1_rg.sorted.bam,544446094,513753653,30692441,0.0563737
TCGA-GC-A3WC-10A-01D-A233_120904_SN1120_0186_BC1911ACXX_s_3_rg.sorted.bam,315211644,302679380,12532264,0.039758252
TCGA-GC-A3WC-11A-11D-A233_120904_SN1120_0186_BC1911ACXX_s_2_rg.sorted.bam,465962918,444500395,21462523,0.046060582
TCGA-GD-A2C5-01A-12D-A17R_120927_SN208_0432_AC188LACXX_s_6_rg.sorted.bam,424677022,404341430,20335592,0.047884842
TCGA-GD-A2C5-10A-01D-A17R_120927_SN208_0432_AC188LACXX_s_7_rg.sorted.bam,529936422,390850634,139085788,0.262457499
TCGA-GD-A2C5-11A-11D-A17R_120927_SN208_0432_AC188LACXX_s_8_rg.sorted.bam,399092816,380938843,18153973,0.045488098
TCGA-GD-A3OP-01A-21D-A221_120902_SN1222_0147_AC195DACXX_s_1_rg.sorted.bam,442267256,423888000,18379256,0.0415569
TCGA-GD-A3OP-10A-01D-A221_120902_SN1222_0147_AC195DACXX_s_3_rg.sorted.bam,387421810,371724188,15697622,0.040518168
TCGA-GD-A3OP-11A-11D-A221_120902_SN1222_0147_AC195DACXX_s_2_rg.sorted.bam,434576764,415453651,19123113,0.044003993
TCGA-GD-A3OQ-01A-32D-A221_120902_SN1222_0147_AC195DACXX_s_4_rg.sorted.bam,351105468,338691371,12414097,0.035357174
TCGA-GD-A3OQ-10A-01D-A221_120902_SN1222_0147_AC195DACXX_s_6_rg.sorted.bam,518691268,493742909,24948359,0.048098668
TCGA-GD-A3OQ-11A-21D-A221_120902_SN1222_0147_AC195DACXX_s_5_rg.sorted.bam,287033726,277107317,9926409,0.034582727
TCGA-GD-A3OS-01A-12D-A221_120906_SN208_0426_BC194HACXX_s_7_rg.sorted.bam,433447642,413292514,20155128,0.046499568
TCGA-GD-A3OS-10A-01D-A221_120906_SN208_0426_BC194HACXX_s_8_rg.sorted.bam,436841756,414816946,22024810,0.05041828
TCGA-GE-A2C6-01A-11D-A16N_120805_SN208_0422_BD16VPACXX_s_5_rg.sorted.bam,526502422,488325764,38176658,0.072509938
TCGA-GE-A2C6-10A-01D-A16N_120805_SN208_0422_BD16VPACXX_s_8_rg.sorted.bam,498293390,463194450,35098940,0.070438301
TCGA-GF-A2C7-01A-11D-A18Y_120602_SN208_0304_BC0WTWACXX_s_3_rg.sorted.bam,305394772,292057043,13337729,0.043673731
TCGA-GF-A2C7-10A-01D-A190_120602_SN208_0304_BC0WTWACXX_s_6_rg.sorted.bam,284547706,271556649,12991057,0.045655111
TCGA-GL-A4EM-01A-11D-A25F-10_wgs_Illumina.bam,2.23E+09,2110040381,120579619,0.054056549
TCGA-GL-A4EM-10A-01D-A25F-10_wgs_Illumina.bam,1253013042,1194377989,58635053,0.046795246
TCGA-GL-A59R-01A-11D-A26P-10_wgs_Illumina.bam,2.25E+09,2128303776,119796224,0.053287765
TCGA-GL-A59R-10A-01D-A26P-10_wgs_Illumina.bam,1253377294,1189813905,63563389,0.050713691
TCGA-GN-A265-06A-21D-A18Y_120602_SN208_0304_BC0WTWACXX_s_2_rg.sorted.bam,256199598,245527146,10672452,0.041656787
TCGA-GN-A265-10A-01D-A190_120602_SN208_0304_BC0WTWACXX_s_5_rg.sorted.bam,313296890,298170730,15126160,0.048280594
TCGA-GN-A266-06A-11D-A18Y_120602_SN208_0304_BC0WTWACXX_s_1_rg.sorted.bam,269246884,259011505,10235379,0.038014847
TCGA-GN-A266-10A-01D-A190_120602_SN208_0304_BC0WTWACXX_s_4_rg.sorted.bam,391787770,372828657,18959113,0.048391283
TCGA-GV-A3JV-01A-11D-A221_120830_SN590_0178_AD143RACXX_s_1_rg.sorted.bam,385067868,367792108,17275760,0.044864195
TCGA-GV-A3JV-10B-01D-A221_120830_SN590_0178_AD143RACXX_s_2_rg.sorted.bam,358418800,342673574,15745226,0.043929688
TCGA-GV-A3JW-01A-11D-A210_120912_SN1222_0149_BD1CW3ACXX_s_7_rg.sorted.bam,311958348,299172694,12785654,0.040985132
TCGA-GV-A3JW-10A-01D-A210_120912_SN1222_0149_BD1CW3ACXX_s_8_rg.sorted.bam,486652370,464278606,22373764,0.045974838
TCGA-GV-A3JX-01A-11D-A210_120912_SN1222_0148_AC188PACXX_s_1_rg.sorted.bam,262602980,249233464,13369516,0.050911517
TCGA-GV-A3JX-10A-01D-A210_120912_SN1222_0148_AC188PACXX_s_2_rg.sorted.bam,273508352,263938864,9569488,0.034987919
TCGA-GV-A3JZ-01A-11D-A21C_120830_SN590_0178_AD143RACXX_s_7_rg.sorted.bam,370925522,355759336,15166186,0.040887416
TCGA-GV-A3JZ-10A-01D-A21C_120830_SN590_0178_AD143RACXX_s_8_rg.sorted.bam,253765650,245386787,8378863,0.033018113
TCGA-GV-A3QF-01A-31D-A233_120904_SN1120_0186_BC1911ACXX_s_4_rg.sorted.bam,456121278,436506344,19614934,0.043003769
TCGA-GV-A3QF-10A-01D-A233_120904_SN1120_0186_BC1911ACXX_s_5_rg.sorted.bam,491017204,467400117,23617087,0.048098288
TCGA-GV-A3QG-01A-11D-A221_120830_SN590_0178_AD143RACXX_s_3_rg.sorted.bam,366310952,351763559,14547393,0.039713235
TCGA-GV-A3QG-10A-01D-A221_120830_SN590_0178_AD143RACXX_s_4_rg.sorted.bam,350381396,336238287,14143109,0.040364897
TCGA-GV-A3QH-01A-11D-A221_120830_SN590_0178_AD143RACXX_s_5_rg.sorted.bam,360923938,346642957,14280981,0.039567841
TCGA-GV-A3QH-10A-01D-A221_120830_SN590_0178_AD143RACXX_s_6_rg.sorted.bam,377864612,360875717,16988895,0.04496027
TCGA-H2-A26U-01A-11D-A16N_121204_SN208_0442_BC1F7YACXX_s_5_rg.sorted.bam,490623456,460717534,29905922,0.060954937
TCGA-H2-A26U-10A-01D-A16N_121204_SN208_0442_BC1F7YACXX_s_6_rg.sorted.bam,447345316,425612365,21732951,0.048582047
TCGA-H2-A3RH-01A-11D-A221_120610_SN1120_0151_AC0WN0ACXX_s_2_rg.sorted.bam,332144392,319888008,12256384,0.036900771
TCGA-H2-A3RH-10A-01D-A221_120610_SN1120_0151_AC0WN0ACXX_s_4_rg.sorted.bam,561355816,524162679,37193137,0.066255904
TCGA-H2-A3RI-01A-11D-A221_120610_SN1120_0152_BD13TDACXX_s_2_rg.sorted.bam,384867868,370193516,14674352,0.038128286
TCGA-H2-A3RI-10A-01D-A221_120610_SN1120_0152_BD13TDACXX_s_5_rg.sorted.bam,276774582,267366636,9407946,0.033991366
TCGA-H2-A3RI-11A-11D-A221_120611_SN1222_0115_BD141KACXX_s_4_rg.sorted.bam,394877210,380784682,14092528,0.03568838
TCGA-H4-A2HQ-01A-11D-A17R_120921_SN208_0430_AC18CWACXX_s_5_rg.sorted.bam,482679190,456121668,26557522,0.055021063
TCGA-H4-A2HQ-10A-01D-A17R_120921_SN208_0430_AC18CWACXX_s_6_rg.sorted.bam,504220022,472132765,32087257,0.063637411
TCGA-H7-7774-01A-21D-2317_120623_SN1222_0119_BC0WLLACXX_s_4_rg.sorted.bam,515342822,486581615,28761207,0.055809853
TCGA-H7-7774-10A-01D-2317_120623_SN1222_0119_BC0WLLACXX_s_3_rg.sorted.bam,643034926,383354430,259680496,0.403835757
TCGA-HC-7075-01A-11D-1957_130412_SN590_0224_BC1YMJACXX_s_4_rg.sorted.bam,457696160,434724630,22971530,0.050189475
TCGA-HC-7075-10A-01D-1957_130412_SN590_0224_BC1YMJACXX_s_5_rg.sorted.bam,386718744,366498414,20220330,0.052286915
TCGA-HC-7077-01A-11D-1957_130412_SN590_0224_BC1YMJACXX_s_6_rg.sorted.bam,459149136,436088766,23060370,0.050224139
TCGA-HC-7077-10A-01D-1957_130412_SN590_0224_BC1YMJACXX_s_7_rg.sorted.bam,422464418,400903386,21561032,0.051036327
TCGA-HC-7079-01A-11D-1957_130412_SN590_0224_BC1YMJACXX_s_8_rg.sorted.bam,450992868,428355558,22637310,0.050194386
TCGA-HC-7079-10A-01D-1957_130422_SN590_0225_BD23TLACXX_s_1_rg.sorted.bam,469317558,443767985,25549573,0.05443984
TCGA-HC-7080-01A-11D-1957_130422_SN590_0225_BD23TLACXX_s_2_rg.sorted.bam,441984970,421167403,20817567,0.047100169
TCGA-HC-7080-10A-01D-1957_130422_SN590_0225_BD23TLACXX_s_3_rg.sorted.bam,436969202,414085277,22883925,0.052369652
TCGA-HC-7081-01A-11D-1957_130422_SN590_0225_BD23TLACXX_s_4_rg.sorted.bam,469257216,445203883,24053333,0.051258312
TCGA-HC-7081-10A-01D-1958_130422_SN590_0225_BD23TLACXX_s_5_rg.sorted.bam,476265474,447254447,29011027,0.060913563
TCGA-HC-7209-01A-11D-2111_130502_SN590_0229_BD2459ACXX_s_6_rg.sorted.bam,523856706,482951394,40905312,0.078084926
TCGA-HC-7209-10A-01D-2111_130502_SN590_0229_BD2459ACXX_s_7_rg.sorted.bam,488838548,456497932,32340616,0.066158072
TCGA-HC-7210-01A-11D-2111_130502_SN590_0229_BD2459ACXX_s_8_rg.sorted.bam,546707724,483609538,63098186,0.115414843
TCGA-HC-7210-10A-01D-2111_130517_SN590_0230_AD24B4ACXX_s_1_rg.sorted.bam,433605326,408209871,25395455,0.058568134
TCGA-HC-7211-01A-11D-2111_130517_SN590_0230_AD24B4ACXX_s_2_rg.sorted.bam,458991916,431679994,27311922,0.059504146
TCGA-HC-7211-11A-01D-2111_130517_SN590_0230_AD24B4ACXX_s_3_rg.sorted.bam,506619316,469183132,37436184,0.073894111
TCGA-HC-7212-01A-11D-2111_130517_SN590_0230_AD24B4ACXX_s_4_rg.sorted.bam,401172060,381419230,19752830,0.049237801
TCGA-HC-7212-10A-01D-2111_130517_SN590_0230_AD24B4ACXX_s_5_rg.sorted.bam,391292484,371945391,19347093,0.04944407
TCGA-HC-7213-01A-11D-2111_130517_SN590_0230_AD24B4ACXX_s_6_rg.sorted.bam,489312034,457049204,32262830,0.065935084
TCGA-HC-7213-10A-01D-2111_130517_SN590_0230_AD24B4ACXX_s_7_rg.sorted.bam,451461118,423396785,28064333,0.062163344
TCGA-HC-7230-01A-11D-2111_130517_SN590_0230_AD24B4ACXX_s_8_rg.sorted.bam,449217622,423902775,25314847,0.056353192
TCGA-HC-7230-10A-01D-2111_130517_SN590_0231_BC24V6ACXX_s_1_rg.sorted.bam,378061886,359322618,18739268,0.049566668
TCGA-HC-7231-01A-11D-2111_130517_SN590_0231_BC24V6ACXX_s_2_rg.sorted.bam,497581710,462267528,35314182,0.070971624
TCGA-HC-7231-10A-01D-2111_130517_SN590_0231_BC24V6ACXX_s_3_rg.sorted.bam,525428870,477259264,48169606,0.09167674
TCGA-HC-7232-01A-11D-2111_130517_SN590_0231_BC24V6ACXX_s_4_rg.sorted.bam,431123324,405913681,25209643,0.05847432
TCGA-HC-7232-10A-01D-2111_130517_SN590_0231_BC24V6ACXX_s_5_rg.sorted.bam,426459366,403088970,23370396,0.054800991
TCGA-HC-7233-01A-11D-2111_130517_SN590_0231_BC24V6ACXX_s_6_rg.sorted.bam,425219666,401944577,23275089,0.054736624
TCGA-HC-7233-10A-01D-2111_130517_SN590_0231_BC24V6ACXX_s_7_rg.sorted.bam,452107774,425857897,26249877,0.058061105
TCGA-HD-7753-01A-11D-A32X-10_wgs_Illumina.bam,2025373174,1850380442,174992732,0.086400242
TCGA-HD-7753-10A-01D-A32X-10_wgs_Illumina.bam,1372707278,1330820090,41887188,0.03051429
TCGA-HE-A5NF-01A-11D-A26P-10_wgs_Illumina.bam,2020479556,1926247709,94231847,0.046638357
TCGA-HE-A5NF-10A-01D-A26P-10_wgs_Illumina.bam,1328422152,1254988896,73433256,0.055278554
TCGA-HE-A5NH-01A-11D-A26P-10_wgs_Illumina.bam,2.35E+09,2.22E+09,126450000,0.053872929
TCGA-HE-A5NH-10A-01D-A26P-10_wgs_Illumina.bam,889655306,838920037,50735269,0.057028007
TCGA-HE-A5NI-01A-11D-A26P-10_wgs_Illumina.bam,1943816372,1844724097,99092275,0.050978208
TCGA-HE-A5NI-10A-01D-A26P-10_wgs_Illumina.bam,1365914500,1288244319,77670181,0.056863135
TCGA-HE-A5NJ-01A-11D-A26P-10_wgs_Illumina.bam,1984208114,1874897868,109310246,0.055090111
TCGA-HE-A5NJ-10A-01D-A26P-10_wgs_Illumina.bam,858449714,811970003,46479711,0.054143778
TCGA-HE-A5NK-01A-11D-A26P-10_wgs_Illumina.bam,2.24E+09,2129829469,114000531,0.050806225
TCGA-HE-A5NK-10A-01D-A26P-10_wgs_Illumina.bam,1161597882,1089355458,72242424,0.062192283
TCGA-HE-A5NL-01A-11D-A26P-10_wgs_Illumina.bam,1799753904,1708919960,90833944,0.050470203
TCGA-HE-A5NL-10A-01D-A26P-10_wgs_Illumina.bam,806680424,761680545,44999879,0.055784023
TCGA-HF-7131-01A-11R-2055-13_rnaseq.bam,176708080,164154969,12553111,0.071038693
TCGA-HF-7132-01A-11R-2055-13_rnaseq.bam,244668366,217840726,26827640,0.109648993
TCGA-HF-7133-01A-11R-2055-13_rnaseq.bam,164986702,150694102,14292600,0.0866288
TCGA-HF-7134-01A-11R-2055-13_rnaseq.bam,183218868,169651406,13567462,0.074050572
TCGA-HF-7136-01A-11R-2055-13_rnaseq.bam,312533444,286195760,26337684,0.08427157
TCGA-HF-A5NB-01A-11R-A31P-31_rnaseq.bam,285213612,248176397,37037215,0.12985781
TCGA-HG-A2PA-01A-11D-A20X_140106_SN590_0244_BC384EACXX_s_4_rg.sorted.bam,325183468,312684313,12499155,0.03843724
TCGA-HG-A2PA-10B-01D-A20X_140106_SN590_0244_BC384EACXX_s_8_rg.sorted.bam,372795416,356857221,15938195,0.042753195
TCGA-HI-7168-01A-11D-2111_130517_SN590_0231_BC24V6ACXX_s_8_rg.sorted.bam,441521928,416208714,25313214,0.057331726
TCGA-HI-7168-10A-01D-2111_130607_SN590_0232_BD26R5ACXX_s_2_rg.sorted.bam,404828008,387219989,17608019,0.043495061
TCGA-HI-7169-01A-11D-2111_130607_SN590_0232_BD26R5ACXX_s_3_rg.sorted.bam,358356652,344893931,13462721,0.037567939
TCGA-HI-7169-10A-01D-2111_130607_SN590_0232_BD26R5ACXX_s_4_rg.sorted.bam,341410820,328791643,12619177,0.036961854
TCGA-HI-7170-01A-11D-2111_130607_SN590_0232_BD26R5ACXX_s_5_rg.sorted.bam,415088208,396980750,18107458,0.043623157
TCGA-HI-7170-10A-01D-2111_130607_SN590_0232_BD26R5ACXX_s_6_rg.sorted.bam,416806928,398877460,17929468,0.043016243
TCGA-HI-7171-01A-12D-2111_130607_SN590_0232_BD26R5ACXX_s_7_rg.sorted.bam,348682536,335506152,13176384,0.037789056
TCGA-HI-7171-10A-01D-2111_130607_SN590_0232_BD26R5ACXX_s_8_rg.sorted.bam,498144666,468497704,29646962,0.059514764
TCGA-HJ-7597-01A-21R-2203-13_rnaseq.bam,243843560,205719854,38123706,0.156344937
TCGA-HM-A3JK-01A-11D-A245_140124_SN1440_0179_BD2DRDACXX_s_1_rg.sorted.bam,466003816,445499419,20504397,0.044000492
TCGA-HM-A3JK-10A-01D-A245_140124_SN1440_0179_BD2DRDACXX_s_8_rg.sorted.bam,457441578,438632856,18808722,0.041117211
TCGA-HP-A5MZ-01A-21D-A27I-10_wgs_Illumina.bam,2.73E+09,2.52E+09,208600000,0.076524061
TCGA-HP-A5MZ-10A-01D-A27I-10_wgs_Illumina.bam,1255663692,1177966715,77696977,0.061877219
TCGA-HQ-A2OE-01A-11D-A204_121002_SN1222_0155_BD1ERHACXX_s_5_rg.sorted.bam,517274106,491824135,25449971,0.049200164
TCGA-HQ-A2OE-10A-01D-A204_121002_SN1222_0155_BD1ERHACXX_s_6_rg.sorted.bam,530617374,503808651,26808723,0.050523643
TCGA-HR-A2OG-01A-21D-A18Y_120602_SN1120_0146_AC0WLVACXX_s_2_rg.sorted.bam,275534196,266017190,9517006,0.034540199
TCGA-HR-A2OG-10A-01D-A190_120602_SN1120_0146_AC0WLVACXX_s_4_rg.sorted.bam,332022720,318821590,13201130,0.039759719
TCGA-HR-A2OH-01A-11D-A18Y_120602_SN1120_0146_AC0WLVACXX_s_1_rg.sorted.bam,345481278,332600704,12880574,0.037282987
TCGA-HR-A2OH-10A-01D-A190_120602_SN1120_0146_AC0WLVACXX_s_3_rg.sorted.bam,372469800,358048019,14421781,0.03871933
TCGA-HT-7468-01A-11D-2022_130911_SN1222_0218_BC2A1NACXX_s_5_rg.sorted.bam,332948648,321378448,11570200,0.034750704
TCGA-HT-7468-10A-01D-2022_130911_SN1222_0218_BC2A1NACXX_s_6_rg.sorted.bam,348745392,337025252,11720140,0.03360658
TCGA-HT-7472-01A-11D-2022_130911_SN1222_0218_BC2A1NACXX_s_7_rg.sorted.bam,303860850,294037941,9822909,0.032326998
TCGA-HT-7472-10A-01D-2022_130911_SN1222_0218_BC2A1NACXX_s_8_rg.sorted.bam,289132174,279026693,10105481,0.034951077
TCGA-HT-7473-01A-11D-2022_130913_SN1440_0167_AC2A6PACXX_s_4_rg.sorted.bam,419190550,403513519,15677031,0.037398341
TCGA-HT-7473-10A-01D-2022_130913_SN1440_0167_AC2A6PACXX_s_7_rg.sorted.bam,433402172,417194848,16207324,0.037395576
TCGA-HT-7475-01A-11D-2022_130913_SN1440_0167_AC2A6PACXX_s_5_rg.sorted.bam,452079726,434904228,17175498,0.037992188
TCGA-HT-7475-10A-01D-2022_130913_SN1440_0167_AC2A6PACXX_s_8_rg.sorted.bam,466992892,447995061,18997831,0.040681199
TCGA-HT-7476-01A-11D-2022_130913_SN1440_0167_AC2A6PACXX_s_6_rg.sorted.bam,413012434,399040834,13971600,0.033828521
TCGA-HT-7476-10A-01D-2022_130913_SN1440_0168_BD2B0UACXX_s_4_rg.sorted.bam,373784060,359912786,13871274,0.037110395
TCGA-HT-7481-01A-11D-2022_130913_SN1440_0168_BD2B0UACXX_s_1_rg.sorted.bam,452799772,433654579,19145193,0.042281808
TCGA-HT-7481-10A-01D-2022_130913_SN1440_0168_BD2B0UACXX_s_5_rg.sorted.bam,390528562,376365518,14163044,0.036266346
TCGA-HT-7601-01A-11D-2088_130923_SN1222_0220_BC2DUUACXX_s_5_rg.sorted.bam,167157704,161426111,5731593,0.034288536
TCGA-HT-7601-10A-01D-2088_130910_SN208_0494_AC2A1DACXX_s_1_rg.sorted.bam,339062850,327459473,11603377,0.034221906
TCGA-HT-7604-01A-11D-2088_130923_SN1222_0220_BC2DUUACXX_s_6_rg.sorted.bam,141050894,136182760,4868134,0.034513315
TCGA-HT-7604-10A-01D-2088_130910_SN208_0494_AC2A1DACXX_s_2_rg.sorted.bam,298337170,288484013,9853157,0.033026917
TCGA-HU-8238-01A-11R-2343-13_rnaseq.bam,221311944,156337825,64974119,0.293586138
TCGA-HU-8238-11A-01R-2343-13_rnaseq.bam,218037710,189107457,28930253,0.132684631
TCGA-HU-8243-01A-11R-2343-13_rnaseq.bam,273258676,214340541,58918135,0.215613044
TCGA-HU-8244-01A-11R-2343-13_rnaseq.bam,192334844,152491302,39843542,0.20715717
TCGA-HU-8249-01A-11R-A36D-31_rnaseq.bam,215566048,166560477,49005571,0.227334367
TCGA-HU-8602-01A-11R-2402-13_rnaseq.bam,211518830,195063581,16455249,0.07779567
TCGA-HU-8604-01A-11R-2402-13_rnaseq.bam,145038048,129061932,15976116,0.110151207
TCGA-HU-8608-01A-11R-2402-13_rnaseq.bam,191936964,176024648,15912316,0.082903864
TCGA-HU-8610-01A-22R-2402-13_rnaseq.bam,160048670,147433128,12615542,0.07882316
TCGA-HU-A4G2-01A-11R-A251-31_rnaseq.bam,260236156,226381085,33855071,0.130093648
TCGA-HU-A4G3-01A-11R-A24K-31_rnaseq.bam,240603764,214790110,25813654,0.107286992
TCGA-HU-A4G3-11A-11R-A24K-31_rnaseq.bam,209156560,187561205,21595355,0.103249714
TCGA-HU-A4G6-01A-11R-A24K-31_rnaseq.bam,298966650,249451448,49515202,0.165621155
TCGA-HU-A4G8-01A-11R-A251-31_rnaseq.bam,151439444,132364208,19075236,0.125959496
TCGA-HU-A4G9-01A-11R-A24K-31_rnaseq.bam,181516004,155263654,26252350,0.144628294
TCGA-HU-A4GC-01A-12R-A251-31_rnaseq.bam,242270582,213693352,28577230,0.11795584
TCGA-HU-A4GC-11A-11R-A251-31_rnaseq.bam,196066280,169392094,26674186,0.13604678
TCGA-HU-A4GD-01A-11R-A36D-31_rnaseq.bam,247007080,213067972,33939108,0.137401357
TCGA-HU-A4GF-01A-11R-A24K-31_rnaseq.bam,214921422,193119521,21801901,0.101441265
TCGA-HU-A4GH-01A-11R-A24K-31_rnaseq.bam,312664052,283616465,29047587,0.092903507
TCGA-HU-A4GH-11A-11R-A36D-31_rnaseq.bam,240905728,175284494,65621234,0.27239383
TCGA-HU-A4GJ-01A-11R-A251-31_rnaseq.bam,243442570,206740045,36702525,0.150764614
TCGA-HU-A4GN-01A-11R-A251-31_rnaseq.bam,311979354,284420305,27559049,0.088336131
TCGA-HU-A4GN-11A-12R-A251-31_rnaseq.bam,214761730,191652063,23109667,0.107606076
TCGA-HU-A4GP-01A-11R-A251-31_rnaseq.bam,261017628,232316776,28700852,0.109957524
TCGA-HU-A4GP-11A-21R-A251-31_rnaseq.bam,245183388,218859855,26323533,0.107362628
TCGA-HU-A4GQ-01A-11R-A36D-31_rnaseq.bam,185195714,152650741,32544973,0.175732863
TCGA-HU-A4GT-01A-21R-A251-31_rnaseq.bam,191493800,169251209,22242591,0.116153061
TCGA-HU-A4GU-01A-11R-A251-31_rnaseq.bam,236262792,209968636,26294156,0.111291989
TCGA-HU-A4GX-01A-12R-A251-31_rnaseq.bam,251442250,226334884,25107366,0.09985341
TCGA-HU-A4GY-01A-21R-A24K-31_rnaseq.bam,247546450,208822173,38724277,0.156432367
TCGA-HU-A4GY-11A-11R-A36D-31_rnaseq.bam,231204504,150853425,80351079,0.347532499
TCGA-HU-A4H0-01A-11R-A251-31_rnaseq.bam,257644668,227072466,30572202,0.118660333
TCGA-HU-A4H2-01A-11R-A251-31_rnaseq.bam,331303500,294129151,37174349,0.112206327
TCGA-HU-A4H3-01A-21R-A251-31_rnaseq.bam,253998678,226240510,27758168,0.109284695
TCGA-HU-A4H4-01A-21R-A251-31_rnaseq.bam,280515718,252190781,28324937,0.100974509
TCGA-HU-A4H5-01A-21R-A251-31_rnaseq.bam,265478286,223807690,41670596,0.156964235
TCGA-HU-A4H6-01A-11R-A251-31_rnaseq.bam,279536628,233186965,46349663,0.165808908
TCGA-HU-A4H8-01A-11R-A251-31_rnaseq.bam,259710816,231380528,28330288,0.109083974
TCGA-HU-A4HB-01A-12R-A251-31_rnaseq.bam,254117708,228636144,25481564,0.100274649
TCGA-HU-A4HB-11A-11R-A251-31_rnaseq.bam,261736838,233736187,28000651,0.106980168
TCGA-HU-A4HD-01A-11R-A251-31_rnaseq.bam,348463440,316189185,32274255,0.092618769
TCGA-HW-7489-01A-11D-2022_130913_SN1440_0168_BD2B0UACXX_s_2_rg.sorted.bam,428406274,410634786,17771488,0.041482791
TCGA-HW-7489-10A-01D-2022_130913_SN1440_0168_BD2B0UACXX_s_6_rg.sorted.bam,410651034,395452394,15198640,0.037011084
TCGA-HW-7495-01A-11D-2022_130913_SN1440_0168_BD2B0UACXX_s_3_rg.sorted.bam,371031420,358443984,12587436,0.033925526
TCGA-HW-7495-10A-01D-2022_130913_SN1440_0168_BD2B0UACXX_s_7_rg.sorted.bam,504521676,481473436,23048240,0.045683349
TCGA-IA-A40X-01A-11D-A25F-10_wgs_Illumina.bam,2.19E+09,2064341666,125588334,0.057348104
TCGA-IA-A40X-10A-01D-A25F-10_wgs_Illumina.bam,1359679642,1289843779,69835863,0.051361998
TCGA-IA-A40Y-01A-11D-A25F-10_wgs_Illumina.bam,2.24E+09,2116405186,121364814,0.054234713
TCGA-IA-A40Y-10A-01D-A25F-10_wgs_Illumina.bam,1318627110,1250761319,67865791,0.051467007
TCGA-IC-A6RE-01A-11R-A336-31_rnaseq.bam,209941816,144465724,65476092,0.311877325
TCGA-IC-A6RE-11A-12R-A336-31_rnaseq.bam,204094540,139719729,64374811,0.315416625
TCGA-IC-A6RF-01A-13R-A336-31_rnaseq.bam,249924408,201493683,48430725,0.193781493
TCGA-IC-A6RF-11A-21R-A336-31_rnaseq.bam,192311644,121318807,70992837,0.369155167
TCGA-IG-A3I8-01A-11D-A248_130101_SN590_0206_AC1H8RACXX_s_5_rg.sorted.bam,481207872,433235539,47972333,0.099691497
TCGA-IG-A3I8-01A-11R-A24K-31_rnaseq.bam,249278018,225394538,23883480,0.095810614
TCGA-IG-A3I8-10A-01D-A248_130101_SN590_0206_AC1H8RACXX_s_6_rg.sorted.bam,508271208,463798097,44473111,0.087498781
TCGA-IG-A3I8-11A-11D-A248_130115_SN590_0207_AC1H8PACXX_s_3_rg.sorted.bam,448740146,415716608,33023538,0.073591673
TCGA-IG-A3I8-11A-11R-A24K-31_rnaseq.bam,299453966,261316622,38137344,0.127356283
TCGA-IG-A3QL-01A-11D-A248_121212_SN1120_0205_AC1F18ACXX_s_7_rg.sorted.bam,612779386,516399891,96379495,0.157282535
TCGA-IG-A3QL-01A-11R-A24K-31_rnaseq.bam,253649966,218243850,35406116,0.13958652
TCGA-IG-A3QL-10A-01D-A248_121212_SN1120_0205_AC1F18ACXX_s_8_rg.sorted.bam,619091854,511892433,107199421,0.173155922
TCGA-IG-A3Y9-01A-12D-A248_121211_SN208_0443_BC1H55ACXX_s_7_rg.sorted.bam,431882228,409644033,22238195,0.051491341
TCGA-IG-A3Y9-01A-12R-A24K-31_rnaseq.bam,302693238,256570180,46123058,0.152375581
TCGA-IG-A3Y9-10A-01D-A248_121211_SN208_0443_BC1H55ACXX_s_8_rg.sorted.bam,438193016,414359376,23833640,0.054390735
TCGA-IG-A3YA-01A-11D-A248_121211_SN208_0443_BC1H55ACXX_s_1_rg.sorted.bam,456111554,430116541,25995013,0.056992665
TCGA-IG-A3YA-01A-11R-A24K-31_rnaseq.bam,282747512,246977947,35769565,0.12650709
TCGA-IG-A3YA-10A-01D-A248_121211_SN208_0443_BC1H55ACXX_s_2_rg.sorted.bam,458463176,431784094,26679082,0.058192421
TCGA-IG-A3YB-01A-11D-A248_121207_SN1222_0162_BD1MA7ACXX_s_3_rg.sorted.bam,293780580,284207979,9572601,0.032584186
TCGA-IG-A3YB-01A-11R-A36D-31_rnaseq.bam,237797980,201223841,36574139,0.153803405
TCGA-IG-A3YB-10A-01D-A248_121207_SN1222_0162_BD1MA7ACXX_s_4_rg.sorted.bam,280250264,270133498,10116766,0.036099042
TCGA-IG-A3YC-01A-11D-A248_121207_SN1222_0161_AC1HJ0ACXX_s_5_rg.sorted.bam,267778580,259165355,8613225,0.032165474
TCGA-IG-A3YC-01A-11R-A24K-31_rnaseq.bam,226201974,187387873,38814101,0.171590461
TCGA-IG-A3YC-10A-01D-A248_121207_SN1222_0161_AC1HJ0ACXX_s_6_rg.sorted.bam,244197866,236120742,8077124,0.033076145
TCGA-IG-A4P3-01A-11D-A267_131018_SN590_0240_AC2MW5ACXX_s_3_rg.sorted.bam,250017918,241950965,8066953,0.032265499
TCGA-IG-A4P3-01A-11R-A260-31_rnaseq.bam,265601890,232093035,33508855,0.12616196
TCGA-IG-A4P3-10A-01D-A267_131018_SN590_0240_AC2MW5ACXX_s_4_rg.sorted.bam,235133442,227728287,7405155,0.031493415
TCGA-IG-A4QS-01A-11R-A260-31_rnaseq.bam,207955188,174461219,33493969,0.161063397
TCGA-IG-A4QT-01A-21D-A267_131120_SN1222_0229_AD2FDGACXX_s_3_rg.sorted.bam,451247874,432655546,18592328,0.041202029
TCGA-IG-A4QT-01A-21R-A260-31_rnaseq.bam,277552156,235817861,41734295,0.150365595
TCGA-IG-A4QT-10A-02D-A267_131120_SN1222_0229_AD2FDGACXX_s_4_rg.sorted.bam,393728708,379071211,14657497,0.037227402
TCGA-IG-A50L-01A-11D-A267_131120_SN1222_0230_BC29YPACXX_s_1_rg.sorted.bam,432695020,415364633,17330387,0.040052199
TCGA-IG-A50L-01A-11R-A260-31_rnaseq.bam,246490590,209335727,37154863,0.150735422
TCGA-IG-A50L-10A-01D-A267_131120_SN1222_0230_BC29YPACXX_s_2_rg.sorted.bam,441452622,426196567,15256055,0.03455876
TCGA-IG-A51D-01A-11D-A267_131001_SN1120_0279_AC2DKPACXX_s_3_rg.sorted.bam,339853268,329817121,10036147,0.029530824
TCGA-IG-A51D-01A-11R-A36D-31_rnaseq.bam,236957922,195801732,41156190,0.173685647
TCGA-IG-A51D-10A-01D-A267_131001_SN1120_0279_AC2DKPACXX_s_4_rg.sorted.bam,335995652,325396975,10598677,0.03154409
TCGA-IG-A5B8-01A-11D-A28P_131120_SN1222_0230_BC29YPACXX_s_3_rg.sorted.bam,395911142,383916854,11994288,0.030295404
TCGA-IG-A5B8-01A-11R-A28J-31_rnaseq.bam,224475998,190370025,34105973,0.151935946
TCGA-IG-A5B8-10A-01D-A28P_131120_SN1222_0230_BC29YPACXX_s_5_rg.sorted.bam,432146174,417263138,14883036,0.034439819
TCGA-IG-A5S3-01A-11D-A28P_131120_SN1222_0230_BC29YPACXX_s_7_rg.sorted.bam,452482018,437515084,14966934,0.033077412
TCGA-IG-A5S3-01A-11R-A28J-31_rnaseq.bam,199700122,172846602,26853520,0.134469222
TCGA-IG-A5S3-10A-01D-A28P_140122_SN1222_0236_BD2CT4ACXX_s_1_rg.sorted.bam,270909760,262425409,8484351,0.031317997
TCGA-IG-A625-01A-11R-A31P-31_rnaseq.bam,230323966,203473280,26850686,0.116577907
TCGA-IG-A6QS-01A-12R-A336-31_rnaseq.bam,211773838,169191305,42582533,0.201075512
TCGA-IG-A7DP-01A-31R-A336-31_rnaseq.bam,216635490,127936830,88698660,0.409437346
TCGA-IG-A8O2-01A-11R-A36D-31_rnaseq.bam,245458096,196982912,48475184,0.197488634
TCGA-IG-A97H-01A-11R-A38D-31_rnaseq.bam,203665248,160518588,43146660,0.21185087
TCGA-IG-A97I-01A-11R-A38D-31_rnaseq.bam,271109236,214218327,56890909,0.209844968
TCGA-IN-7806-01A-11R-2055-13_rnaseq.bam,194629526,172281076,22348450,0.114825589
TCGA-IN-7806-11A-01R-2055-13_rnaseq.bam,191132556,177120680,14011876,0.07330973
TCGA-IN-7808-01A-11R-2203-13_rnaseq.bam,239602112,190722649,48879463,0.204002638
TCGA-IN-8462-01A-11R-2343-13_rnaseq.bam,211856680,148145310,63711370,0.300728634
TCGA-IN-8462-11A-01R-2343-13_rnaseq.bam,270680112,224746587,45933525,0.169696712
TCGA-IN-8663-01A-11R-2402-13_rnaseq.bam,184316404,170214695,14101709,0.07650816
TCGA-IN-8663-11A-01R-2402-13_rnaseq.bam,91670406,82566892,9103514,0.099307011
TCGA-IN-A6RI-01A-11R-A32D-31_rnaseq.bam,228986448,157403941,71582507,0.312605867
TCGA-IN-A6RJ-01A-21R-A33Y-31_rnaseq.bam,189678128,70371828,119306300,0.628993449
TCGA-IN-A6RL-01A-11R-A32D-31_rnaseq.bam,155603142,73883323,81719819,0.525181034
TCGA-IN-A6RN-01A-12R-A33Y-31_rnaseq.bam,178323404,50347879,127975525,0.717659725
TCGA-IN-A6RO-01A-12R-A33Y-31_rnaseq.bam,232210254,175613318,56596936,0.243731425
TCGA-IN-A6RR-01A-12R-A32D-31_rnaseq.bam,215209054,128003550,87205504,0.405212989
TCGA-IN-A6RS-01A-12R-A354-31_rnaseq.bam,224572226,149706923,74865303,0.333368486
TCGA-IN-A7NR-01A-11R-A354-31_rnaseq.bam,193631038,47749069,145881969,0.753401782
TCGA-IN-A7NT-01A-21R-A354-31_rnaseq.bam,167524014,47648314,119875700,0.715573231
TCGA-IN-A7NU-01A-22R-A354-31_rnaseq.bam,183747966,51960517,131787449,0.717218546
TCGA-IN-AB1V-01A-21R-A414-31_rnaseq.bam,236739516,182627093,54112423,0.228573683
TCGA-IN-AB1V-11A-11R-A414-31_rnaseq.bam,231803594,194445770,37357824,0.161161539
TCGA-IN-AB1X-01A-11R-A39E-31_rnaseq.bam,248450014,201731743,46718271,0.188038915
TCGA-IN-AB1X-11A-21R-A39E-31_rnaseq.bam,258276660,214285597,43991063,0.170325352
TCGA-IP-7968-01A-11R-2203-13_rnaseq.bam,244175738,202733923,41441815,0.169721264
TCGA-IP-7968-11A-01R-2203-13_rnaseq.bam,189449518,127385630,62063888,0.327601192
TCGA-IQ-7632-01A-11D-2317_120730_SN1222_0141_BC115GACXX_s_2_rg.sorted.bam,406415890,385893265,20522625,0.050496611
TCGA-IQ-7632-10A-01D-2317_120710_SN590_0165_BC0VU7ACXX_s_3_rg.sorted.bam,417382582,395934847,21447735,0.051386272
TCGA-IR-A3L7-01A-21D-A20X_140117_SN590_0245_AC371LACXX_s_3_rg.sorted.bam,384780124,370036261,14743863,0.038317632
TCGA-IR-A3L7-10A-01D-A20X_140117_SN590_0245_AC371LACXX_s_7_rg.sorted.bam,547556752,464099260,83457492,0.152417976
TCGA-IR-A3LA-01A-11D-A232_140124_SN1120_0291_AC2PHAACXX_s_7_rg.sorted.bam,533792980,511263772,22529208,0.04220589
TCGA-IR-A3LA-10A-01D-A232_140124_SN1120_0292_BD2F1HACXX_s_6_rg.sorted.bam,380634070,364598555,16035515,0.042128428
TCGA-IR-A3LC-01A-11D-A20X_140117_SN590_0246_BC37BDACXX_s_3_rg.sorted.bam,329630476,318536936,11093540,0.033654473
TCGA-IR-A3LC-10A-01D-A20X_140117_SN590_0246_BC37BDACXX_s_6_rg.sorted.bam,344219034,331933240,12285794,0.035691792
TCGA-IR-A3LF-01A-21D-A232_140124_SN1120_0292_BD2F1HACXX_s_7_rg.sorted.bam,487485924,462643814,24842110,0.050959646
TCGA-IR-A3LF-10A-01D-A232_140124_SN208_0506_BC2PD5ACXX_s_4_rg.sorted.bam,475802538,455344066,20458472,0.04299782
TCGA-IR-A3LH-01A-21D-A20X_140117_SN590_0246_BC37BDACXX_s_8_rg.sorted.bam,329834714,316736055,13098659,0.039712797
TCGA-IR-A3LH-10A-01D-A20X_140131_SN590_0247_AC3FDBACXX_s_2_rg.sorted.bam,323854020,312018945,11835075,0.036544475
TCGA-IR-A3LI-01A-11D-A20X_140131_SN590_0247_AC3FDBACXX_s_5_rg.sorted.bam,317668346,307252271,10416075,0.03278915
TCGA-IR-A3LI-10A-01D-A20X_140131_SN590_0247_AC3FDBACXX_s_8_rg.sorted.bam,306951684,296904684,10047000,0.032731536
TCGA-IR-A3LK-01A-12D-A20X_140417_SN590_0248_AC3EUFACXX_s_3_rg.sorted.bam,303630624,292790301,10840323,0.035702337
TCGA-IR-A3LK-10A-01D-A20X_140417_SN590_0248_AC3EUFACXX_s_6_rg.sorted.bam,374236204,357960497,16275707,0.043490466
TCGA-IR-A3LK-10A-01D-A20X_140417_SN590_0248_AC3EUFACXX_s_8_rg.sorted.bam,378816840,362063636,16753204,0.044225077
TCGA-IR-A3LL-01A-11D-A20X_140117_SN590_0245_AC371LACXX_s_4_rg.sorted.bam,275563220,266768209,8795011,0.031916491
TCGA-IR-A3LL-10A-01D-A20X_140117_SN590_0245_AC371LACXX_s_8_rg.sorted.bam,553007252,459233680,93773572,0.169570239
TCGA-J8-A3YH-01A-11D-A23Q_120927_SN208_0432_AC188LACXX_s_3_rg.sorted.bam,505231088,473200070,32031018,0.063398747
TCGA-J8-A3YH-06A-11D-A23Q_120927_SN208_0432_AC188LACXX_s_5_rg.sorted.bam,351256188,339249632,12006556,0.034181764
TCGA-J8-A3YH-10A-01D-A23Q_120927_SN208_0432_AC188LACXX_s_4_rg.sorted.bam,314637974,303775008,10862966,0.034525286
TCGA-JX-A3PZ-01A-11D-A245_140124_SN1440_0179_BD2DRDACXX_s_2_rg.sorted.bam,465470870,445755765,19715105,0.042355185
TCGA-JX-A3PZ-10A-01D-A245_140206_SN1222_0239_BC2RAKACXX_s_1_rg.sorted.bam,228821724,223063570,5758154,0.025164368
TCGA-JX-A3Q0-01A-11D-A245_140124_SN1440_0179_BD2DRDACXX_s_3_rg.sorted.bam,463374766,443192030,20182736,0.043555967
TCGA-JX-A3Q0-10A-01D-A245_140206_SN1222_0239_BC2RAKACXX_s_2_rg.sorted.bam,368463264,356812753,11650511,0.031619193
TCGA-JX-A3Q8-01A-11D-A245_140206_SN1222_0239_BC2RAKACXX_s_3_rg.sorted.bam,206188482,201610428,4578054,0.022203248
TCGA-JX-A3Q8-10A-01D-A245_140206_SN1222_0239_BC2RAKACXX_s_4_rg.sorted.bam,395237992,382649421,12588571,0.03185061
TCGA-JY-A6F8-01A-11R-A336-31_rnaseq.bam,292534360,244777784,47756576,0.163251168
TCGA-JY-A6FA-01A-11R-A336-31_rnaseq.bam,250040678,214239329,35801349,0.143182099
TCGA-JY-A6FB-01A-11R-A336-31_rnaseq.bam,216634428,189334577,27299851,0.126018063
TCGA-JY-A6FD-01A-11R-A336-31_rnaseq.bam,222854374,179529005,43325369,0.194411122
TCGA-JY-A6FE-01A-11R-A336-31_rnaseq.bam,221741484,155986544,65754940,0.296538739
TCGA-JY-A6FG-01A-11R-A336-31_rnaseq.bam,242504914,186088949,56415965,0.23263844
TCGA-JY-A6FH-01A-11R-A336-31_rnaseq.bam,241838444,199402928,42435516,0.175470514
TCGA-JY-A938-01A-11R-A37I-31_rnaseq.bam,229966946,161799065,68167881,0.296424691
TCGA-JY-A939-01A-12R-A37I-31_rnaseq.bam,258306632,193227871,65078761,0.251943825
TCGA-JY-A93C-01A-11R-A38D-31_rnaseq.bam,237669416,210591833,27077583,0.113929606
TCGA-JY-A93D-01A-11R-A38D-31_rnaseq.bam,227212432,188699413,38513019,0.169502252
TCGA-JY-A93E-01A-11R-A37I-31_rnaseq.bam,255150492,187775864,67374628,0.26405839
TCGA-JY-A93F-01A-21R-A37I-31_rnaseq.bam,213895144,178191769,35703375,0.166919989
TCGA-K4-A3WS-01A-11D-A23Q_120927_SN208_0432_AC188LACXX_s_1_rg.sorted.bam,527624184,487112271,40511913,0.076781759
TCGA-K4-A3WS-10A-01D-A23Q_120927_SN208_0432_AC188LACXX_s_2_rg.sorted.bam,341653032,328682414,12970618,0.037964299
TCGA-K4-A3WV-01A-11D-A23Q_120926_SN1222_0153_BD1D4MACXX_s_6_rg.sorted.bam,299877308,291512169,8365139,0.027895205
TCGA-K4-A3WV-10A-01D-A23Q_120926_SN1222_0153_BD1D4MACXX_s_7_rg.sorted.bam,306954562,298098474,8856088,0.028851462
TCGA-K4-A3WV-11A-21D-A23Q_120926_SN1222_0153_BD1D4MACXX_s_8_rg.sorted.bam,400215534,386325530,13890004,0.034706309
TCGA-KB-A6F7-01A-12R-A32D-31_rnaseq.bam,216593112,111536789,105056323,0.48504
TCGA-KB-A93G-01A-11R-A39E-31_rnaseq.bam,239144228,196696846,42447382,0.177496996
TCGA-KB-A93H-01A-11R-A39E-31_rnaseq.bam,181787420,145553734,36233686,0.199318996
TCGA-KB-A93J-01A-11R-A39E-31_rnaseq.bam,226937860,183972145,42965715,0.189328105
TCGA-KH-A6WC-01A-11R-A336-31_rnaseq.bam,255282936,212834077,42448859,0.166281615
TCGA-KL-8323-01A-21D-2310-10_wgs_Illumina.bam,2005283428,1899240809,106042619,0.052881611
TCGA-KL-8323-11A-01D-2310-10_wgs_Illumina.bam,1177902346,1110920426,66981920,0.056865427
TCGA-KL-8325-01A-11D-2310-10_wgs_Illumina.bam,2072255578,1965014113,107241465,0.05175108
TCGA-KL-8325-11A-01D-2310-10_wgs_Illumina.bam,1063671746,1005654597,58017149,0.054544223
TCGA-KL-8326-01A-11D-2310-10_wgs_Illumina.bam,2.56E+09,2.42E+09,143550000,0.056018638
TCGA-KL-8326-11A-01D-2310-10_wgs_Illumina.bam,1258234170,1183432058,74802112,0.059450072
TCGA-KL-8327-01A-11D-2310-10_wgs_Illumina.bam,2.53E+09,2.39E+09,144850000,0.057167101
TCGA-KL-8327-11A-01D-2310-10_wgs_Illumina.bam,1254513806,1187770833,66742973,0.053202263
TCGA-KL-8328-01A-11D-2310-10_wgs_Illumina.bam,1945422876,1843709951,101712925,0.052283196
TCGA-KL-8328-11A-01D-2310-10_wgs_Illumina.bam,1286120330,1223530272,62590058,0.048665787
TCGA-KL-8330-01A-11D-2310-10_wgs_Illumina.bam,2.42E+09,2.25E+09,168060000,0.069542549
TCGA-KL-8330-11A-01D-2310-10_wgs_Illumina.bam,1179878178,1120149687,59728491,0.050622591
TCGA-KL-8331-01A-11D-2310-10_wgs_Illumina.bam,2.31E+09,2.16E+09,145890000,0.063139718
TCGA-KL-8331-11A-01D-2310-10_wgs_Illumina.bam,1163571882,1104757712,58814170,0.050546228
TCGA-KL-8332-01A-11D-2310-10_wgs_Illumina.bam,2.53E+09,2.39E+09,141930000,0.056039895
TCGA-KL-8332-11A-01D-2310-10_wgs_Illumina.bam,1136062676,1078556882,57505794,0.050618505
TCGA-KL-8333-01A-11D-2310-10_wgs_Illumina.bam,2.50E+09,2.32E+09,177680000,0.071212431
TCGA-KL-8333-11A-01D-2310-10_wgs_Illumina.bam,1120919730,1062758993,58160737,0.051886621
TCGA-KL-8334-01A-11D-2310-10_wgs_Illumina.bam,2.51E+09,2.34E+09,162700000,0.064939471
TCGA-KL-8334-11A-01D-2310-10_wgs_Illumina.bam,1308202048,1238822340,69379708,0.053034398
TCGA-KL-8337-01A-11D-2310-10_wgs_Illumina.bam,2142663344,2014848847,127814497,0.05965216
TCGA-KL-8337-11A-01D-2310-10_wgs_Illumina.bam,1227454582,1163465072,63989510,0.052131876
TCGA-KL-8340-01A-11D-2310-10_wgs_Illumina.bam,2.40E+09,2.26E+09,139500000,0.058146563
TCGA-KL-8340-11A-01D-2310-10_wgs_Illumina.bam,1241816242,1170900583,70915659,0.057106403
TCGA-KL-8341-01A-11D-2310-10_wgs_Illumina.bam,2116561242,1999336143,117225099,0.055384695
TCGA-KL-8341-11A-01D-2310-10_wgs_Illumina.bam,1164754458,1097370179,67384279,0.057852776
TCGA-KL-8342-01A-11D-2310-10_wgs_Illumina.bam,1940272570,1833633225,106639345,0.054961013
TCGA-KL-8342-11A-01D-2310-10_wgs_Illumina.bam,1096383384,1039863690,56519694,0.051551031
TCGA-KL-8343-01A-11D-2310-10_wgs_Illumina.bam,2046810782,1941509283,105301499,0.051446621
TCGA-KL-8343-11A-01D-2310-10_wgs_Illumina.bam,1248992932,1176312210,72680722,0.05819146
TCGA-KL-8344-01A-11D-2310-10_wgs_Illumina.bam,2002922984,1906954608,95968376,0.047914162
TCGA-KL-8344-11A-01D-2310-10_wgs_Illumina.bam,1245374480,1174688813,70685667,0.056758564
TCGA-KL-8346-01A-11D-2310-10_wgs_Illumina.bam,1954495380,1851323993,103171387,0.052786713
TCGA-KL-8346-11A-01D-2310-10_wgs_Illumina.bam,1213515508,1147539957,65975551,0.054367291
TCGA-KM-8438-01A-11D-2310-10_wgs_Illumina.bam,2114932952,2007345364,107587588,0.050870449
TCGA-KM-8438-10A-01D-2311-10_wgs_Illumina.bam,1108212750,1054760236,53452514,0.04823308
TCGA-KM-8439-01A-11D-2310-10_wgs_Illumina.bam,1978976540,1873655601,105320939,0.053219903
TCGA-KM-8439-10A-01D-2311-10_wgs_Illumina.bam,1309391188,1223049536,86341652,0.065940303
TCGA-KM-8440-01A-11D-2310-10_wgs_Illumina.bam,2.39E+09,2.25E+09,145350000,0.060805214
TCGA-KM-8440-10A-01D-2311-10_wgs_Illumina.bam,1291290370,1219495157,71795213,0.055599588
TCGA-KM-8441-01A-11D-2310-10_wgs_Illumina.bam,2005722790,1906485695,99237095,0.049476974
TCGA-KM-8441-10A-01D-2311-10_wgs_Illumina.bam,1398364476,1326148648,72215828,0.051643065
TCGA-KM-8442-01A-11D-2310-10_wgs_Illumina.bam,1984504472,1868922283,115582189,0.058242342
TCGA-KM-8442-10A-01D-2311-10_wgs_Illumina.bam,1240288388,1169232499,71055889,0.057289812
TCGA-KM-8443-01A-11D-2310-10_wgs_Illumina.bam,2139342828,2001565626,137777202,0.064401647
TCGA-KM-8443-10A-01D-2311-10_wgs_Illumina.bam,1257827374,1189166050,68661324,0.054587239
TCGA-KM-8476-01A-11D-2310-10_wgs_Illumina.bam,2039689726,1918367197,121322529,0.059480875
TCGA-KM-8476-10A-01D-2311-10_wgs_Illumina.bam,1195932354,1127596594,68335760,0.057140155
TCGA-KM-8477-01A-11D-2310-10_wgs_Illumina.bam,2064767036,1946111694,118655342,0.057466697
TCGA-KM-8477-10A-01D-2311-10_wgs_Illumina.bam,1144878874,1071147567,73731307,0.064400967
TCGA-KM-8639-01A-11D-2397-10_wgs_Illumina.bam,2.47E+09,2.34E+09,132280000,0.053487958
TCGA-KM-8639-10A-01D-2397-10_wgs_Illumina.bam,1239120688,1172176369,66944319,0.054025665
TCGA-KN-8418-01A-11D-2310-10_wgs_Illumina.bam,2.26E+09,2134690280,121229720,0.053738484
TCGA-KN-8418-11A-01D-2310-10_wgs_Illumina.bam,1211137542,1142395427,68742115,0.056758306
TCGA-KN-8419-01A-11D-2310-10_wgs_Illumina.bam,2033554134,1893666406,139887728,0.068789773
TCGA-KN-8419-11A-01D-2310-10_wgs_Illumina.bam,1276624804,1191290826,85333978,0.066843428
TCGA-KN-8421-01A-11D-2310-10_wgs_Illumina.bam,2030917478,1910193035,120724443,0.059443303
TCGA-KN-8421-11A-01D-2310-10_wgs_Illumina.bam,1170446584,1077714703,92731881,0.079227777
TCGA-KN-8422-01A-11D-2310-10_wgs_Illumina.bam,2094865884,1975042199,119823685,0.057198738
TCGA-KN-8422-11A-01D-2310-10_wgs_Illumina.bam,1152385142,1080510336,71874806,0.062370473
TCGA-KN-8424-01A-11D-2310-10_wgs_Illumina.bam,2.16E+09,2041016234,118123766,0.054708711
TCGA-KN-8424-11A-01D-2310-10_wgs_Illumina.bam,1138660296,1074302713,64357583,0.056520442
TCGA-KN-8425-01A-11D-2310-10_wgs_Illumina.bam,1971799894,1856083826,115716068,0.058685503
TCGA-KN-8425-11A-01D-2310-10_wgs_Illumina.bam,1228224436,1148563370,79661066,0.064858721
TCGA-KN-8426-01A-11D-2310-10_wgs_Illumina.bam,1758399212,1649800749,108598463,0.061759845
TCGA-KN-8426-11A-01D-2311-10_wgs_Illumina.bam,1246525042,1190615829,55909213,0.044852058
TCGA-KN-8427-01A-11D-2310-10_wgs_Illumina.bam,1945875052,1828237905,117637147,0.060454625
TCGA-KN-8427-11A-01D-2311-10_wgs_Illumina.bam,1222522922,1165007679,57515243,0.047046351
TCGA-KN-8428-01A-11D-2310-10_wgs_Illumina.bam,2095994850,1955320546,140674304,0.067115768
TCGA-KN-8428-11A-01D-2311-10_wgs_Illumina.bam,1231667278,1167067304,64599974,0.052449209
TCGA-KN-8429-01A-11D-2310-10_wgs_Illumina.bam,2.17E+09,2067102368,99777632,0.046046681
TCGA-KN-8429-11A-01D-2311-10_wgs_Illumina.bam,967931402,908309626,59621776,0.061597109
TCGA-KN-8430-01A-11D-2310-10_wgs_Illumina.bam,1929098316,1793856585,135241731,0.070106189
TCGA-KN-8430-11A-01D-2311-10_wgs_Illumina.bam,1237101556,1165555982,71545574,0.057833226
TCGA-KN-8431-01A-11D-2310-10_wgs_Illumina.bam,1942068436,1825527547,116540889,0.060008642
TCGA-KN-8431-11A-01D-2311-10_wgs_Illumina.bam,1159287900,1101173425,58114475,0.050129459
TCGA-KN-8432-01A-11D-2310-10_wgs_Illumina.bam,2002287176,1896756895,105530281,0.052704868
TCGA-KN-8432-11A-01D-2311-10_wgs_Illumina.bam,1139291844,1088749770,50542074,0.04436271
TCGA-KN-8434-01A-11D-2310-10_wgs_Illumina.bam,2056618776,1959198711,97420065,0.047369044
TCGA-KN-8434-11A-01D-2311-10_wgs_Illumina.bam,1107428570,1048567078,58861492,0.053151502
TCGA-KN-8435-01A-11D-2310-10_wgs_Illumina.bam,2.18E+09,2062471870,117598130,0.053942364
TCGA-KN-8435-11A-01D-2311-10_wgs_Illumina.bam,989191902,937697527,51494375,0.052057012
TCGA-KN-8437-01A-11D-2310-10_wgs_Illumina.bam,2.52E+09,2.39E+09,131520000,0.052191926
TCGA-KN-8437-11A-01D-2311-10_wgs_Illumina.bam,1208860846,1147951522,60909324,0.05038572
TCGA-KO-8405-01A-11D-2310-10_wgs_Illumina.bam,2.37E+09,2.23E+09,139420000,0.058949629
TCGA-KO-8405-11A-01D-2311-10_wgs_Illumina.bam,1200905172,1143000868,57904304,0.048217216
TCGA-KO-8406-01A-11D-2310-10_wgs_Illumina.bam,2100845694,2001960581,98885113,0.047069194
TCGA-KO-8406-11A-01D-2311-10_wgs_Illumina.bam,964256818,918967812,45289006,0.046967784
TCGA-KO-8407-01A-11D-2310-10_wgs_Illumina.bam,1966608730,1861991691,104617039,0.053196672
TCGA-KO-8407-11A-01D-2311-10_wgs_Illumina.bam,1141167600,1076480637,64686963,0.056684893
TCGA-KO-8409-01A-11D-2310-10_wgs_Illumina.bam,2038514040,1922705589,115808451,0.05681023
TCGA-KO-8409-11A-01D-2311-10_wgs_Illumina.bam,1157241642,1082131389,75110253,0.064904554
TCGA-KO-8410-01A-11D-2310-10_wgs_Illumina.bam,2.37E+09,2.24E+09,124700000,0.052638244
TCGA-KO-8410-11A-01D-2311-10_wgs_Illumina.bam,1187224734,1108334200,78890534,0.066449537
TCGA-KO-8411-01A-11D-2310-10_wgs_Illumina.bam,2.34E+09,2.20E+09,139940000,0.059787578
TCGA-KO-8411-11A-01D-2311-10_wgs_Illumina.bam,1010136410,959905048,50231362,0.049727306
TCGA-KO-8416-01A-11D-2310-10_wgs_Illumina.bam,2.15E+09,2016244521,133915479,0.062281634
TCGA-KO-8416-11A-01D-2311-10_wgs_Illumina.bam,975819688,929415026,46404662,0.047554546
TCGA-KO-8417-01A-11D-2310-10_wgs_Illumina.bam,2.31E+09,2.19E+09,122110000,0.052783097
TCGA-KO-8417-11A-01D-2311-10_wgs_Illumina.bam,965188302,910178048,55010254,0.056994323
TCGA-L5-A43C-01A-11D-A248_121207_SN1222_0161_AC1HJ0ACXX_s_1_rg.sorted.bam,303560530,291846799,11713731,0.038587793
TCGA-L5-A43C-01A-11R-A24K-31_rnaseq.bam,228285554,196662395,31623159,0.138524573
TCGA-L5-A43C-11A-11D-A248_121207_SN1222_0161_AC1HJ0ACXX_s_2_rg.sorted.bam,248259528,239782107,8477421,0.034147414
TCGA-L5-A43C-11A-11R-A24K-31_rnaseq.bam,235016996,202839295,32177701,0.136916485
TCGA-L5-A43E-01A-11D-A248_130115_SN590_0207_AC1H8PACXX_s_1_rg.sorted.bam,448942892,419104256,29838636,0.066464213
TCGA-L5-A43E-01A-11R-A24K-31_rnaseq.bam,236492288,201765217,34727071,0.146842298
TCGA-L5-A43E-10A-01D-A248_130115_SN590_0207_AC1H8PACXX_s_2_rg.sorted.bam,476664504,436604049,40060455,0.084043294
TCGA-L5-A43E-11A-11D-A248_130115_SN590_0207_AC1H8PACXX_s_4_rg.sorted.bam,396966266,374647421,22318845,0.056223531
TCGA-L5-A43H-01A-11D-A248_130101_SN590_0206_AC1H8RACXX_s_3_rg.sorted.bam,446946888,419164613,27782275,0.062160126
TCGA-L5-A43H-01A-11R-A24K-31_rnaseq.bam,283057320,240262773,42794547,0.151186859
TCGA-L5-A43H-11A-11D-A248_130101_SN590_0206_AC1H8RACXX_s_4_rg.sorted.bam,475688714,440496381,35192333,0.073981854
TCGA-L5-A43I-01A-11D-A248_121212_SN1120_0205_AC1F18ACXX_s_5_rg.sorted.bam,460953358,409800194,51153164,0.110972538
TCGA-L5-A43I-01A-11R-A24K-31_rnaseq.bam,270725500,236104440,34621060,0.127882523
TCGA-L5-A43I-11A-11D-A248_121212_SN1120_0205_AC1F18ACXX_s_6_rg.sorted.bam,506924380,440136596,66787784,0.13175098
TCGA-L5-A43J-01A-12D-A248_121211_SN208_0443_BC1H55ACXX_s_5_rg.sorted.bam,409459086,389904276,19554810,0.047757665
TCGA-L5-A43J-01A-12R-A24K-31_rnaseq.bam,237826090,209889798,27936292,0.117465212
TCGA-L5-A43J-11A-11D-A248_121211_SN208_0443_BC1H55ACXX_s_6_rg.sorted.bam,391809530,372835007,18974523,0.048427926
TCGA-L5-A43M-01A-11D-A248_121207_SN1222_0162_BD1MA7ACXX_s_7_rg.sorted.bam,234611772,227295623,7316149,0.031184066
TCGA-L5-A43M-01A-11R-A24K-31_rnaseq.bam,283328330,253735211,29593119,0.104448147
TCGA-L5-A43M-11A-11D-A248_121207_SN1222_0162_BD1MA7ACXX_s_8_rg.sorted.bam,276939234,267394966,9544268,0.034463401
TCGA-L5-A4OE-01A-11D-A267_131001_SN1120_0279_AC2DKPACXX_s_1_rg.sorted.bam,284615458,275328798,9286660,0.032628797
TCGA-L5-A4OE-01A-11R-A260-31_rnaseq.bam,273384776,240971386,32413390,0.118563259
TCGA-L5-A4OE-11A-11D-A267_131001_SN1120_0279_AC2DKPACXX_s_2_rg.sorted.bam,369870274,356805737,13064537,0.035321944
TCGA-L5-A4OF-01A-11D-A267_131001_SN1120_0279_AC2DKPACXX_s_7_rg.sorted.bam,337070662,326882443,10188219,0.030225766
TCGA-L5-A4OF-01A-11R-A260-31_rnaseq.bam,358227612,319934157,38293455,0.106896994
TCGA-L5-A4OF-11A-12D-A267_131001_SN1120_0279_AC2DKPACXX_s_8_rg.sorted.bam,336074226,325040643,11033583,0.032830792
TCGA-L5-A4OF-11A-12R-A260-31_rnaseq.bam,183710976,158976296,24734680,0.134639097
TCGA-L5-A4OG-01A-11D-A267_131001_SN1120_0280_BD2FDEACXX_s_7_rg.sorted.bam,267999308,260441035,7558273,0.028202584
TCGA-L5-A4OG-01A-11R-A260-31_rnaseq.bam,282578142,253039468,29538674,0.104532763
TCGA-L5-A4OG-11A-12D-A267_131001_SN1120_0280_BD2FDEACXX_s_8_rg.sorted.bam,267034262,259801844,7232418,0.027084232
TCGA-L5-A4OG-11A-12R-A260-31_rnaseq.bam,251502936,223836476,27666460,0.110004521
TCGA-L5-A4OH-01A-11D-A267_131001_SN1222_0222_BC2CN2ACXX_s_5_rg.sorted.bam,273608590,265674085,7934505,0.028999473
TCGA-L5-A4OH-01A-11R-A260-31_rnaseq.bam,290282594,256635923,33646671,0.115910053
TCGA-L5-A4OH-11A-11D-A267_131001_SN1222_0222_BC2CN2ACXX_s_6_rg.sorted.bam,250503078,243031401,7471677,0.029826687
TCGA-L5-A4OI-01A-11D-A267_131018_SN590_0240_AC2MW5ACXX_s_1_rg.sorted.bam,164775198,159791675,4983523,0.030244376
TCGA-L5-A4OI-01A-11R-A36D-31_rnaseq.bam,205486960,149949652,55537308,0.27027169
TCGA-L5-A4OI-11A-11D-A267_131018_SN590_0240_AC2MW5ACXX_s_2_rg.sorted.bam,249608428,241222013,8386415,0.033598285
TCGA-L5-A4OJ-01A-11D-A267_131018_SN590_0241_BC30HBACXX_s_1_rg.sorted.bam,294082374,282427270,11655104,0.039632107
TCGA-L5-A4OJ-01A-11R-A260-31_rnaseq.bam,223993108,197580709,26412399,0.117916124
TCGA-L5-A4OJ-11A-12D-A267_131018_SN590_0241_BC30HBACXX_s_2_rg.sorted.bam,238048208,229138187,8910021,0.037429482
TCGA-L5-A4OJ-11A-12R-A260-31_rnaseq.bam,268138364,230183441,37954923,0.141549767
TCGA-L5-A4OM-01A-11D-A267_131120_SN1222_0229_AD2FDGACXX_s_1_rg.sorted.bam,456334776,437942451,18392325,0.040304456
TCGA-L5-A4OM-01A-11R-A260-31_rnaseq.bam,230286342,208472671,21813671,0.09472412
TCGA-L5-A4OM-11A-11D-A267_131120_SN1222_0229_AD2FDGACXX_s_2_rg.sorted.bam,422822174,405170041,17652133,0.041748362
TCGA-L5-A4OM-11A-11R-A260-31_rnaseq.bam,307543874,267013229,40530645,0.131788172
TCGA-L5-A4ON-01A-11D-A267_131120_SN1222_0229_AD2FDGACXX_s_7_rg.sorted.bam,466608640,448639981,17968659,0.038509058
TCGA-L5-A4ON-01A-11R-A260-31_rnaseq.bam,292334952,257239067,35095885,0.120053674
TCGA-L5-A4ON-11A-21D-A267_131120_SN1222_0229_AD2FDGACXX_s_8_rg.sorted.bam,469006252,449390002,19616250,0.041825135
TCGA-L5-A4OO-01A-11R-A260-31_rnaseq.bam,260499748,226608230,33891518,0.130101922
TCGA-L5-A4OO-11A-12R-A260-31_rnaseq.bam,216401640,194154527,22247113,0.102804734
TCGA-L5-A4OP-01A-11D-A267_131001_SN1120_0280_BD2FDEACXX_s_1_rg.sorted.bam,298349076,290013905,8335171,0.027937646
TCGA-L5-A4OP-01A-11R-A260-31_rnaseq.bam,283349728,254441582,28908146,0.102022847
TCGA-L5-A4OP-11A-11D-A267_131001_SN1120_0280_BD2FDEACXX_s_2_rg.sorted.bam,297687426,289205078,8482348,0.028494143
TCGA-L5-A4OQ-01A-11R-A260-31_rnaseq.bam,319720696,283128568,36592128,0.114450295
TCGA-L5-A4OQ-11A-12R-A260-31_rnaseq.bam,269213952,233519991,35693961,0.132585851
TCGA-L5-A4OR-01A-11R-A260-31_rnaseq.bam,294947118,267008181,27938937,0.094725242
TCGA-L5-A4OR-11A-11R-A260-31_rnaseq.bam,260495044,216803840,43691204,0.167723744
TCGA-L5-A4OS-01A-11D-A28P_140122_SN1222_0236_BD2CT4ACXX_s_3_rg.sorted.bam,280598660,271623199,8975461,0.031986828
TCGA-L5-A4OS-01A-11R-A28J-31_rnaseq.bam,216258248,191838696,24419552,0.112918477
TCGA-L5-A4OS-11A-11D-A28P_140122_SN1222_0236_BD2CT4ACXX_s_5_rg.sorted.bam,295800124,286663679,9136445,0.030887225
TCGA-L5-A4OT-01A-11D-A28P_140122_SN1222_0236_BD2CT4ACXX_s_7_rg.sorted.bam,287541490,278674851,8866639,0.030836033
TCGA-L5-A4OT-01A-11R-A28J-31_rnaseq.bam,224665060,193361894,31303166,0.139332596
TCGA-L5-A4OT-11A-11D-A28P_140122_SN1222_0236_BD2CT4ACXX_s_8_rg.sorted.bam,320509534,310110915,10398619,0.032444024
TCGA-L5-A4OU-01A-11R-A28J-31_rnaseq.bam,174834784,153514978,21319806,0.121942588
TCGA-L5-A4OW-01A-11R-A28J-31_rnaseq.bam,269018730,230706381,38312349,0.142415173
TCGA-L5-A4OX-01A-21R-A28J-31_rnaseq.bam,279507458,245561194,33946264,0.121450298
TCGA-L5-A88S-01A-11R-A36D-31_rnaseq.bam,182265596,114177875,68087721,0.373563209
TCGA-L5-A88T-01A-11R-A354-31_rnaseq.bam,263406936,214403656,49003280,0.186036407
TCGA-L5-A88V-01A-11R-A354-31_rnaseq.bam,255823324,215720003,40103321,0.156761785
TCGA-L5-A88W-01A-11R-A354-31_rnaseq.bam,285748274,220146606,65601668,0.229578528
TCGA-L5-A88Y-01A-11R-A354-31_rnaseq.bam,210604530,150746756,59857774,0.284218834
TCGA-L5-A88Z-01A-11R-A36D-31_rnaseq.bam,243352976,201594610,41758366,0.171595872
TCGA-L5-A891-01A-11R-A36D-31_rnaseq.bam,219779736,160238134,59541602,0.270914885
TCGA-L5-A893-01A-11R-A36D-31_rnaseq.bam,244451640,188072345,56379295,0.230635781
TCGA-L5-A8NE-01A-11R-A37I-31_rnaseq.bam,260753678,229596926,31156752,0.119487296
TCGA-L5-A8NF-01A-11R-A37I-31_rnaseq.bam,232041508,196174873,35866635,0.15456991
TCGA-L5-A8NG-01A-11R-A37I-31_rnaseq.bam,217327066,182069173,35257893,0.162234247
TCGA-L5-A8NH-01A-11R-A37I-31_rnaseq.bam,238894624,211008574,27886050,0.1167295
TCGA-L5-A8NI-01A-11R-A37I-31_rnaseq.bam,243196396,211762028,31434368,0.129255073
TCGA-L5-A8NJ-01A-11R-A36D-31_rnaseq.bam,189888914,128524347,61364567,0.323160345
TCGA-L5-A8NK-01A-21R-A37I-31_rnaseq.bam,222211312,186927421,35283891,0.158785305
TCGA-L5-A8NL-01A-12R-A37I-31_rnaseq.bam,244962430,212898763,32063667,0.130892182
TCGA-L5-A8NM-01A-11R-A37I-31_rnaseq.bam,204666886,178892796,25774090,0.125931901
TCGA-L5-A8NN-01A-11R-A37I-31_rnaseq.bam,199189332,172680226,26509106,0.133084969
TCGA-L5-A8NQ-01A-11R-A36D-31_rnaseq.bam,95750630,60530166,35220464,0.367835324
TCGA-L5-A8NR-01A-11R-A37I-31_rnaseq.bam,226155628,187926994,38228634,0.169036846
TCGA-L5-A8NS-01A-12R-A37I-31_rnaseq.bam,145601968,113872407,31729561,0.217919864
TCGA-L5-A8NT-01A-11R-A37I-31_rnaseq.bam,243317996,209493047,33824949,0.139015402
TCGA-L5-A8NU-01A-11R-A36D-31_rnaseq.bam,227966228,152821733,75144495,0.329629944
TCGA-L5-A8NV-01A-11R-A37I-31_rnaseq.bam,217587700,150296494,67291206,0.309260156
TCGA-L5-A8NW-01A-11R-A37I-31_rnaseq.bam,261387932,227581382,33806550,0.129334777
TCGA-L7-A56G-01A-21D-A267_131001_SN1120_0280_BD2FDEACXX_s_3_rg.sorted.bam,262610952,255271055,7339897,0.027949699
TCGA-L7-A56G-01A-21R-A260-31_rnaseq.bam,215009512,185377357,29632155,0.137817879
TCGA-L7-A56G-10A-01D-A267_131001_SN1120_0280_BD2FDEACXX_s_4_rg.sorted.bam,291485688,282364021,9121667,0.031293705
TCGA-L7-A6VZ-01A-12R-A336-31_rnaseq.bam,259795052,214159775,45635277,0.175658761
TCGA-LN-A49K-01A-11D-A248_121207_SN1222_0162_BD1MA7ACXX_s_1_rg.sorted.bam,285206478,275196822,10009656,0.035096173
TCGA-LN-A49K-01A-11R-A24K-31_rnaseq.bam,293495006,263941471,29553535,0.100695189
TCGA-LN-A49K-10A-01D-A248_121207_SN1222_0162_BD1MA7ACXX_s_2_rg.sorted.bam,264229194,251176129,13053065,0.049400541
TCGA-LN-A49L-01A-11D-A248_121207_SN1222_0161_AC1HJ0ACXX_s_3_rg.sorted.bam,246452238,238986193,7466045,0.030294085
TCGA-LN-A49L-01A-11R-A24K-31_rnaseq.bam,304471110,273273801,31197309,0.102463938
TCGA-LN-A49L-10A-01D-A248_121207_SN1222_0161_AC1HJ0ACXX_s_4_rg.sorted.bam,238294950,230647817,7647133,0.032091041
TCGA-LN-A49M-01A-21D-A267_131001_SN1222_0222_BC2CN2ACXX_s_1_rg.sorted.bam,267477956,259973657,7504299,0.028055766
TCGA-LN-A49M-01A-21R-A260-31_rnaseq.bam,258107278,222331348,35775930,0.138608761
TCGA-LN-A49M-10A-01D-A267_131001_SN1222_0222_BC2CN2ACXX_s_2_rg.sorted.bam,322254120,311873539,10380581,0.032212407
TCGA-LN-A49N-01A-11D-A248_130101_SN590_0206_AC1H8RACXX_s_7_rg.sorted.bam,445952700,415512590,30440110,0.068258607
TCGA-LN-A49N-01A-11R-A24K-31_rnaseq.bam,374712684,331161339,43551345,0.11622597
TCGA-LN-A49N-10A-01D-A248_130101_SN590_0206_AC1H8RACXX_s_8_rg.sorted.bam,455399372,422821739,32577633,0.071536403
TCGA-LN-A49O-01A-11D-A248_130101_SN590_0206_AC1H8RACXX_s_1_rg.sorted.bam,463998278,433608860,30389418,0.065494678
TCGA-LN-A49O-01A-11R-A24K-31_rnaseq.bam,224957412,203008606,21948806,0.097568717
TCGA-LN-A49O-10A-01D-A248_130101_SN590_0206_AC1H8RACXX_s_2_rg.sorted.bam,472240504,437182739,35057765,0.074237099
TCGA-LN-A49P-01A-11D-A248_121212_SN1120_0205_AC1F18ACXX_s_3_rg.sorted.bam,407918782,359423287,48495495,0.118885173
TCGA-LN-A49P-01A-11R-A24K-31_rnaseq.bam,224962010,199314715,25647295,0.114007227
TCGA-LN-A49P-10A-01D-A248_121212_SN1120_0205_AC1F18ACXX_s_4_rg.sorted.bam,520216488,448210420,72006068,0.138415582
TCGA-LN-A49R-01A-11D-A248_121211_SN208_0443_BC1H55ACXX_s_3_rg.sorted.bam,408768844,390346111,18422733,0.045068829
TCGA-LN-A49R-01A-11R-A24K-31_rnaseq.bam,336751360,282425572,54325788,0.161323144
TCGA-LN-A49R-10A-01D-A248_121211_SN208_0443_BC1H55ACXX_s_4_rg.sorted.bam,381352976,363791844,17561132,0.046049548
TCGA-LN-A49S-01A-11D-A248_121207_SN1222_0162_BD1MA7ACXX_s_5_rg.sorted.bam,281470486,272648776,8821710,0.03134151
TCGA-LN-A49S-01A-11R-A24K-31_rnaseq.bam,245216042,214211840,31004202,0.126436271
TCGA-LN-A49S-10A-01D-A248_121207_SN1222_0162_BD1MA7ACXX_s_6_rg.sorted.bam,281485046,271874686,9610360,0.034141636
TCGA-LN-A49U-01A-31D-A267_131001_SN1222_0222_BC2CN2ACXX_s_7_rg.sorted.bam,241167440,234590429,6577011,0.027271555
TCGA-LN-A49U-01A-31R-A260-31_rnaseq.bam,229049036,203034802,26014234,0.113574955
TCGA-LN-A49U-10A-01D-A267_131001_SN1222_0222_BC2CN2ACXX_s_8_rg.sorted.bam,238679528,231910508,6769020,0.028360287
TCGA-LN-A49V-01A-11D-A248_121207_SN1222_0161_AC1HJ0ACXX_s_7_rg.sorted.bam,259379140,252008772,7370368,0.028415423
TCGA-LN-A49V-01A-11R-A24K-31_rnaseq.bam,286681068,255085893,31595175,0.11021019
TCGA-LN-A49V-10A-01D-A248_121207_SN1222_0161_AC1HJ0ACXX_s_8_rg.sorted.bam,216309408,209540435,6768973,0.031293012
TCGA-LN-A49W-01A-11D-A267_131018_SN590_0240_AC2MW5ACXX_s_5_rg.sorted.bam,241700766,234471173,7229593,0.029911337
TCGA-LN-A49W-01A-11R-A260-31_rnaseq.bam,244953710,212755616,32198094,0.131445627
TCGA-LN-A49W-10A-01D-A267_131018_SN590_0240_AC2MW5ACXX_s_6_rg.sorted.bam,223551656,216708205,6843451,0.030612392
TCGA-LN-A49X-01A-31D-A267_131018_SN590_0241_BC30HBACXX_s_3_rg.sorted.bam,212511752,204950907,7560845,0.035578479
TCGA-LN-A49X-01A-31R-A260-31_rnaseq.bam,233572818,210330577,23242241,0.099507474
TCGA-LN-A49X-10A-01D-A267_131018_SN590_0241_BC30HBACXX_s_4_rg.sorted.bam,234272860,225508708,8764152,0.037410018
TCGA-LN-A49Y-01A-11D-A267_131120_SN1222_0229_AD2FDGACXX_s_5_rg.sorted.bam,450501276,433639374,16861902,0.037429199
TCGA-LN-A49Y-01A-11R-A260-31_rnaseq.bam,172838306,148095482,24742824,0.143155904
TCGA-LN-A49Y-10A-01D-A267_131120_SN1222_0229_AD2FDGACXX_s_6_rg.sorted.bam,383226172,369868363,13357809,0.034856202
TCGA-LN-A4A1-01A-21R-A260-31_rnaseq.bam,217294228,190025505,27268723,0.125492164
TCGA-LN-A4A2-01A-31D-A267_131001_SN1120_0279_AC2DKPACXX_s_5_rg.sorted.bam,347070858,336560041,10510817,0.030284355
TCGA-LN-A4A2-01A-31R-A260-31_rnaseq.bam,297978860,266193485,31785375,0.106669899
TCGA-LN-A4A2-10A-01D-A267_131001_SN1120_0279_AC2DKPACXX_s_6_rg.sorted.bam,312002270,301990960,10011310,0.032087299
TCGA-LN-A4A3-01A-11D-A267_131001_SN1120_0280_BD2FDEACXX_s_5_rg.sorted.bam,303006634,293289685,9716949,0.032068436
TCGA-LN-A4A3-01A-11R-A260-31_rnaseq.bam,186921182,161356825,25564357,0.136765436
TCGA-LN-A4A3-10A-01D-A267_131001_SN1120_0280_BD2FDEACXX_s_6_rg.sorted.bam,261687142,254009364,7677778,0.029339531
TCGA-LN-A4A4-01A-11D-A267_131001_SN1222_0222_BC2CN2ACXX_s_3_rg.sorted.bam,268247460,260940211,7307249,0.027240702
TCGA-LN-A4A4-01A-11R-A260-31_rnaseq.bam,235404374,202040274,33364100,0.141731011
TCGA-LN-A4A4-10A-01D-A267_131001_SN1222_0222_BC2CN2ACXX_s_4_rg.sorted.bam,279071588,270214807,8856781,0.031736592
TCGA-LN-A4A5-01A-21R-A260-31_rnaseq.bam,225372446,196151813,29220633,0.12965486
TCGA-LN-A4A6-01A-11D-A267_131018_SN590_0240_AC2MW5ACXX_s_7_rg.sorted.bam,252934820,245349942,7584878,0.029987481
TCGA-LN-A4A6-01A-11R-A260-31_rnaseq.bam,322415522,282138140,40277382,0.12492383
TCGA-LN-A4A6-10A-01D-A267_131018_SN590_0240_AC2MW5ACXX_s_8_rg.sorted.bam,235462948,228038056,7424892,0.031533165
TCGA-LN-A4A8-01A-32D-A267_131018_SN590_0241_BC30HBACXX_s_5_rg.sorted.bam,232295586,224202787,8092799,0.034838368
TCGA-LN-A4A8-01A-32R-A260-31_rnaseq.bam,274454942,243969279,30485663,0.111077114
TCGA-LN-A4A8-10A-01D-A267_131018_SN590_0241_BC30HBACXX_s_6_rg.sorted.bam,264481684,254461880,10019804,0.03788468
TCGA-LN-A4A9-01A-11R-A28J-31_rnaseq.bam,202352744,170241509,32111235,0.158689397
TCGA-LN-A4MQ-01A-11D-A28P_131120_SN1222_0230_BC29YPACXX_s_4_rg.sorted.bam,448583642,433431516,15152126,0.033777705
TCGA-LN-A4MQ-01A-11R-A28J-31_rnaseq.bam,212575842,184265481,28310361,0.133177697
TCGA-LN-A4MQ-10A-01D-A28P_131120_SN1222_0230_BC29YPACXX_s_6_rg.sorted.bam,487674912,467918625,19756287,0.040511182
TCGA-LN-A4MR-01A-11D-A28P_131120_SN1222_0230_BC29YPACXX_s_8_rg.sorted.bam,433376602,419482504,13894098,0.032060102
TCGA-LN-A4MR-01A-11R-A28J-31_rnaseq.bam,295606848,255301281,40305567,0.136348556
TCGA-LN-A4MR-10A-01D-A28P_140122_SN1222_0236_BD2CT4ACXX_s_2_rg.sorted.bam,295368164,286562624,8805540,0.029812082
TCGA-LN-A5U5-01A-21D-A28P_140122_SN1222_0236_BD2CT4ACXX_s_4_rg.sorted.bam,266350010,258549311,7800699,0.029287399
TCGA-LN-A5U5-01A-21R-A28J-31_rnaseq.bam,211653910,183449316,28204594,0.133258082
TCGA-LN-A5U5-10A-01D-A28P_140122_SN1222_0236_BD2CT4ACXX_s_6_rg.sorted.bam,294146778,284191908,9954870,0.033843206
TCGA-LN-A5U6-01A-11R-A28J-31_rnaseq.bam,267064438,234308246,32756192,0.122652766
TCGA-LN-A5U7-01A-11R-A31P-31_rnaseq.bam,240174936,213959105,26215831,0.109153067
TCGA-LN-A7HV-01A-21R-A354-31_rnaseq.bam,214030684,153218248,60812436,0.284129522
TCGA-LN-A7HW-01A-22R-A354-31_rnaseq.bam,226647546,168748664,57898882,0.255457793
TCGA-LN-A7HX-01A-11R-A336-31_rnaseq.bam,239080026,190761835,48318191,0.202100492
TCGA-LN-A7HY-01A-12R-A354-31_rnaseq.bam,219604356,140718068,78886288,0.359220051
TCGA-LN-A7HZ-01A-31R-A354-31_rnaseq.bam,221345972,151066181,70279791,0.317511046
TCGA-LN-A8HZ-01A-11R-A36D-31_rnaseq.bam,257944984,203889686,54055298,0.209561346
TCGA-LN-A8I0-01A-11R-A36D-31_rnaseq.bam,253722280,188986744,64735536,0.255143285
TCGA-LN-A8I1-01A-11R-A36D-31_rnaseq.bam,209567626,147295056,62272570,0.297147852
TCGA-LN-A9FO-01A-11R-A38D-31_rnaseq.bam,267573566,231991441,35582125,0.132980718
TCGA-LN-A9FP-01A-31R-A38D-31_rnaseq.bam,258797422,177955981,80841441,0.31237344
TCGA-LN-A9FQ-01A-31R-A38D-31_rnaseq.bam,251124112,178369277,72754835,0.289716644
TCGA-LN-A9FR-01A-11R-A38D-31_rnaseq.bam,268024426,206782742,61241684,0.228492921
TCGA-M9-A5M8-01A-11R-A28J-31_rnaseq.bam,255845812,215096426,40749386,0.159273219
TCGA-MH-A55W-01A-11D-A26P-10_wgs_Illumina.bam,2023571700,1903290749,120280951,0.059439925
TCGA-MH-A55W-10A-01D-A26P-10_wgs_Illumina.bam,1352302492,1293853356,58449136,0.043221939
TCGA-MH-A55Z-01A-11D-A26P-10_wgs_Illumina.bam,2.21E+09,2088663263,117386737,0.053211277
TCGA-MH-A55Z-10A-01D-A26P-10_wgs_Illumina.bam,1325738630,1257440188,68298442,0.051517275
TCGA-MH-A560-01A-11D-A26P-10_wgs_Illumina.bam,2049118084,1937829258,111288826,0.054310597
TCGA-MH-A560-10A-01D-A26P-10_wgs_Illumina.bam,1415533872,1345770420,69763452,0.049284198
TCGA-MH-A561-01A-11D-A26P-10_wgs_Illumina.bam,2.23E+09,2107945606,126064394,0.056429646
TCGA-MH-A561-10A-01D-A26P-10_wgs_Illumina.bam,1262498654,1196920740,65577914,0.051942958
TCGA-MH-A562-01A-11D-A26P-10_wgs_Illumina.bam,2.20E+09,2069332613,126527387,0.057620881
TCGA-MH-A562-10A-01D-A26P-10_wgs_Illumina.bam,1363363874,1293569120,69794754,0.051193049
TCGA-MR-A520-01A-11D-A25V-10_wgs_Illumina.bam,2.26E+09,2.15E+09,115340000,0.050960311
TCGA-MR-A520-10A-01D-A25V-10_wgs_Illumina.bam,1042843420,987643855,55199565,0.052931786
TCGA-MX-A5UG-01A-21R-A31P-31_rnaseq.bam,265111670,225778411,39333259,0.148364872
TCGA-MX-A5UJ-01A-11R-A31P-31_rnaseq.bam,218883890,187172518,31711372,0.144877597
TCGA-MX-A663-01A-11R-A31P-31_rnaseq.bam,196544658,171831092,24713566,0.125740207
TCGA-MX-A666-01A-11R-A31P-31_rnaseq.bam,213082302,182058114,31024188,0.145597207
TCGA-NH-A50T-01A-11D-A28G-10_wgs_Illumina.bam,2.35E+09,2.20E+09,148970000,0.063359675
TCGA-NH-A50T-10A-01D-A28G-10_wgs_Illumina.bam,1389479568,1276387423,113092145,0.081391729
TCGA-NH-A50V-01A-11D-A28G-10_wgs_Illumina.bam,2.36E+09,2.23E+09,130720000,0.055444805
TCGA-NH-A50V-10A-01D-A28G-10_wgs_Illumina.bam,1348024152,1246163883,101860269,0.075562644
TCGA-OY-A56P-01A-12R-A406-31_rnaseq.bam,286834602,236631925,50202677,0.175023085
TCGA-OY-A56Q-01A-11R-A406-31_rnaseq.bam,226419308,185171824,41247484,0.182172997
TCGA-PD-A5DF-01A-11D-A27I-10_wgs_Illumina.bam,2.75E+09,2.53E+09,222970000,0.08111333
TCGA-PD-A5DF-10A-01D-A27I-10_wgs_Illumina.bam,1417061612,1335906253,81155359,0.05727017
TCGA-Q9-A6FU-01A-11R-A31P-31_rnaseq.bam,337441970,300068251,37373719,0.110755989
TCGA-Q9-A6FW-01A-31R-A31P-31_rnaseq.bam,246436922,214412760,32024162,0.129948718
TCGA-QG-A5YV-01A-11D-A28G-10_wgs_Illumina.bam,2.24E+09,2131890001,111139999,0.049549047
TCGA-QG-A5YV-10A-01D-A28G-10_wgs_Illumina.bam,1319255184,1228128036,91127148,0.069074694
TCGA-QG-A5YW-01A-11D-A28G-10_wgs_Illumina.bam,2.36E+09,2.23E+09,131690000,0.055745102
TCGA-QG-A5YW-10A-01D-A28G-10_wgs_Illumina.bam,1334779272,1209661739,125117533,0.093736497
TCGA-QG-A5YX-01A-11D-A28G-10_wgs_Illumina.bam,2.42E+09,2.28E+09,142150000,0.058808198
TCGA-QG-A5YX-10A-01D-A28G-10_wgs_Illumina.bam,965475618,908029494,57446124,0.059500336
TCGA-QG-A5Z1-01A-11D-A28G-10_wgs_Illumina.bam,2.42E+09,2.28E+09,137330000,0.056794872
TCGA-QG-A5Z1-10A-01D-A28G-10_wgs_Illumina.bam,907135674,850226030,56909644,0.062735537
TCGA-QG-A5Z2-01A-11D-A28G-10_wgs_Illumina.bam,2.46E+09,2.32E+09,144820000,0.058870876
TCGA-QG-A5Z2-10A-01D-A28G-10_wgs_Illumina.bam,930882080,868228908,62653172,0.067305165
TCGA-R5-A7O7-01A-11R-A33Y-31_rnaseq.bam,202285328,78252590,124032738,0.613157362
TCGA-R5-A7ZE-01B-11R-A354-31_rnaseq.bam,207532286,153730871,53801415,0.259243591
TCGA-R5-A7ZF-01A-11R-A354-31_rnaseq.bam,157640198,73069332,84570866,0.536480334
TCGA-R5-A7ZI-01A-11R-A354-31_rnaseq.bam,199607124,65704504,133902620,0.670830867
TCGA-R5-A7ZR-01A-11R-A354-31_rnaseq.bam,196482016,121374898,75107118,0.382259504
TCGA-R5-A805-01A-11R-A36D-31_rnaseq.bam,218334832,188513596,29821236,0.136584876
TCGA-R6-A6DN-01B-11R-A31P-31_rnaseq.bam,206084086,177144043,28940043,0.140428325
TCGA-R6-A6DQ-01B-11R-A31P-31_rnaseq.bam,238217704,205498150,32719554,0.137351479
TCGA-R6-A6KZ-01A-11R-A31P-31_rnaseq.bam,196780946,177866582,18914364,0.096118879
TCGA-R6-A6L4-01A-11R-A31P-31_rnaseq.bam,163634970,140873412,22761558,0.139099595
TCGA-R6-A6L6-01B-11R-A336-31_rnaseq.bam,202147722,92706985,109440737,0.54138991
TCGA-R6-A6XG-01B-11R-A336-31_rnaseq.bam,212656426,174345240,38311186,0.180155318
TCGA-R6-A6XQ-01B-11R-A336-31_rnaseq.bam,204330190,134552663,69777527,0.341493966
TCGA-R6-A6Y0-01B-11R-A336-31_rnaseq.bam,242315206,200183138,42132068,0.173872984
TCGA-R6-A6Y2-01B-11R-A336-31_rnaseq.bam,324195182,239298628,84896554,0.261868648
TCGA-R6-A8W5-01B-11R-A37I-31_rnaseq.bam,278412854,231445505,46967349,0.168696769
TCGA-R6-A8W8-01B-11R-A37I-31_rnaseq.bam,216121158,192993805,23127353,0.107011054
TCGA-R6-A8WC-01A-11R-A37I-31_rnaseq.bam,238170974,198420908,39750066,0.166897189
TCGA-R6-A8WG-01A-11R-A37I-31_rnaseq.bam,196940198,170907682,26032516,0.132184878
TCGA-RD-A7BS-01A-11R-A32D-31_rnaseq.bam,206243632,55826836,150416796,0.729316074
TCGA-RD-A7BT-01A-11R-A33Y-31_rnaseq.bam,229790380,155681320,74109060,0.322507235
TCGA-RD-A7BW-01A-11R-A32D-31_rnaseq.bam,212894080,80735405,132158675,0.620771959
TCGA-RD-A7C1-01A-11R-A32D-31_rnaseq.bam,225988756,67134789,158853967,0.702928632
TCGA-RD-A8MV-01A-11R-A36D-31_rnaseq.bam,206280044,150919046,55360998,0.268377866
TCGA-RD-A8MW-01A-11R-A36D-31_rnaseq.bam,259979634,210943346,49036288,0.188615882
TCGA-RD-A8N0-01A-12R-A36D-31_rnaseq.bam,238360090,175703478,62656612,0.262865365
TCGA-RD-A8N1-01A-12R-A36D-31_rnaseq.bam,199229826,133355534,65874292,0.33064473
TCGA-RD-A8N2-01A-12R-A36D-31_rnaseq.bam,229812588,154627163,75185425,0.327159733
TCGA-RD-A8N4-01A-21R-A36D-31_rnaseq.bam,244303088,207528504,36774584,0.150528527
TCGA-RD-A8N5-01A-12R-A36D-31_rnaseq.bam,243619420,151321403,92298017,0.378861492
TCGA-RD-A8N6-01A-11R-A36D-31_rnaseq.bam,279998390,237129799,42868591,0.153102991
TCGA-RD-A8N9-01A-12R-A39E-31_rnaseq.bam,207088792,159787181,47301611,0.228412221
TCGA-RD-A8NB-01A-12R-A39E-31_rnaseq.bam,202752586,159952752,42799834,0.211093899
TCGA-RE-A7BO-01A-11R-A336-31_rnaseq.bam,200924716,144667635,56257081,0.279990845
TCGA-RZ-AB0B-01A-11D-A40D_140715_SN590_0249_AC3M6CACXX_s_1_rg.sorted.bam,160250562,155377931,4872631,0.030406327
TCGA-RZ-AB0B-10A-01D-A40E_140715_SN590_0250_BC3M6CACXX_s_1_rg.sorted.bam,157487972,152085750,5402222,0.034302442
TCGA-S8-A6BV-01A-21R-A31P-31_rnaseq.bam,199879152,171147283,28731869,0.143746202
TCGA-S8-A6BW-01A-11R-A31P-31_rnaseq.bam,265804228,240604981,25199247,0.094803785
TCGA-SW-A7EA-01A-12R-A354-31_rnaseq.bam,197969120,110843351,87125769,0.440097774
TCGA-SW-A7EB-01A-11R-A354-31_rnaseq.bam,164082656,47274089,116808567,0.711888568
TCGA-V3-A9ZX-01A-11D-A40D_140715_SN590_0249_AC3M6CACXX_s_2_rg.sorted.bam,164125532,158857875,5267657,0.032095293
TCGA-V3-A9ZX-10A-01D-A40E_140715_SN590_0250_BC3M6CACXX_s_2_rg.sorted.bam,161528326,155635460,5892866,0.036481936
TCGA-V3-A9ZY-01A-11D-A40D_140715_SN590_0249_AC3M6CACXX_s_3_rg.sorted.bam,145513734,140560814,4952920,0.034037474
TCGA-V3-A9ZY-10A-01D-A40E_140715_SN590_0250_BC3M6CACXX_s_3_rg.sorted.bam,178556180,172315931,6240249,0.034948379
TCGA-V4-A9E5-01A-11D-A40D_140715_SN590_0249_AC3M6CACXX_s_4_rg.sorted.bam,125907928,122212891,3695037,0.029347135
TCGA-V4-A9E5-10A-01D-A40E_140715_SN590_0250_BC3M6CACXX_s_4_rg.sorted.bam,135364770,131062339,4302431,0.031783979
TCGA-V4-A9E7-01A-11D-A40D_140715_SN590_0249_AC3M6CACXX_s_5_rg.sorted.bam,160876444,155968587,4907857,0.030506996
TCGA-V4-A9E7-10A-01D-A40E_140715_SN590_0250_BC3M6CACXX_s_5_rg.sorted.bam,149543252,144694678,4848574,0.032422553
TCGA-V4-A9E8-01A-11D-A40D_140715_SN590_0249_AC3M6CACXX_s_6_rg.sorted.bam,177909280,171887786,6021494,0.033845868
TCGA-V4-A9E8-10A-01D-A40E_140715_SN590_0250_BC3M6CACXX_s_6_rg.sorted.bam,182509706,175982306,6527400,0.035764673
TCGA-V4-A9E9-01A-11D-A40D_140715_SN590_0249_AC3M6CACXX_s_7_rg.sorted.bam,157670704,152583021,5087683,0.032267776
TCGA-V4-A9E9-10A-01D-A40E_140715_SN590_0250_BC3M6CACXX_s_7_rg.sorted.bam,133469446,129268252,4201194,0.031476822
TCGA-V4-A9EA-01A-11D-A40D_140715_SN590_0249_AC3M6CACXX_s_8_rg.sorted.bam,157491262,152160820,5330442,0.033845954
TCGA-V4-A9EA-10A-01D-A40E_140715_SN590_0250_BC3M6CACXX_s_8_rg.sorted.bam,156655506,151489045,5166461,0.03297976
TCGA-V4-A9EC-01A-11D-A40D_140725_SN590_0251_AC41YJACXX_s_1_rg.sorted.bam,137438910,133409697,4029213,0.029316392
TCGA-V4-A9EC-10A-01D-A40E_140725_SN590_0252_BC41HPACXX_s_1_rg.sorted.bam,365451100,346255546,19195554,0.052525643
TCGA-V4-A9ED-01A-11D-A40D_140725_SN590_0251_AC41YJACXX_s_2_rg.sorted.bam,137348446,133076256,4272190,0.031104757
TCGA-V4-A9ED-10A-01D-A40E_140725_SN590_0252_BC41HPACXX_s_2_rg.sorted.bam,310756136,295198033,15558103,0.050065312
TCGA-V4-A9EE-01A-11D-A40D_140725_SN590_0251_AC41YJACXX_s_3_rg.sorted.bam,99109222,96115251,2993971,0.030208803
TCGA-V4-A9EE-10A-01D-A40E_140725_SN590_0252_BC41HPACXX_s_3_rg.sorted.bam,332744366,317053859,15690507,0.047154839
TCGA-V4-A9EF-01A-21D-A40D_140725_SN590_0251_AC41YJACXX_s_4_rg.sorted.bam,302752660,291282429,11470231,0.037886475
TCGA-V4-A9EF-10A-01D-A40E_140725_SN590_0252_BC41HPACXX_s_4_rg.sorted.bam,335496830,318493856,17002974,0.050679984
TCGA-V4-A9EH-01A-11D-A40D_140725_SN590_0251_AC41YJACXX_s_5_rg.sorted.bam,97747716,94453462,3294254,0.033701596
TCGA-V4-A9EH-10A-01D-A40E_140725_SN590_0252_BC41HPACXX_s_5_rg.sorted.bam,306574456,292724601,13849855,0.045176155
TCGA-V4-A9EI-01A-11D-A40D_140725_SN590_0251_AC41YJACXX_s_6_rg.sorted.bam,268404890,259304956,9099934,0.033903756
TCGA-V4-A9EI-10A-01D-A40E_140725_SN590_0252_BC41HPACXX_s_6_rg.sorted.bam,361454618,343007833,18446785,0.051034858
TCGA-V4-A9EJ-01A-11D-A40D_140725_SN590_0251_AC41YJACXX_s_7_rg.sorted.bam,167929608,162394692,5534916,0.032959739
TCGA-V4-A9EJ-10A-01D-A40E_140725_SN590_0252_BC41HPACXX_s_7_rg.sorted.bam,359873274,340421189,19452085,0.054052597
TCGA-V4-A9EK-01A-11D-A40D_140725_SN590_0251_AC41YJACXX_s_8_rg.sorted.bam,181661670,176399174,5262496,0.028968665
TCGA-V4-A9EK-10A-01D-A40E_140725_SN590_0252_BC41HPACXX_s_8_rg.sorted.bam,327743076,314126498,13616578,0.041546501
TCGA-V4-A9EL-01A-11D-A40D_140808_SN590_0253_AC499NACXX_s_1_rg.sorted.bam,343714704,331464877,12249827,0.03563952
TCGA-V4-A9EL-10A-01D-A40E_140808_SN590_0254_BC49WNACXX_s_1_rg.sorted.bam,535147016,487346883,47800133,0.089321498
TCGA-V4-A9EM-01A-11D-A40D_140808_SN590_0253_AC499NACXX_s_2_rg.sorted.bam,412582556,394695544,17887012,0.043353777
TCGA-V4-A9EM-10A-01D-A40E_140808_SN590_0254_BC49WNACXX_s_2_rg.sorted.bam,528222574,486028817,42193757,0.079878746
TCGA-V4-A9EO-01A-12D-A40D_140808_SN590_0253_AC499NACXX_s_3_rg.sorted.bam,326054260,314601695,11452565,0.035124721
TCGA-V4-A9EO-10A-01D-A40E_140808_SN590_0254_BC49WNACXX_s_3_rg.sorted.bam,434303800,413353816,20949984,0.048238086
TCGA-V4-A9ES-01A-11D-A40D_140808_SN590_0253_AC499NACXX_s_4_rg.sorted.bam,260432298,252264595,8167703,0.031362097
TCGA-V4-A9ES-10A-01D-A40E_140808_SN590_0254_BC49WNACXX_s_4_rg.sorted.bam,390307068,373185988,17121080,0.043865667
TCGA-V4-A9ET-01A-11D-A40D_140808_SN590_0253_AC499NACXX_s_5_rg.sorted.bam,304205280,293854809,10350471,0.034024626
TCGA-V4-A9ET-10A-01D-A40E_140808_SN590_0254_BC49WNACXX_s_5_rg.sorted.bam,268807074,259721235,9085839,0.033800595
TCGA-V4-A9EU-01A-11D-A40D_140808_SN590_0253_AC499NACXX_s_6_rg.sorted.bam,249930506,242654276,7276230,0.029113013
TCGA-V4-A9EU-10A-01D-A40E_140808_SN590_0254_BC49WNACXX_s_6_rg.sorted.bam,537375706,491674835,45700871,0.085044542
TCGA-V4-A9EV-01A-11D-A40D_140808_SN590_0253_AC499NACXX_s_7_rg.sorted.bam,239645448,232628191,7017257,0.029281829
TCGA-V4-A9EV-10A-01D-A40E_140808_SN590_0254_BC49WNACXX_s_7_rg.sorted.bam,517821410,481944441,35876969,0.069284445
TCGA-V4-A9EW-01A-11D-A40D_140808_SN590_0253_AC499NACXX_s_8_rg.sorted.bam,269161436,260186101,8975335,0.033345546
TCGA-V4-A9EW-10A-01D-A40E_140808_SN590_0254_BC49WNACXX_s_8_rg.sorted.bam,518354744,483988712,34366032,0.066298288
TCGA-V4-A9EX-01A-11D-A40D_140714_SN1440_0192_AC3RUUACXX_s_1_rg.sorted.bam,371845058,356453744,15391314,0.04139174
TCGA-V4-A9EX-10A-01D-A40E_140714_SN1440_0192_AC3RUUACXX_s_5_rg.sorted.bam,264597634,255752252,8845382,0.033429558
TCGA-V4-A9EY-01A-11D-A40D_140714_SN1440_0192_AC3RUUACXX_s_2_rg.sorted.bam,342845236,329239105,13606131,0.039685927
TCGA-V4-A9EY-10A-01D-A40E_140714_SN1440_0192_AC3RUUACXX_s_6_rg.sorted.bam,313071020,300920220,12150800,0.038811641
TCGA-V4-A9EZ-01A-11D-A40D_140714_SN1440_0192_AC3RUUACXX_s_3_rg.sorted.bam,398225020,381390319,16834701,0.042274343
TCGA-V4-A9EZ-10A-01D-A40E_140714_SN1440_0192_AC3RUUACXX_s_7_rg.sorted.bam,279206770,268848007,10358763,0.037100687
TCGA-V4-A9F0-01A-11D-A40D_140714_SN1440_0192_AC3RUUACXX_s_4_rg.sorted.bam,278692174,269007624,9684550,0.034749989
TCGA-V4-A9F0-10A-01D-A40E_140714_SN1440_0192_AC3RUUACXX_s_8_rg.sorted.bam,267792128,257783619,10008509,0.037374172
TCGA-V4-A9F1-01A-11D-A40D_140715_SN1440_0193_BC4K41ACXX_s_1_rg.sorted.bam,375881064,360717792,15163272,0.040340612
TCGA-V4-A9F1-10A-01D-A40E_140715_SN1440_0193_BC4K41ACXX_s_5_rg.sorted.bam,290645060,280207323,10437737,0.035912315
TCGA-V4-A9F2-01A-11D-A40D_140715_SN1440_0193_BC4K41ACXX_s_2_rg.sorted.bam,286850748,276057551,10793197,0.037626526
TCGA-V4-A9F2-10A-01D-A40E_140715_SN1440_0193_BC4K41ACXX_s_6_rg.sorted.bam,316957808,305719073,11238735,0.035458142
TCGA-V4-A9F3-01A-11D-A40D_140715_SN1440_0193_BC4K41ACXX_s_3_rg.sorted.bam,390594904,373003818,17591086,0.04503665
TCGA-V4-A9F3-10A-01D-A40E_140715_SN1440_0193_BC4K41ACXX_s_7_rg.sorted.bam,284557412,274814986,9742426,0.034237119
TCGA-V4-A9F4-01A-11D-A40D_140715_SN1440_0193_BC4K41ACXX_s_4_rg.sorted.bam,364045714,348070769,15974945,0.043881701
TCGA-V4-A9F4-10A-01D-A40E_140715_SN1440_0193_BC4K41ACXX_s_8_rg.sorted.bam,264823068,255809403,9013665,0.034036555
TCGA-V4-A9F5-01A-11D-A40D_140716_SN208_0519_BC5946ACXX_s_1_rg.sorted.bam,284125918,274905964,9219954,0.032450239
TCGA-V4-A9F5-10A-01D-A40E_140716_SN208_0519_BC5946ACXX_s_5_rg.sorted.bam,307503814,297173253,10330561,0.033594904
TCGA-V4-A9F7-01A-11D-A40D_140716_SN208_0519_BC5946ACXX_s_2_rg.sorted.bam,328531980,317136627,11395353,0.034685674
TCGA-V4-A9F7-10A-01D-A40E_140716_SN208_0519_BC5946ACXX_s_6_rg.sorted.bam,250062980,242649230,7413750,0.029647531
TCGA-V4-A9F8-01A-11D-A40D_140716_SN208_0519_BC5946ACXX_s_3_rg.sorted.bam,317269512,306520034,10749478,0.03388122
TCGA-V4-A9F8-10A-01D-A40E_140716_SN208_0519_BC5946ACXX_s_7_rg.sorted.bam,303088424,293049100,10039324,0.033123416
TCGA-V5-A7RB-01A-11R-A354-31_rnaseq.bam,251843658,210293483,41550175,0.164984004
TCGA-V5-A7RC-01B-11R-A406-31_rnaseq.bam,261709612,213393231,48316381,0.18461829
TCGA-V5-A7RC-06A-11R-A406-31_rnaseq.bam,262553064,217092285,45460779,0.173148918
TCGA-V5-A7RE-01A-11R-A354-31_rnaseq.bam,249882308,198874575,51007733,0.204127028
TCGA-V5-A7RE-11A-11R-A354-31_rnaseq.bam,253702048,214738606,38963442,0.153579533
TCGA-V5-AASV-01A-11R-A38D-31_rnaseq.bam,254625274,183542717,71082557,0.279165363
TCGA-V5-AASW-01A-11R-A406-31_rnaseq.bam,260587144,217809110,42778034,0.164160186
TCGA-V5-AASX-01A-11R-A38D-31_rnaseq.bam,283942836,214028451,69914385,0.246226973
TCGA-V5-AASX-11A-11R-A38D-31_rnaseq.bam,232085114,200211605,31873509,0.13733543
TCGA-VD-A8K7-01B-11D-A40D_140716_SN208_0519_BC5946ACXX_s_4_rg.sorted.bam,362482554,348976683,13505871,0.037259368
TCGA-VD-A8K7-10A-01D-A40E_140716_SN208_0519_BC5946ACXX_s_8_rg.sorted.bam,285433578,275987039,9446539,0.033095402
TCGA-VD-A8K8-01A-11D-A40D_140716_SN208_0518_AC59RNACXX_s_1_rg.sorted.bam,272120388,263135310,8985078,0.033018761
TCGA-VD-A8K8-10A-01D-A40E_140716_SN208_0518_AC59RNACXX_s_5_rg.sorted.bam,253744340,245697526,8046814,0.03171229
TCGA-VD-A8K9-01A-11D-A40D_140716_SN208_0518_AC59RNACXX_s_2_rg.sorted.bam,286406066,276959856,9446210,0.032981878
TCGA-VD-A8K9-10A-01D-A40E_140716_SN208_0518_AC59RNACXX_s_6_rg.sorted.bam,256310688,247829321,8481367,0.033090181
TCGA-VD-A8KA-01B-11D-A40D_140716_SN208_0518_AC59RNACXX_s_3_rg.sorted.bam,293809466,283859140,9950326,0.033866594
TCGA-VD-A8KA-10A-01D-A40E_140716_SN208_0518_AC59RNACXX_s_7_rg.sorted.bam,233173014,225946078,7226936,0.030993878
TCGA-VD-A8KB-01A-11D-A40D_140716_SN208_0518_AC59RNACXX_s_4_rg.sorted.bam,319243360,308307438,10935922,0.034255754
TCGA-VD-A8KB-10C-01D-A40E_140716_SN208_0518_AC59RNACXX_s_8_rg.sorted.bam,201425754,195440451,5985303,0.029714686
TCGA-VD-A8KD-01A-11D-A40D_140731_SN208_0522_AC59K7ACXX_s_1_rg.sorted.bam,396276074,380892420,15383654,0.038820547
TCGA-VD-A8KD-10A-01D-A40E_140729_SN208_0521_BC5AF6ACXX_s_1_rg.sorted.bam,490139270,460836198,29303072,0.059785195
TCGA-VD-A8KE-01A-11D-A40D_140731_SN208_0522_AC59K7ACXX_s_2_rg.sorted.bam,391585346,374758250,16827096,0.04297172
TCGA-VD-A8KE-10A-01D-A40E_140729_SN208_0521_BC5AF6ACXX_s_2_rg.sorted.bam,470988588,444424833,26563755,0.056399997
TCGA-VD-A8KF-01A-11D-A40D_140731_SN208_0522_AC59K7ACXX_s_3_rg.sorted.bam,406309276,389483094,16826182,0.041412252
TCGA-VD-A8KF-10A-01D-A40E_140729_SN208_0521_BC5AF6ACXX_s_3_rg.sorted.bam,487996100,458088171,29907929,0.06128723
TCGA-VD-A8KG-01A-11D-A40D_140731_SN208_0522_AC59K7ACXX_s_4_rg.sorted.bam,377119548,363056661,14062887,0.037290263
TCGA-VD-A8KG-10A-01D-A40E_140729_SN208_0521_BC5AF6ACXX_s_4_rg.sorted.bam,491573060,462229249,29343811,0.059693692
TCGA-VD-A8KH-01A-11D-A40D_140731_SN208_0522_AC59K7ACXX_s_5_rg.sorted.bam,323917438,312433926,11483512,0.035451972
TCGA-VD-A8KH-10A-01D-A40E_140729_SN208_0521_BC5AF6ACXX_s_5_rg.sorted.bam,492057746,462271977,29785769,0.060533076
TCGA-VD-A8KJ-01A-11D-A40D_140731_SN208_0522_AC59K7ACXX_s_6_rg.sorted.bam,443865280,424313778,19551502,0.04404828
TCGA-VD-A8KJ-10A-01D-A40E_140829_SN208_0523_BC5FKTACXX_s_6_rg.sorted.bam,429374938,410345676,19029262,0.044318521
TCGA-VD-A8KL-01A-11D-A40D_140731_SN208_0522_AC59K7ACXX_s_7_rg.sorted.bam,353197300,340169941,13027359,0.036884084
TCGA-VD-A8KL-10A-01D-A40E_140729_SN208_0521_BC5AF6ACXX_s_7_rg.sorted.bam,298966132,287197724,11768408,0.039363683
TCGA-VD-A8KN-01A-11D-A40D_140731_SN208_0522_AC59K7ACXX_s_8_rg.sorted.bam,343720100,331102974,12617126,0.036707559
TCGA-VD-A8KN-10B-01D-A40E_140729_SN208_0521_BC5AF6ACXX_s_8_rg.sorted.bam,439495968,417431186,22064782,0.050204743
TCGA-VD-AA8M-01A-11D-A40D_140807_SN1440_0194_AC5B5RACXX_s_1_rg.sorted.bam,548541424,467253232,81288192,0.148189705
TCGA-VD-AA8M-10A-01D-A40E_140807_SN1440_0194_AC5B5RACXX_s_2_rg.sorted.bam,408371002,381633120,26737882,0.065474487
TCGA-VD-AA8O-01A-11D-A40D_140807_SN1440_0194_AC5B5RACXX_s_3_rg.sorted.bam,341062700,321209535,19853165,0.058209722
TCGA-VD-AA8O-10A-01D-A40E_140807_SN1440_0194_AC5B5RACXX_s_4_rg.sorted.bam,369489052,346415947,23073105,0.062445977
TCGA-VD-AA8P-01A-11D-A40D_140829_SN208_0523_BC5FKTACXX_s_7_rg.sorted.bam,528650778,486996267,41654511,0.078794003
TCGA-VD-AA8P-10A-01D-A40E_140829_SN208_0523_BC5FKTACXX_s_8_rg.sorted.bam,548031108,498832901,49198207,0.089772654
TCGA-VG-A8LO-01A-11R-A406-31_rnaseq.bam,249195906,200396579,48799327,0.195827162
TCGA-VQ-A8DT-01A-11R-A36D-31_rnaseq.bam,244687252,210131123,34556129,0.141225702
TCGA-VQ-A8DU-01A-11R-A36D-31_rnaseq.bam,231354542,187807467,43547075,0.188226583
TCGA-VQ-A8DV-01A-12R-A36D-31_rnaseq.bam,280986646,213983491,67003155,0.238456724
TCGA-VQ-A8DZ-01A-11R-A36D-31_rnaseq.bam,282180658,194445649,87735009,0.31091787
TCGA-VQ-A8E0-01A-11R-A414-31_rnaseq.bam,266485044,196280526,70204518,0.263446372
TCGA-VQ-A8E2-01A-11R-A36D-31_rnaseq.bam,229823808,189480363,40343445,0.175540756
TCGA-VQ-A8E3-01A-11R-A39E-31_rnaseq.bam,243720018,198057228,45662790,0.187357569
TCGA-VQ-A8E7-01B-11R-A414-31_rnaseq.bam,239146544,198305600,40840944,0.170777898
TCGA-VQ-A8P2-01A-11R-A36D-31_rnaseq.bam,172204948,141073570,31131378,0.180780973
TCGA-VQ-A8P3-01A-11R-A36D-31_rnaseq.bam,227476188,176220879,51255309,0.225321646
TCGA-VQ-A8P5-01A-11R-A39E-31_rnaseq.bam,176623796,145670910,30952886,0.175247541
TCGA-VQ-A8P8-01A-11R-A39E-31_rnaseq.bam,189882974,141382328,48500646,0.25542388
TCGA-VQ-A8PB-01A-11R-A39E-31_rnaseq.bam,264220356,222997544,41222812,0.156016791
TCGA-VQ-A8PC-01A-11R-A39E-31_rnaseq.bam,231289086,185541886,45747200,0.197792299
TCGA-VQ-A8PD-01A-11R-A414-31_rnaseq.bam,250658218,196309075,54349143,0.216825698
TCGA-VQ-A8PE-01A-11R-A414-31_rnaseq.bam,256724036,212970652,43753384,0.170429636
TCGA-VQ-A8PF-01A-11R-A414-31_rnaseq.bam,253402010,189271276,64130734,0.253079026
TCGA-VQ-A8PH-01A-12R-A414-31_rnaseq.bam,219755554,163820053,55935501,0.254535096
TCGA-VQ-A8PJ-01A-11R-A414-31_rnaseq.bam,282930360,233616631,49313729,0.17429635
TCGA-VQ-A8PK-01A-12R-A414-31_rnaseq.bam,183923050,151829713,32093337,0.174493284
TCGA-VQ-A8PM-01A-21R-A414-31_rnaseq.bam,232271046,183035107,49235939,0.211976223
TCGA-VQ-A8PO-01A-11R-A414-31_rnaseq.bam,235749958,180794761,54955197,0.233107982
TCGA-VQ-A8PP-01A-21R-A414-31_rnaseq.bam,220900278,179540027,41360251,0.187234943
TCGA-VQ-A8PQ-01A-11R-A414-31_rnaseq.bam,272252536,213080891,59171645,0.217341024
TCGA-VQ-A8PU-01A-12R-A414-31_rnaseq.bam,140926156,113399982,27526174,0.195323386
TCGA-VQ-A8PX-01A-12R-A414-31_rnaseq.bam,233920092,181980807,51939285,0.22203858
TCGA-VQ-A91A-01A-11R-A414-31_rnaseq.bam,268901494,217588210,51313284,0.190825582
TCGA-VQ-A91D-01A-11R-A414-31_rnaseq.bam,273569388,227458793,46110595,0.168551735
TCGA-VQ-A91E-01A-31R-A414-31_rnaseq.bam,290825384,216045746,74779638,0.257128993
TCGA-VQ-A91K-01A-11R-A414-31_rnaseq.bam,282667322,229638796,53028526,0.187600483
TCGA-VQ-A91N-01A-11R-A414-31_rnaseq.bam,256746574,191331997,65414577,0.254782668
TCGA-VQ-A91Q-01A-12R-A414-31_rnaseq.bam,276392140,202587551,73804589,0.267028538
TCGA-VQ-A91S-01A-11R-A414-31_rnaseq.bam,272726408,229346318,43380090,0.159060834
TCGA-VQ-A91U-01A-11R-A414-31_rnaseq.bam,115649768,93931368,21718400,0.187794583
TCGA-VQ-A91V-01A-11R-A414-31_rnaseq.bam,245017496,191414821,53602675,0.218770806
TCGA-VQ-A91W-01A-11R-A414-31_rnaseq.bam,299140986,246183832,52957154,0.177030753
TCGA-VQ-A91X-01A-12R-A414-31_rnaseq.bam,220033054,178324087,41708967,0.189557733
TCGA-VQ-A91Y-01A-11R-A414-31_rnaseq.bam,262218910,203538097,58680813,0.223785588
TCGA-VQ-A91Z-01A-11R-A414-31_rnaseq.bam,246010352,189395875,56614477,0.230130466
TCGA-VQ-A922-01A-11R-A414-31_rnaseq.bam,188919236,150211685,38707551,0.204889411
TCGA-VQ-A923-01A-11R-A414-31_rnaseq.bam,228374818,187854778,40520040,0.177427793
TCGA-VQ-A924-01A-11R-A414-31_rnaseq.bam,131956862,106223200,25733662,0.195015717
TCGA-VQ-A925-01A-11R-A414-31_rnaseq.bam,302640564,253484116,49156448,0.16242518
TCGA-VQ-A927-01A-12R-A414-31_rnaseq.bam,242464000,169740080,72723920,0.29993698
TCGA-VQ-A928-01A-11R-A414-31_rnaseq.bam,257504584,212935369,44569215,0.173081249
TCGA-VQ-A92D-01A-11R-A414-31_rnaseq.bam,254013754,210684811,43328943,0.170577153
TCGA-VQ-A94O-01A-11R-A414-31_rnaseq.bam,202996534,168193348,34803186,0.171447193
TCGA-VQ-A94P-01A-13R-A414-31_rnaseq.bam,243273076,192134287,51138789,0.210211462
TCGA-VQ-A94R-01A-11R-A414-31_rnaseq.bam,239744142,199802420,39941722,0.166601451
TCGA-VQ-A94T-01A-11R-A414-31_rnaseq.bam,280243444,236686473,43556971,0.155425477
TCGA-VQ-A94U-01A-12R-A414-31_rnaseq.bam,254550704,193558258,60992446,0.239608239
TCGA-VQ-AA64-01A-11R-A414-31_rnaseq.bam,283457510,230156465,53301045,0.188038923
TCGA-VQ-AA68-01A-11R-A414-31_rnaseq.bam,249424198,207775094,41649104,0.166981008
TCGA-VQ-AA69-01A-11R-A414-31_rnaseq.bam,225185276,195013639,30171637,0.133985834
TCGA-VQ-AA6A-01A-11R-A414-31_rnaseq.bam,257020828,192861241,64159587,0.249627968
TCGA-VQ-AA6B-01A-11R-A414-31_rnaseq.bam,287321796,225317679,62004117,0.215800256
TCGA-VQ-AA6D-01A-11R-A414-31_rnaseq.bam,185467242,153662598,31804644,0.171483889
TCGA-VQ-AA6F-01A-31R-A414-31_rnaseq.bam,290813028,224301699,66511329,0.228708217
TCGA-VQ-AA6G-01A-11R-A414-31_rnaseq.bam,252600414,199697800,52902614,0.209432016
TCGA-VQ-AA6I-01A-11R-A414-31_rnaseq.bam,303643884,249745935,53897949,0.177503819
TCGA-VQ-AA6J-01A-11R-A414-31_rnaseq.bam,292562430,248096313,44466117,0.151988473
TCGA-VQ-AA6K-01A-11R-A414-31_rnaseq.bam,225586014,191444119,34141895,0.15134757
TCGA-VR-A8EO-01A-11R-A36D-31_rnaseq.bam,227546068,154913425,72632643,0.319199728
TCGA-VR-A8EP-01A-31R-A406-31_rnaseq.bam,259446734,219196690,40250044,0.155137987
TCGA-VR-A8EQ-01A-11R-A36D-31_rnaseq.bam,249343520,191629475,57714045,0.231463986
TCGA-VR-A8ER-01A-11R-A36D-31_rnaseq.bam,216270306,154537284,61733022,0.285443819
TCGA-VR-A8ET-01A-11R-A406-31_rnaseq.bam,274926168,226954760,47971408,0.17448833
TCGA-VR-A8EU-01A-11R-A36D-31_rnaseq.bam,215679188,182072062,33607126,0.155819976
TCGA-VR-A8EW-01A-11R-A36D-31_rnaseq.bam,242883036,183943640,58939396,0.242665758
TCGA-VR-A8EX-01A-11R-A36D-31_rnaseq.bam,200021280,130667227,69354053,0.346733373
TCGA-VR-A8EY-01A-11R-A36D-31_rnaseq.bam,220000598,166695871,53304727,0.242293555
TCGA-VR-A8EZ-01A-11R-A36D-31_rnaseq.bam,229044404,184349518,44694886,0.195136337
TCGA-VR-A8Q7-01A-11R-A37I-31_rnaseq.bam,271105598,229880873,41224725,0.152061504
TCGA-VR-AA4D-01A-11R-A37I-31_rnaseq.bam,248725864,183489475,65236389,0.262282289
TCGA-VR-AA4G-01A-11R-A37I-31_rnaseq.bam,252049114,196136416,55912698,0.221832551
TCGA-VR-AA7B-01A-31R-A406-31_rnaseq.bam,302613996,240889694,61724302,0.203970414
TCGA-VR-AA7D-01A-11R-A406-31_rnaseq.bam,288011304,236566127,51445177,0.178622076
TCGA-VR-AA7I-01A-11R-A406-31_rnaseq.bam,244960930,194482052,50478878,0.206069098
TCGA-WR-A838-01A-12R-A406-31_rnaseq.bam,199667614,163061924,36605690,0.183333137
TCGA-X8-AAAR-01A-11R-A406-31_rnaseq.bam,293286976,223200707,70086269,0.238968228
TCGA-XP-A8T6-01A-11R-A36D-31_rnaseq.bam,205842322,164107081,41735241,0.20275345
TCGA-XP-A8T8-01A-11R-A36D-31_rnaseq.bam,214693694,162341585,52352109,0.243845583
TCGA-Z6-A8JD-01A-11R-A36D-31_rnaseq.bam,271553414,222280334,49273080,0.181448943
TCGA-Z6-A8JE-01A-11R-A37I-31_rnaseq.bam,246266088,209059066,37207022,0.151084635
TCGA-Z6-A9VB-01A-21R-A37I-31_rnaseq.bam,237912374,192870719,45041655,0.189320355
TCGA-Z6-AAPN-01A-11R-A406-31_rnaseq.bam,282128532,226461247,55667285,0.197311788
TCGA-ZA-A8F6-01A-23R-A36D-31_rnaseq.bam,193058848,166580152,26478696,0.137153496
TCGA-ZQ-A9CR-01A-11R-A39E-31_rnaseq.bam,211342592,149398175,61944417,0.293099542
TCGA-ZR-A9CJ-01B-11R-A38D-31_rnaseq.bam,247852656,213926973,33925683,0.136878432
UNCID_1011579.b5ee1a9b-caca-4abf-9317-d6bf673b8e65.120306_UNC6-RDR300211_00136_FC_650PFAAXX.2.trimmed.annotated.translated_to_genomic.bam,30977103,25016510,5960593,0.192419317
UNCID_1011719.ca0261c0-0935-450b-9e9c-db02f92ecb0e.120313_UNC6-RDR300211_00137_FC_650V5AAXX.2.trimmed.annotated.translated_to_genomic.bam,33793040,27494962,6298078,0.186372046
UNCID_1017848.b408b777-f98b-4660-b01b-89fa0c607c3b.120307_UNC2-RDR300275_00118_FC_650V8AAXX.4.trimmed.annotated.translated_to_genomic.bam,36848412,31375497,5472915,0.148525125
UNCID_1031605.4228ef47-cd33-4bec-aa70-7a0cbe88de80.sorted_genome_alignments.bam,95502044,92400631,3101413,0.032474834
UNCID_1031606.c291c855-abe4-4805-973f-e29ee22c4667.sorted_genome_alignments.bam,111957791,108010822,3946969,0.035254081
UNCID_1031664.a7309f60-5fb7-4cd9-90e8-54d850b4b241.sorted_genome_alignments.bam,112509855,108867453,3642402,0.032374071
UNCID_1031684.d16a7dea-99ca-455e-80c7-4f182b25d382.sorted_genome_alignments.bam,128152366,124316038,3836328,0.029935678
UNCID_1031688.eafca6a1-4558-4b8e-8fd9-111e6bbdba84.sorted_genome_alignments.bam,137245756,133094243,4151513,0.030248753
UNCID_1031720.78ed13d4-1578-46b8-81fa-b4395643691d.sorted_genome_alignments.bam,137890915,134081647,3809268,0.027625228
UNCID_1031728.e28b7dfd-d7ba-4645-bf2e-f4a5aa3873f7.sorted_genome_alignments.bam,155474566,149939881,5534685,0.035598652
UNCID_1031733.b7f93347-5337-44ee-b26c-d6f10092dee6.sorted_genome_alignments.bam,145714212,141993141,3721071,0.025536775
UNCID_1031798.12273db4-5bb3-4529-aaad-cc4b486c85c5.sorted_genome_alignments.bam,163051094,158568708,4482386,0.027490683
UNCID_1031805.6ec8e49a-35db-469e-9e7a-0d8cdfcc0607.sorted_genome_alignments.bam,173903005,169049856,4853149,0.027907218
UNCID_1031900.86c13d00-9cb9-4cad-bf90-beb4115b69f5.sorted_genome_alignments.bam,176813589,170870465,5943124,0.033612371
UNCID_1031911.f98e6150-605d-4d37-9add-b6da6eb19928.sorted_genome_alignments.bam,155750964,148097561,7653403,0.04913872
UNCID_1031936.28732e92-e7b8-43bf-8c40-0053b54bcc96.sorted_genome_alignments.bam,175846467,171289032,4557435,0.025917126
UNCID_1032022.03e01fb5-4517-4820-bc3b-fe892a8ef896.sorted_genome_alignments.bam,176360107,163635164,12724943,0.072153183
UNCID_1032122.13daa1a0-a236-474e-b621-eb131be34af1.sorted_genome_alignments.bam,171619305,164862285,6757020,0.039372144
UNCID_1032195.02dbd205-c3a7-4643-ad0f-272dca20225d.sorted_genome_alignments.bam,165890937,155603796,10287141,0.062011471
UNCID_1032619.31f009cc-8211-45db-b74b-416bab8c30df.sorted_genome_alignments.bam,170282864,164251695,6031169,0.035418532
UNCID_1032826.02f3b4c9-5c69-4bec-8897-15f5b9a948b4.sorted_genome_alignments.bam,174771252,165373920,9397332,0.053769324
UNCID_1032858.0ddf6059-1ce0-4bac-bea9-8106a4dc764e.sorted_genome_alignments.bam,170574447,164160261,6414186,0.03760344
UNCID_1032900.41c85504-a18f-437e-a05a-740e7faaea41.sorted_genome_alignments.bam,171180328,165644868,5535460,0.03233701
UNCID_1032945.b7d58bd2-216f-4fdf-b97e-56d9cfb69e3b.sorted_genome_alignments.bam,181411306,176363082,5048224,0.027827505
UNCID_1033008.49fb1ab4-cd04-4985-99ee-2ddef8685cdc.sorted_genome_alignments.bam,200187028,194327897,5859131,0.029268285
UNCID_1033025.04523c86-295b-4343-843a-43e4dddf70d1.sorted_genome_alignments.bam,172228943,166206301,6022642,0.034968815
UNCID_1033064.670b4f33-2935-45c1-99b1-57660da763bb.sorted_genome_alignments.bam,176636548,169316522,7320026,0.041441174
UNCID_1033144.7ea63ff9-467e-4645-bacb-d91fe95a8c62.sorted_genome_alignments.bam,181281339,174652303,6629036,0.036567669
UNCID_1033396.7828187d-3fbc-4139-8546-c6d92fef3e0f.sorted_genome_alignments.bam,196291198,188808162,7483036,0.038122117
UNCID_1033406.4ff5e2c1-478c-4f0a-bffe-ea62b205da06.sorted_genome_alignments.bam,198478944,191310191,7168753,0.036118456
UNCID_1033454.0241c7d8-a820-421e-821e-291d4575a121.sorted_genome_alignments.bam,210181928,189142591,21039337,0.1001006
UNCID_1033611.3a0a356b-ee3a-4084-81d7-04b74a62dd96.sorted_genome_alignments.bam,194834292,186925680,7908612,0.040591479
UNCID_1033651.5282e6d0-1c77-4189-b17d-4a89847ac143.sorted_genome_alignments.bam,220145140,214155088,5990052,0.027209558
UNCID_1033716.fffdafae-fae0-4ae9-8fd2-3c2bedd156e1.sorted_genome_alignments.bam,182580632,174757431,7823201,0.042847924
UNCID_1033806.432b9ce2-3ef5-4343-896f-bc91c59035fd.sorted_genome_alignments.bam,173198088,167201671,5996417,0.034621727
UNCID_1033843.aa7c9175-113a-4a7b-8577-18478b0fffd3.sorted_genome_alignments.bam,179015612,170734717,8280895,0.046257949
UNCID_1034217.790c2e10-c79a-412d-9a24-d571652ff80e.sorted_genome_alignments.bam,198578538,186858387,11720151,0.05902023
UNCID_1034287.eb23bf14-0f53-4e8c-9d50-2d9743a620c3.sorted_genome_alignments.bam,237135941,231161773,5974168,0.025193009
UNCID_1034316.cd804abb-1eb2-462b-bbe1-045e3f29569f.sorted_genome_alignments.bam,183857843,177140620,6717223,0.036534873
UNCID_1034440.6d9dfd56-1006-46b7-89c0-efba05fe13e3.sorted_genome_alignments.bam,223671526,214826364,8845162,0.03954532
UNCID_1034446.c67a7631-4bbf-4bee-9743-0e470d0bdf86.sorted_genome_alignments.bam,200734520,195775370,4959150,0.024705018
UNCID_1034525.56a11c6f-f63f-46b3-84d3-c444dae76628.sorted_genome_alignments.bam,216628315,211727237,4901078,0.022624365
UNCID_1034562.2fc29812-f419-4a62-959f-c2e3da708a45.sorted_genome_alignments.bam,243530999,237743262,5787737,0.023765915
UNCID_1034591.67406266-5f84-4a8a-90a0-8655bece5a69.sorted_genome_alignments.bam,209445160,199732249,9712911,0.046374483
UNCID_1034680.64353828-9b3b-491d-8d13-ce36e09fa6f9.sorted_genome_alignments.bam,216903130,207767077,9136053,0.04212043
UNCID_1035689.000b3ce1-5bcf-4dd5-b7e4-e4f9367a939b.sorted_genome_alignments.bam,236033432,228894201,7139231,0.030246694
UNCID_1035963.147d980f-bc6d-43ee-9454-4934ab161c07.sorted_genome_alignments.bam,152184482,148648991,3535491,0.023231613
UNCID_1036354.ee60d580-12aa-4bde-a42c-9a5ebc1834c0.sorted_genome_alignments.bam,175797338,169166045,6631293,0.037721237
UNCID_1037229.3c3a7016-6270-4c87-af7d-53b46f7f8fd1.sorted_genome_alignments.bam,91651601,83474637,8176964,0.089217907
UNCID_1040601.0057e13d-5489-4c48-9772-9fd45db4d84f.sorted_genome_alignments.bam,68204801,65864991,2339810,0.03430565
UNCID_1041159.5ac1f533-a9f3-4a5e-a25f-4b04ffcf50b6.sorted_genome_alignments.bam,64651361,62413162,2238199,0.034619519
UNCID_1050983.2c3b36e7-3761-433c-976e-30aed0a82819.sorted_genome_alignments.bam,86706928,82017301,4689627,0.054085955
UNCID_1051511.5f76cbbf-fb21-4ec7-8ff3-5f7baf16488d.sorted_genome_alignments.bam,104911189,98824440,6086749,0.058018111
UNCID_1052177.3fc2678f-e653-41c7-a106-4aed5df1dedb.sorted_genome_alignments.bam,132599868,125275761,7324107,0.055234648
UNCID_1052860.20c383e0-a901-4a61-94d1-002a86a0d1c3.sorted_genome_alignments.bam,146304451,137869917,8434534,0.057650563
UNCID_1053405.8322db3e-e34c-469a-becd-a29ce4676473.sorted_genome_alignments.bam,142482655,135122472,7360183,0.051656695
UNCID_1053459.18278118-50d2-4f87-9892-54d40d81391c.sorted_genome_alignments.bam,143909784,134588353,9321431,0.06477274
UNCID_1053590.df4110b6-3360-4c78-bb4f-89ae7cffba0c.sorted_genome_alignments.bam,142005267,130022397,11982870,0.084383279
UNCID_1053677.2589ea8d-6306-4460-999f-c87a4b005420.sorted_genome_alignments.bam,157431577,150598426,6833151,0.043403942
UNCID_1054289.d7ff5d57-d610-4ea9-a849-b974736121fa.sorted_genome_alignments.bam,178114426,170417599,7696827,0.043212822
UNCID_1054324.a82887c2-9f01-41c0-8c74-2063aaf97261.sorted_genome_alignments.bam,175477816,167806776,7671040,0.043715155
UNCID_1054371.be550442-9380-47cb-b03f-14b84b0db775.sorted_genome_alignments.bam,167553411,160407860,7145551,0.042646407
UNCID_1055043.c4298e1d-a255-4c7d-af91-48868b8a72ea.sorted_genome_alignments.bam,242042108,227362167,14679941,0.06065036
UNCID_1055177.f5e09ce5-d3df-4c22-8607-63535c2d4611.sorted_genome_alignments.bam,239905544,225690367,14215177,0.059253224
UNCID_1055311.87fc2c1d-3072-40fb-bc36-5b7a5604d4d7.sorted_genome_alignments.bam,189565813,179993006,9572807,0.050498594
UNCID_1055313.aacc0084-c133-4dc9-80af-a3f6b74618d9.sorted_genome_alignments.bam,224253360,211599651,12653709,0.056425951
UNCID_1055365.bd265674-2868-40d9-9d1a-72f4baf887f0.sorted_genome_alignments.bam,200123514,190590696,9532818,0.047634672
UNCID_1055404.2e6e7411-9875-418e-97a7-8fd61866d5a6.sorted_genome_alignments.bam,250962789,235033413,15929376,0.063473059
UNCID_1055564.b6b63f14-21a2-456c-895a-a8cf032b729a.sorted_genome_alignments.bam,246474027,233195887,13278140,0.05387237
UNCID_1055711.8578f1c0-bec8-467e-9426-b2f18071eca8.sorted_genome_alignments.bam,234197391,219366497,14830894,0.06332647
UNCID_1055755.a67dbc0f-e3b6-4043-8512-8cfb675ddd99.sorted_genome_alignments.bam,233432325,223730631,9701694,0.041561056
UNCID_1056506.d3ffdd2d-b156-4e82-92ab-37c9e48a736b.sorted_genome_alignments.bam,255082932,244680935,10401997,0.040778883
UNCID_1056627.79b04aa9-2ebd-4891-8fe4-ea635dbafa2f.sorted_genome_alignments.bam,251727127,241230342,10496785,0.041699062
UNCID_1057100.80fbe4ac-7a80-4b89-8fce-3caddfafee64.sorted_genome_alignments.bam,218547007,209170880,9376127,0.042902107
UNCID_1057298.117806c9-4d1c-4b96-8f94-2fd3720d4609.sorted_genome_alignments.bam,267336497,249935168,17401329,0.065091483
UNCID_1057381.ba725298-74f8-4ff3-a28b-1e4a92331f07.sorted_genome_alignments.bam,271249219,260023769,11225450,0.041384267
UNCID_1057595.6322257f-c99b-4562-95fb-1b26651bc876.sorted_genome_alignments.bam,269116200,258732166,10384034,0.038585689
UNCID_1058331.b936c3f0-795b-4128-bca0-b797b3d86f8d.sorted_genome_alignments.bam,266553635,255040785,11512850,0.043191495
UNCID_1059031.88ef1c54-2210-429c-9cc4-6c12e6ee9d61.sorted_genome_alignments.bam,291051162,276822410,14228752,0.04888746
UNCID_1059145.3361fa31-f545-4a50-912e-3bab98eb7930.sorted_genome_alignments.bam,265280085,255770023,9510062,0.035849137
UNCID_1059188.e4d0c9ca-ecf9-4ded-a572-3c4cc9ce955a.sorted_genome_alignments.bam,246943243,237110361,9832882,0.039818389
UNCID_1059229.94f47d71-e3ad-44ad-8ddd-370db58ff67d.sorted_genome_alignments.bam,239528131,229666479,9861652,0.041171164
UNCID_1059231.0896ba53-2761-4378-9042-de4895b173ac.sorted_genome_alignments.bam,272764563,263676393,9088170,0.033318734
UNCID_1060521.a3196a69-230e-4dfe-ba2d-d8c5a8310d29.sorted_genome_alignments.bam,275394969,263512677,11882292,0.043146366
UNCID_1062087.aac4936d-3550-4acd-8fd4-1b1951242d80.sorted_genome_alignments.bam,147556899,140438227,7118672,0.048243573
UNCID_1062089.9c14d16a-7e54-492c-bc10-055d69b5dd80.sorted_genome_alignments.bam,60324517,56688981,3635536,0.060266309
UNCID_1062098.608a1e43-d38c-498f-99d8-e5539d43b636.sorted_genome_alignments.bam,65159762,61321656,3838106,0.058903008
UNCID_1062189.fb4a4126-ddff-4e71-b4d8-394ac8f03654.sorted_genome_alignments.bam,63968147,58813750,5154397,0.080577557
UNCID_1062205.7bd328df-04eb-4500-b52e-59c8dba766a3.sorted_genome_alignments.bam,66581263,62308079,4273184,0.064179978
UNCID_1062431.17d5f5c9-ed12-4dd7-810e-601b7545b47f.sorted_genome_alignments.bam,155912887,148979432,6933455,0.044470057
UNCID_1062458.e4e94ad0-a63b-43c1-928a-aa0333e72bed.sorted_genome_alignments.bam,77660205,73507806,4152399,0.053468813
UNCID_1062569.4865a07c-0af4-4cdd-b55f-ec11670d6e29.sorted_genome_alignments.bam,72802068,69167026,3635042,0.049930477
UNCID_1063024.ee465ac7-c842-4337-8bd4-58fb49fce9bb.sorted_genome_alignments.bam,165910668,156647189,9263479,0.055834137
UNCID_1063068.f62b601a-a8a2-4179-be5b-6b9548da05c2.sorted_genome_alignments.bam,165488734,157974330,7514404,0.045407345
UNCID_1063106.82586a59-47ac-4dba-b460-87e968a9d658.sorted_genome_alignments.bam,78063677,73668143,4395534,0.056307033
UNCID_1063168.921b83c7-9731-4b26-9a91-f84347e36d5b.sorted_genome_alignments.bam,158434568,151870263,6564305,0.041432278
UNCID_1063252.030f341f-bf04-4bc1-9572-721160a2ec28.sorted_genome_alignments.bam,140065334,134072448,5992886,0.042786361
UNCID_1063288.bb854114-88f2-467c-a3f8-ce8f5ee4cdb9.sorted_genome_alignments.bam,126990268,119841983,7148285,0.056290022
UNCID_1063291.df7bc5ee-3423-495a-bc08-c0053e1640ad.sorted_genome_alignments.bam,120430942,116072443,4358499,0.036190857
UNCID_1063329.d7086de7-6fd7-4709-b390-90f106977829.sorted_genome_alignments.bam,156496245,148838580,7657665,0.048931941
UNCID_1063438.d540849d-46de-4d86-b93e-c4eb220d9dd1.sorted_genome_alignments.bam,134281962,128142039,6139923,0.045724108
UNCID_1063442.63dc6159-f7a9-4ccb-86d0-ac495ebfadca.sorted_genome_alignments.bam,162238412,155467640,6770772,0.041733471
UNCID_1063447.70235f1f-1376-4326-99d0-e413fab24662.sorted_genome_alignments.bam,129328891,123769279,5559612,0.042988167
UNCID_1063502.e24747be-f71a-488a-84bb-5872711cc40e.sorted_genome_alignments.bam,137108418,131325600,5782818,0.042176973
UNCID_1063687.b8152ff5-e2f1-44a5-8173-c6c75ec3a79c.sorted_genome_alignments.bam,141745511,135824100,5921411,0.041774946
UNCID_1063690.c06339ee-3381-47f0-bf81-9310acfd78b3.sorted_genome_alignments.bam,197093071,189034519,8058552,0.040887039
UNCID_1063698.25c74ec3-c453-4ccb-94d1-a38bfc4aa0b2.sorted_genome_alignments.bam,142886647,137401296,5485351,0.038389528
UNCID_1063737.05e29bda-269a-4b56-b179-8b56867c036e.sorted_genome_alignments.bam,123024372,113754863,9269509,0.075346932
UNCID_1063799.c541f28a-299d-4c21-9329-4922e204e2ab.sorted_genome_alignments.bam,167903389,157419174,10484215,0.06244195
UNCID_1063872.6474e097-3eaa-4741-a466-be378a1ca862.sorted_genome_alignments.bam,185363750,177854786,7508964,0.040509344
UNCID_1064127.9a76d668-932a-47cd-a8c0-5840641e1aea.sorted_genome_alignments.bam,174044276,168623998,5420278,0.031143098
UNCID_1064141.6178dbb9-01d2-4ba3-8315-f2add186879a.sorted_genome_alignments.bam,207506681,198999985,8506696,0.040994805
UNCID_1064224.41ab6249-4301-4c67-9b1f-83c295536b13.sorted_genome_alignments.bam,168268465,161157334,7111131,0.042260628
UNCID_1064226.91c5d28b-85af-49ff-8307-140707d13d0e.sorted_genome_alignments.bam,191338362,183132694,8205668,0.042885639
UNCID_1064333.fabfb417-8a39-4860-a60f-66fb98beaae3.sorted_genome_alignments.bam,179350322,172701890,6648432,0.037069529
UNCID_1064336.7db69d77-75ce-4f75-9e95-7205c55e5e6d.sorted_genome_alignments.bam,194769311,186460701,8308610,0.042658723
UNCID_1064390.73c2db42-5c8b-4b21-a1a5-ad3b106f2b13.sorted_genome_alignments.bam,145635154,135219136,10416018,0.071521317
UNCID_1064498.5f242fff-ab9b-4e49-89c2-3679974c2112.sorted_genome_alignments.bam,207517142,200202573,7314569,0.035248023
UNCID_1064502.ae96337f-1b6e-41e6-8045-35f4adec76f4.sorted_genome_alignments.bam,104828625,97262626,7565999,0.072174933
UNCID_1064991.02497ea4-eb86-4154-a7a2-63b4baaebc97.sorted_genome_alignments.bam,190074127,183371588,6702539,0.035262764
UNCID_1064998.3ab5fa89-ae39-40a2-92ac-d1721cea9f7e.sorted_genome_alignments.bam,175587409,161824864,13762545,0.078380022
UNCID_1065255.967fb40b-bea9-40fd-bab1-7c524e12ac0d.sorted_genome_alignments.bam,164175585,151293007,12882578,0.078468294
UNCID_1065285.97454c59-eed0-470f-a234-ff8b25b4b8a6.sorted_genome_alignments.bam,191990814,185463272,6527542,0.033999241
UNCID_1065507.f2956875-df61-4a7a-97dd-dd5d5a8f1d7a.sorted_genome_alignments.bam,163692477,154487888,9204589,0.056230984
UNCID_1065554.f1c8f94b-6397-4756-abf6-42a5e9e5c76e.sorted_genome_alignments.bam,215336903,208617702,6719201,0.031203203
UNCID_1065562.9ca70bc7-d228-46cb-afb5-ccb7c5e04770.sorted_genome_alignments.bam,174070851,159513702,14557149,0.083627724
UNCID_1065582.867b4c4f-b1d3-4702-80ff-74ba4e169e3b.sorted_genome_alignments.bam,159792731,149458548,10334183,0.064672422
UNCID_1065617.8c1c733a-abed-468f-b4d0-d1ac34ba6d8b.sorted_genome_alignments.bam,198343918,191009060,7334858,0.036980504
UNCID_1065726.02107e86-44c9-42bd-9a46-2a98e54bd54c.sorted_genome_alignments.bam,204845527,195996238,8849289,0.043199816
UNCID_1065865.e52ba522-f5b9-4f9c-b03c-7d317ca7a30e.sorted_genome_alignments.bam,181912103,173472095,8440008,0.046396077
UNCID_1065899.2c6ccb67-23b3-4e1c-9136-30f373c7e40c.sorted_genome_alignments.bam,178094894,165561160,12533734,0.070376717
UNCID_1066034.185c6574-0d29-4078-9198-ed4f427331bd.sorted_genome_alignments.bam,156456232,147809799,8646433,0.055264229
UNCID_1066133.aace0b09-d6bd-4ebd-a694-c838e8724bd3.sorted_genome_alignments.bam,214207304,204314957,9892347,0.046181184
UNCID_1066136.b1300b0f-5051-4e52-b1ff-5291f6653f0b.sorted_genome_alignments.bam,223613389,204990005,18623384,0.08328385
UNCID_1066184.f54e8f7c-75c2-4566-8696-06e5ac1b8a0d.sorted_genome_alignments.bam,189589708,181889707,7700001,0.040614024
UNCID_1066239.b45df1ad-f756-4ec6-ae76-264dd51fae7e.sorted_genome_alignments.bam,186347412,175026547,11320865,0.060751394
UNCID_1066255.ca290d55-534f-47d9-a65a-1ba12dbaa233.sorted_genome_alignments.bam,167784326,158066110,9718216,0.057920881
UNCID_1066289.ea64d44e-32d1-40f6-b49f-e019401a76d5.sorted_genome_alignments.bam,115747327,107113765,8633562,0.074589731
UNCID_1066302.6606d696-1211-43ad-b7b0-43b183af7faa.sorted_genome_alignments.bam,166908225,157551396,9356829,0.056059724
UNCID_1066312.d3642776-8fd7-4cdd-b94a-1d558b5ac69d.sorted_genome_alignments.bam,176743098,164286395,12456703,0.070479148
UNCID_1066318.c192c13f-7bc1-479f-b2e4-ba64b46b0d68.sorted_genome_alignments.bam,163627255,154364430,9262825,0.056609304
UNCID_1066364.b8bcd42e-f1bc-4c93-8dac-933d94d33a0d.sorted_genome_alignments.bam,208705826,196827648,11878178,0.056913495
UNCID_1066751.6e6c90e7-2f98-4880-9e6e-d85966baa663.sorted_genome_alignments.bam,197434123,184873894,12560229,0.063617316
UNCID_1066775.bec47a82-4a30-4206-bb40-f7674028db1d.sorted_genome_alignments.bam,183184090,174313774,8870316,0.048422961
UNCID_1066781.27e89ada-fc8b-484f-8570-c26af5434438.sorted_genome_alignments.bam,178411165,168937353,9473812,0.053101004
UNCID_1066825.8ce70027-d230-4af0-ab5f-5a50fdaac5e5.sorted_genome_alignments.bam,197593341,189938784,7654557,0.038738942
UNCID_1067155.e778c0a5-1f5b-4e94-9779-2f7386586ff1.sorted_genome_alignments.bam,155791003,145646255,10144748,0.065117676
UNCID_1067180.2f3702b6-bd6e-4863-8b81-e7d3850a9017.sorted_genome_alignments.bam,132643094,122298901,10344193,0.077985161
UNCID_1067355.c7372404-46b6-415c-8084-2dac0e7f3cee.sorted_genome_alignments.bam,189324414,179070824,10253590,0.054158837
UNCID_1067477.f31fd0a1-b600-42bc-a6fa-689c05a581ce.sorted_genome_alignments.bam,147616439,137986003,9630436,0.06523959
UNCID_1067493.26283541-2370-40ca-8687-e46b6cee1bc5.sorted_genome_alignments.bam,160402022,149336530,11065492,0.068985988
UNCID_1067619.d23adf22-4453-4144-9a70-2c60bad34d97.sorted_genome_alignments.bam,173846251,163792584,10053667,0.057830796
UNCID_1067634.3379dfb4-e4f0-492f-bdcd-0f76d3b94b0d.sorted_genome_alignments.bam,171608646,159835279,11773367,0.068605908
UNCID_1067643.d424d3e3-9055-4d6a-a7ce-debbd3537fcd.sorted_genome_alignments.bam,179615072,165103953,14511119,0.080790097
UNCID_1067682.cd60c90b-bd9a-4494-ad73-993664b12f33.sorted_genome_alignments.bam,133852317,124829412,9022905,0.067409405
UNCID_1067734.4becf4e5-085b-442e-9b06-e2472c0dc239.sorted_genome_alignments.bam,148553460,138039638,10513822,0.070774669
UNCID_1067839.2adbe625-d7cc-45a9-b00b-e5e439e52deb.sorted_genome_alignments.bam,173268140,160020096,13248044,0.076459781
UNCID_1067874.04b90b6a-445b-4d52-bed6-32b574e0a2ed.sorted_genome_alignments.bam,163438233,151421733,12016500,0.073523188
UNCID_1067891.4c91a673-ed50-41b5-8261-50c9b8716aa2.sorted_genome_alignments.bam,165697881,158559083,7138798,0.043083218
UNCID_1067942.80444ef3-0ac2-45fc-b0c5-237cd8bb8fc0.sorted_genome_alignments.bam,178386812,167062308,11324504,0.063482854
UNCID_1067994.142496ba-0118-475e-9169-a201e98e11b5.sorted_genome_alignments.bam,243918449,230611546,13306903,0.054554721
UNCID_1067995.700121ee-a711-4ccc-9250-e2b299d0f46e.sorted_genome_alignments.bam,177397124,167786372,9610752,0.054176481
UNCID_1067996.f5debd70-0db6-42d6-8894-fd65c9f4c66e.sorted_genome_alignments.bam,194796803,181084498,13712305,0.070392865
UNCID_1068000.eb104ebb-be06-4f91-be68-d3b4ef649d2a.sorted_genome_alignments.bam,184013120,176732365,7280755,0.039566499
UNCID_1068002.d998fb64-f09e-462e-b7c4-d2e63e56a553.sorted_genome_alignments.bam,172059345,159998785,12060560,0.07009535
UNCID_1068014.a10bc546-eb5d-4022-8f77-ea993db1a9d3.sorted_genome_alignments.bam,177239433,169453367,7786066,0.043929649
UNCID_1068022.017e0cba-13b0-457a-80bb-8d6090506cc9.sorted_genome_alignments.bam,239356886,228129447,11227439,0.046906689
UNCID_1068026.95eea5e6-b72a-4dc6-a285-1c79bcf99465.sorted_genome_alignments.bam,168799642,158228364,10571278,0.062626187
UNCID_1068038.37396d97-dda9-4ee3-a477-8281d8baf948.sorted_genome_alignments.bam,181098716,173532315,7566401,0.041780534
UNCID_1068045.43672213-eb65-4206-bc57-56587b08259f.sorted_genome_alignments.bam,108446354,103003798,5442556,0.05018662
UNCID_1068046.fddbc301-c80e-4ecd-b347-21783f885157.sorted_genome_alignments.bam,160239579,150611731,9627848,0.060084082
UNCID_1068050.fecc45b4-3293-4a47-837b-74e42c6cbf0f.sorted_genome_alignments.bam,173553186,160721639,12831547,0.073934379
UNCID_1068361.3f0ad86f-9713-4d26-a2b4-87a2204855fe.sorted_genome_alignments.bam,167099157,153764819,13334338,0.079798954
UNCID_1068383.89aaa481-724a-44d3-a4f2-d1a058563b03.sorted_genome_alignments.bam,262849568,250337522,12512046,0.047601547
UNCID_1068581.91102ced-5e0a-427b-8640-4dfddf2004a7.sorted_genome_alignments.bam,132796336,125031717,7764619,0.05847013
UNCID_1068767.9718e096-a9bc-42fc-af97-1624c4ba6a9b.sorted_genome_alignments.bam,118686444,109188275,9498169,0.080027412
UNCID_1068851.bc493a57-6821-4607-a841-5ffc39391910.sorted_genome_alignments.bam,174179342,163529057,10650285,0.061145512
UNCID_1068937.539545e6-7309-4431-85bf-101159542bdb.sorted_genome_alignments.bam,118610239,111338693,7271546,0.061306225
UNCID_1068938.95d2741d-894f-447e-9010-844f1d8a6572.sorted_genome_alignments.bam,170543407,160975942,9567465,0.056099882
UNCID_1069082.ae8b243b-3190-47e5-af8f-3ff76a403516.sorted_genome_alignments.bam,125200369,117523804,7676565,0.061314236
UNCID_1069083.cb96190b-51ec-4380-ab8a-a3b33d3ef4d2.sorted_genome_alignments.bam,183041176,175862133,7179043,0.039220918
UNCID_1069097.388eaf67-9d6d-4b9a-b404-a4ce171fbd18.sorted_genome_alignments.bam,167658300,156621684,11036616,0.065828032
UNCID_1069107.4609abbc-9257-40f5-aaa3-176ab36ddd51.sorted_genome_alignments.bam,154286686,141795836,12490850,0.080958703
UNCID_1069169.002e2fae-9e30-4800-b23e-8f23bd16ad56.sorted_genome_alignments.bam,141105243,134042650,7062593,0.050051953
UNCID_1069273.566b24cb-eb71-4b13-a0bd-9d3bb6d8f475.sorted_genome_alignments.bam,129361669,122227758,7133911,0.055147023
UNCID_1069306.c68cacc1-3783-494b-aced-e06cea977a4f.sorted_genome_alignments.bam,210486799,202712235,7774564,0.036936112
UNCID_1069429.c26af662-dd33-4073-bd97-1f79da7bfa43.sorted_genome_alignments.bam,121230624,114693502,6537122,0.053923025
UNCID_1069690.b00d66ea-f8e2-4f18-8df8-e6248d929373.sorted_genome_alignments.bam,166400643,159285558,7115085,0.042758759
UNCID_1070038.8539f984-feb7-4b21-ac81-1ae2b403b845.sorted_genome_alignments.bam,181258259,170265241,10993018,0.06064837
UNCID_1070204.3cb7b861-6dba-4d54-bc04-c63a238e394e.sorted_genome_alignments.bam,215224983,206913654,8311329,0.038616934
UNCID_1070231.d0819fd7-9468-4da3-aade-ccf24cf3989d.sorted_genome_alignments.bam,132631562,125301072,7330490,0.055269575
UNCID_1070232.a7e57e13-7e54-4839-9b94-0c7d3dda0489.sorted_genome_alignments.bam,146281260,139472443,6808817,0.046546065
UNCID_1070266.0aea71d4-f403-474a-91d3-f9b0929c0acf.sorted_genome_alignments.bam,142617032,134605071,8011961,0.05617815
UNCID_1070423.32fa734c-e551-45fb-818a-9452d0c6557e.sorted_genome_alignments.bam,147750728,137360724,10390004,0.07032117
UNCID_1070503.98fef165-d1ea-40e8-9bc5-5e8e70b7aaa5.sorted_genome_alignments.bam,136071028,128925172,7145856,0.052515632
UNCID_1070668.6a39f9d6-adbb-478f-a59e-93a8bafb4604.sorted_genome_alignments.bam,218353491,211064544,7288947,0.033381408
UNCID_1070697.a835eee9-b865-4e53-9b33-3db9fbcee18e.sorted_genome_alignments.bam,231315527,221743886,9571641,0.041379155
UNCID_1070729.71a18be8-ea00-4006-81cd-7ce875f67077.sorted_genome_alignments.bam,214140255,205322208,8818047,0.041178839
UNCID_1071108.5f4c103d-fd38-45c5-b2e6-da62eb63da6a.sorted_genome_alignments.bam,212073786,204439046,7634740,0.036000395
UNCID_1071230.e912b601-aff4-49e1-924f-44d242699608.sorted_genome_alignments.bam,150511235,142333035,8178200,0.054336143
UNCID_1071237.5c8d386c-5879-4b83-a899-4e731ae08d92.sorted_genome_alignments.bam,213476631,205498514,7978117,0.03737232
UNCID_1071537.8ecb75cd-cf31-4cc8-a2eb-01d1346791e9.sorted_genome_alignments.bam,220737894,212491539,8246355,0.03735813
UNCID_1071548.f4b89ed8-5cd7-4b62-b427-ba408a24a60f.sorted_genome_alignments.bam,133618346,126021609,7596737,0.056853997
UNCID_1071632.984b427f-6831-4ce5-8135-d25c0a2e62d2.sorted_genome_alignments.bam,177094789,167148940,9945849,0.056161161
UNCID_1071695.c806fc33-7a1d-44a8-b67b-7f74363c3f01.sorted_genome_alignments.bam,214481297,205189573,9291724,0.043321838
UNCID_1071735.f66b0cd6-fc69-4d6e-8c07-e5dc10c6628b.sorted_genome_alignments.bam,144591710,137016799,7574911,0.05238828
UNCID_1071943.fe3a32fe-6338-43d3-b134-39fab3447f42.sorted_genome_alignments.bam,161719875,144926774,16793101,0.103840675
UNCID_1071966.8dc89366-a78f-4e41-983f-13dfbbe782a2.sorted_genome_alignments.bam,227012529,216622319,10390210,0.045769324
UNCID_1072031.2a016a06-5097-49b5-85b2-8ea5291fed23.sorted_genome_alignments.bam,141212815,134238736,6974079,0.049387012
UNCID_1072038.10e6a64d-2d89-444f-ad6f-d4fde86d8a8a.sorted_genome_alignments.bam,156285792,147634106,8651686,0.05535811
UNCID_1072076.c322339f-28e6-480d-8cc3-5d63b07e66d0.sorted_genome_alignments.bam,182547973,173193276,9354697,0.051245143
UNCID_1072121.74c7652b-fa92-4fda-b52c-1b122d5a6462.sorted_genome_alignments.bam,121810650,114571764,7238886,0.059427365
UNCID_1072158.de4a60ba-a4a6-4ff8-8768-4c47e3926eb3.sorted_genome_alignments.bam,128715744,121282469,7433275,0.05774954
UNCID_1072270.0e17aa25-2993-4ea1-bbee-d600d8c0bf89.sorted_genome_alignments.bam,212273541,204421976,7851565,0.036987959
UNCID_1072327.cf12415f-4487-4e0d-9c9b-2239f7c83599.sorted_genome_alignments.bam,158288523,150665278,7623245,0.048160441
UNCID_1072395.c5532e8c-8632-4e7a-8143-e062af4b1d60.sorted_genome_alignments.bam,125915593,114862399,11053194,0.087782567
UNCID_1072427.523d5f7e-4980-4f87-be5d-3a81bb6f8314.sorted_genome_alignments.bam,197835638,190046768,7788870,0.039370409
UNCID_1072432.bfff9773-9089-4b7e-9470-f0ddcabae065.sorted_genome_alignments.bam,260638293,245262371,15375922,0.058993334
UNCID_1072523.b6cbe950-44d8-4da9-ba79-116f25015278.sorted_genome_alignments.bam,240462630,232171309,8291321,0.034480705
UNCID_1072544.320810be-bd11-40c7-9eee-7496f7564599.sorted_genome_alignments.bam,158094020,150220750,7873270,0.049801188
UNCID_1072609.6b56c843-4716-4118-8312-c86c3218d02a.sorted_genome_alignments.bam,146742567,138536614,8205953,0.05592074
UNCID_1072708.86452157-2294-4029-a61d-6702a7889b7e.sorted_genome_alignments.bam,204371888,194532399,9839489,0.048145022
UNCID_1072709.263780bc-cbb0-426e-9c0c-cef110a83b51.sorted_genome_alignments.bam,165039792,157776258,7263534,0.044010804
UNCID_1072747.3a86e548-34d7-4677-9265-8ddd0e4ca4da.sorted_genome_alignments.bam,137784513,127870245,9914268,0.071954879
UNCID_1072775.88d40fcc-c30a-437f-b514-ef0a60f8836e.sorted_genome_alignments.bam,267589050,254032336,13556714,0.050662439
UNCID_1072839.2d8e77a9-f69e-4c27-acaa-1ae73dbc5997.sorted_genome_alignments.bam,229133829,220352743,8781086,0.038322958
UNCID_1072928.731aca7f-57bb-438d-927b-1be5adcdcf0e.sorted_genome_alignments.bam,263106283,247229664,15876619,0.060342987
UNCID_1072960.0242dfba-2ab3-457e-b905-82dc83348e11.sorted_genome_alignments.bam,234542073,223254009,11288064,0.048128099
UNCID_1072988.99516b1e-9ee2-48d9-90e4-e78370eccef6.sorted_genome_alignments.bam,130939649,120142067,10797582,0.08246228
UNCID_1073110.fca05afb-d892-431c-a19a-e0c8c6e283eb.sorted_genome_alignments.bam,180252361,171019083,9233278,0.051224172
UNCID_1073124.db2c54e8-2023-49de-a116-7bec77297dee.sorted_genome_alignments.bam,194333714,181420235,12913479,0.066450019
UNCID_1073197.76ad7c60-3911-478f-bb99-2161769fa380.sorted_genome_alignments.bam,179264391,167516354,11748037,0.065534694
UNCID_1074404.f1d662e9-e8dc-47d4-b350-c41798ad4584.sorted_genome_alignments.bam,269769218,253376075,16393143,0.060767285
UNCID_1074437.4686dc73-c481-4e93-977c-980887726234.sorted_genome_alignments.bam,283907673,271885717,12021956,0.042344597
UNCID_1074673.31137a90-0e02-4c48-80c1-14c882eff26f.sorted_genome_alignments.bam,196539965,186981012,9558953,0.048636179
UNCID_1074704.134503af-e10e-41f4-97a4-c1261144b36a.sorted_genome_alignments.bam,159918974,153650097,6268877,0.039200333
UNCID_1074874.e6333a68-bb60-4450-af13-2a22a2335e03.sorted_genome_alignments.bam,318616294,304815088,13801206,0.043316071
UNCID_1075112.ca366b19-d82e-4e65-9fde-f3be38fbe038.sorted_genome_alignments.bam,276586515,263677186,12909329,0.046673747
UNCID_1075129.0e4155e3-ff27-48f0-bc7d-c63b7c93d199.sorted_genome_alignments.bam,184952277,171243031,13709246,0.074123153
UNCID_1075691.adf7cabd-e763-4adf-923f-9f47fa86ea7a.sorted_genome_alignments.bam,175620307,165842680,9777627,0.055674809
UNCID_1075713.cdae461e-021e-4e59-ac04-d640d29d29dc.sorted_genome_alignments.bam,300537365,282927840,17609525,0.058593463
UNCID_1075853.a80c9de4-3d81-4b05-a26a-285e9bbbfafa.sorted_genome_alignments.bam,178111714,156012216,22099498,0.124076612
UNCID_1075871.1190c768-24c0-4762-8701-dea5d35e8fe1.sorted_genome_alignments.bam,192458486,182066324,10392162,0.053996902
UNCID_1075906.cdcd386e-cbf8-474e-a79e-666fffcadcd0.sorted_genome_alignments.bam,185487462,178053765,7433697,0.040076547
UNCID_1075931.cf406671-32e5-46c6-8e55-ac696c5d9bc9.sorted_genome_alignments.bam,179513425,173233371,6280054,0.034983757
UNCID_1075934.77981a9c-ea15-47bb-bd1a-6600cdc50f09.sorted_genome_alignments.bam,153992237,146071750,7920487,0.051434327
UNCID_1075992.55aa5a0a-1fb8-4420-bcee-cf281b36fdab.sorted_genome_alignments.bam,160645565,154493007,6152558,0.03829896
UNCID_1076032.3647c517-acfa-439c-85a2-e03a305b8ce1.sorted_genome_alignments.bam,185663895,176731253,8932642,0.048111896
UNCID_1076058.9471e29a-1dcc-4de4-a213-15765427e8e5.sorted_genome_alignments.bam,171010019,161879882,9130137,0.053389486
UNCID_1076071.afac7352-d5be-4b87-baf0-0d22e761872b.sorted_genome_alignments.bam,182169553,175391578,6777975,0.037206959
UNCID_1076072.c7b94923-c28a-449e-962c-40d56a1b2e61.sorted_genome_alignments.bam,171105046,162336597,8768449,0.051245999
UNCID_1076075.2c299eb8-f688-487f-b0d8-9b2bd297193b.sorted_genome_alignments.bam,172999979,165969225,7030754,0.040640201
UNCID_1076293.384dced4-1686-4f9d-bdd7-c5c54ca92bf8.sorted_genome_alignments.bam,150939229,143389495,7549734,0.050018369
UNCID_1076330.ff913d7b-73f5-4987-97f9-294463272f82.sorted_genome_alignments.bam,162677797,155395656,7282141,0.044764197
UNCID_1076333.e1d11ec9-09e9-4cbb-b3a6-6724f4379cc7.sorted_genome_alignments.bam,172522288,164195831,8326457,0.04826308
UNCID_1076372.9359bed2-0958-4cba-954e-3d548320e12e.sorted_genome_alignments.bam,178726520,170050282,8676238,0.048544771
UNCID_1076441.adfbf8b6-405d-4887-b363-d130e20b70ef.sorted_genome_alignments.bam,169897520,161715552,8181968,0.048158254
UNCID_1076554.a6af2ef5-6774-422c-99d1-826a686334d0.sorted_genome_alignments.bam,63565692,60175179,3390513,0.053338726
UNCID_1076590.b5e61a38-2067-473e-8eb3-0d8c259b7e67.sorted_genome_alignments.bam,199109199,191654860,7454339,0.037438446
UNCID_1076640.590b397c-38e0-4d77-9c7c-0d6cde2e5757.sorted_genome_alignments.bam,136908141,129937220,6970921,0.050916775
UNCID_1076716.1eb4fd74-0fa3-4ec9-8fc4-aa5d26a5f690.sorted_genome_alignments.bam,176517244,167822431,8694813,0.049257584
UNCID_1076725.92157a18-814f-41b7-9c7f-7bdd1f76e464.sorted_genome_alignments.bam,185126002,176802057,8323945,0.044963673
UNCID_1076792.9083747c-9d2d-431f-ace5-3e55795e18af.sorted_genome_alignments.bam,188330346,176479571,11850775,0.062925467
UNCID_1076793.0929665a-9dba-4744-ab13-fd483ff70c3a.sorted_genome_alignments.bam,205868664,197822086,8046578,0.039085978
UNCID_1076823.8c547100-3fac-4519-91e9-7976a49ec9c3.sorted_genome_alignments.bam,172068025,163670731,8397294,0.048802176
UNCID_1076969.7e152b9b-7115-4800-864e-e8162d617661.sorted_genome_alignments.bam,197473902,189424223,8049679,0.040763255
UNCID_1077023.c3c18dde-e425-48c9-a6d6-6d55c31147f3.sorted_genome_alignments.bam,166843558,160033614,6809944,0.040816344
UNCID_1077133.a26c6cd1-144d-433a-b499-848ae93374c1.sorted_genome_alignments.bam,185423078,176404546,9018532,0.048637592
UNCID_1077145.ac70793d-cc2c-48c8-a6f7-12b4c319364a.sorted_genome_alignments.bam,177716494,169697500,8018994,0.045122396
UNCID_1077210.0168f22b-6d11-4492-9aea-5ffa451bff3e.sorted_genome_alignments.bam,83242526,79078319,4164207,0.050024996
UNCID_1077225.0b16749a-54a1-47f0-9534-4c3428fc7504.sorted_genome_alignments.bam,203481054,196330779,7150275,0.035139758
UNCID_1077299.7524ebc8-c57e-44d5-9a4e-b5ccce93bf55.sorted_genome_alignments.bam,69336566,64573111,4763455,0.068700475
UNCID_1077411.02311dd2-115e-452f-a5de-b3230a51d7f2.sorted_genome_alignments.bam,202594311,192635822,9958489,0.04915483
UNCID_1077444.3163dcdb-7a0f-428d-94be-9fc140cca0ca.sorted_genome_alignments.bam,104263539,99890071,4373468,0.041946284
UNCID_1077495.4d65f6a2-ba96-4ef3-9a47-13808922e76a.sorted_genome_alignments.bam,210812535,202022179,8790356,0.041697502
UNCID_1077596.4ff760c4-074e-4876-b63f-71098942c780.sorted_genome_alignments.bam,86495386,79767678,6727708,0.07778112
UNCID_1077621.ea2e88e9-53f1-4fcd-b7b8-924ec8ed0aaa.sorted_genome_alignments.bam,201938155,188691103,13247052,0.06559955
UNCID_1077745.7642842f-8f88-4ac5-a393-ec2d37655033.sorted_genome_alignments.bam,175121063,166749861,8371202,0.047802371
UNCID_1077749.80efdbaa-067b-4018-89b2-b8869bfb9163.sorted_genome_alignments.bam,129238965,124101466,5137499,0.039751935
UNCID_1077768.c9376fb2-9938-4516-88da-3fc03deeb6ee.sorted_genome_alignments.bam,112554055,106717114,5836941,0.051859002
UNCID_1077780.82f3157c-09cc-40d7-872e-59f82f5f31f4.sorted_genome_alignments.bam,138589360,133818154,4771206,0.034426929
UNCID_1078114.6f2e3098-e76b-411f-9d8e-cd8594ed1175.sorted_genome_alignments.bam,118972666,113847959,5124707,0.043074659
UNCID_1078122.8b0f1897-20d8-492d-9ea9-22f771bbae9d.sorted_genome_alignments.bam,123674461,118708722,4965739,0.040151693
UNCID_1078130.cb61137c-aa73-433e-b7a8-f3e8b161a532.sorted_genome_alignments.bam,152801624,144058058,8743566,0.057221682
UNCID_1078247.30fd754a-0625-4435-877d-7dfaee227f8b.sorted_genome_alignments.bam,170009489,163961908,6047581,0.03557202
UNCID_1078253.a660dca3-d4cd-4d7e-93fd-6be7a622cc59.sorted_genome_alignments.bam,111609466,105330584,6278882,0.056257612
UNCID_1078308.5bfe179e-eae2-4d2a-9f2a-b4af4602a2b5.sorted_genome_alignments.bam,128580832,120413824,8167008,0.063516528
UNCID_1078311.9142e848-c5cb-41c1-b80f-5f7674f9a1cb.sorted_genome_alignments.bam,127022579,119412976,7609603,0.059907483
UNCID_1078320.514e90fa-113f-48d7-9166-41096e0ad209.sorted_genome_alignments.bam,135190526,127521380,7669146,0.056728428
UNCID_1078362.4972964a-475f-4611-ab72-22543d9aa6fb.sorted_genome_alignments.bam,170707832,162075748,8632084,0.05056642
UNCID_1078512.11fd13bc-b0d4-490b-a678-78ecfda9c9ce.sorted_genome_alignments.bam,183030218,176056274,6973944,0.038102692
UNCID_1078609.518e09a8-84da-4247-b2f5-2c32e07ea046.sorted_genome_alignments.bam,191134707,182172037,8962670,0.046891902
UNCID_1078643.87ef65df-919a-4c65-87db-364380aec736.sorted_genome_alignments.bam,209562259,199497993,10064266,0.048025184
UNCID_1078694.fa7be44d-ec78-4bbe-b5af-38e0744f14a9.sorted_genome_alignments.bam,194578487,184817375,9761112,0.050165422
UNCID_1079091.0e199130-3ee6-4172-93f9-db55c11e61b3.sorted_genome_alignments.bam,191092986,180953187,10139799,0.05306212
UNCID_1079215.52ff562f-6a13-435a-acab-16a064633b1d.sorted_genome_alignments.bam,172864209,165270703,7593506,0.043927578
UNCID_1079410.66323357-708a-4b9e-b716-c8e7b24385d1.sorted_genome_alignments.bam,190239351,181398882,8840469,0.046470244
UNCID_1079485.4e2f417c-e1db-4d99-b999-d3aab967c244.sorted_genome_alignments.bam,196371781,186981918,9389863,0.047816763
UNCID_1079636.9a3858ef-0bb9-4d26-977c-6e06d0f770a5.sorted_genome_alignments.bam,222758396,213968786,8789610,0.039458041
UNCID_1079647.1cdc026e-58bc-424d-9cf4-6c6701e081ad.sorted_genome_alignments.bam,179209653,166948050,12261603,0.068420438
UNCID_1079810.167ca59a-5b32-4d99-8f91-2244b723dd87.sorted_genome_alignments.bam,128163462,118899151,9264311,0.072285118
UNCID_1080517.877fb28c-fcdd-4e75-8057-029c9ff31d26.sorted_genome_alignments.bam,125932653,120508707,5423946,0.043070212
UNCID_1080681.4b847934-8dcb-451a-a0f1-a5f59bbd33db.sorted_genome_alignments.bam,159328367,153165204,6163163,0.038682145
UNCID_1082412.94beac77-4ba2-4465-9f42-813e7de4df3e.sorted_genome_alignments.bam,163676703,154244563,9432140,0.05762665
UNCID_1083439.b2d849d8-f837-43e4-b06c-051f041172ae.sorted_genome_alignments.bam,76046489,70557940,5488549,0.072173602
UNCID_1083444.4be7594c-c6ff-47c3-bb57-22ba6489b0f4.sorted_genome_alignments.bam,70143570,67587430,2556140,0.036441544
UNCID_1083498.d4349207-30b1-44ad-b460-14db8ea58cc4.sorted_genome_alignments.bam,67497228,65328594,2168634,0.032129231
UNCID_1083503.8b1695b3-8abd-4bfc-98e4-7d0ad20a5acc.sorted_genome_alignments.bam,73012692,69918921,3093771,0.042373058
UNCID_1083512.f8d65338-5f5e-4cf5-a119-25faf54453d4.sorted_genome_alignments.bam,78216814,75617871,2598943,0.033227421
UNCID_1083525.51eae0de-8f16-4093-b42e-5c34c4768459.sorted_genome_alignments.bam,102573670,98966103,3607567,0.035170497
UNCID_1083635.f633a7d3-cbf3-4c75-94d5-ec6521478b38.sorted_genome_alignments.bam,140102254,110096571,30005683,0.214169881
UNCID_1083681.7298c60b-39b0-4eeb-88cb-7b19e1cdd78f.sorted_genome_alignments.bam,133825655,108683505,25142150,0.187872423
UNCID_1083765.6deb91e8-110b-444d-93c8-72cd04e4746a.sorted_genome_alignments.bam,102430246,98728366,3701880,0.036140497
UNCID_1083783.c8cea2ae-ff28-42b0-9070-5f7d2aa4cea7.sorted_genome_alignments.bam,151100036,136958824,14141212,0.093588409
UNCID_1083792.ac2f712d-65c3-4c24-b7b9-60027830ce3c.sorted_genome_alignments.bam,157552544,123503904,34048640,0.216109744
UNCID_1083850.248247d8-7753-4462-9301-08424e6dc340.sorted_genome_alignments.bam,182597817,170146990,12450827,0.068187162
UNCID_1083865.91d58d62-95bb-44a4-b50d-ec3ef4621c82.sorted_genome_alignments.bam,141407879,134916660,6491219,0.045904224
UNCID_1083921.5da9b8ad-11f0-43e3-af8c-9a1433783ea6.sorted_genome_alignments.bam,145576036,136604487,8971549,0.061627925
UNCID_1083931.b76b8aca-3b38-46d9-9cb9-c88c9f08ddd1.sorted_genome_alignments.bam,169342348,158340365,11001983,0.064968882
UNCID_1083934.ea6af137-a116-4a32-9436-a9470abb3b10.sorted_genome_alignments.bam,63437991,61505098,1932893,0.030469013
UNCID_1084099.d3773105-00e3-4ff8-bd82-cf617a4f8c6a.sorted_genome_alignments.bam,163424499,147688103,15736396,0.096291536
UNCID_1084126.328f67c7-f88e-4364-8ea7-ca5d95ff30e6.sorted_genome_alignments.bam,154452402,149073458,5378944,0.034825901
UNCID_1084187.29285eb2-f1d0-4c21-ae6f-bc4e37c3965f.sorted_genome_alignments.bam,158162624,148211498,9951126,0.062917052
UNCID_1084382.f775cfe9-6e6b-4b47-a8f1-25e5aea4ee7b.sorted_genome_alignments.bam,163925675,148758791,15166884,0.092522932
UNCID_1084857.1c765ec2-c3d2-4fa4-9f56-031c47f2ec2d.sorted_genome_alignments.bam,143576017,137291268,6284749,0.043772972
UNCID_1085022.ad577848-ede3-4e20-8608-93bfcee70b3c.sorted_genome_alignments.bam,210097867,202078532,8019335,0.038169521
UNCID_1085029.8cb7e009-0e3a-4fee-aca1-177c33ee3441.sorted_genome_alignments.bam,192492624,185243832,7248792,0.037657505
UNCID_1085140.8a5cfa5b-2dab-4775-ae08-3d7e0b36e93f.sorted_genome_alignments.bam,201469800,193407758,8062042,0.040016131
UNCID_1085188.c09c8492-72c8-4bde-bdee-09a5eae43a8f.sorted_genome_alignments.bam,197276283,167838406,29437877,0.149221572
UNCID_1085394.edd5fa64-d6c2-453f-bc77-ca7e5b00e350.sorted_genome_alignments.bam,131576560,69850081,61726479,0.469129752
UNCID_1085462.f20dc5d8-5ad0-46ce-b5d7-02f3f2e8c27a.sorted_genome_alignments.bam,218530739,206167582,12363157,0.056573995
UNCID_1085551.6b5daf02-c700-4c32-9770-2a6a903c9011.sorted_genome_alignments.bam,221935508,205856812,16078696,0.072447605
UNCID_1085839.4994e995-7e35-49be-a10f-45909d60daef.sorted_genome_alignments.bam,163235223,100968499,62266724,0.381453971
UNCID_1086108.bfb1d121-5968-46e6-9e69-21e7477214cc.sorted_genome_alignments.bam,199269913,193475068,5794845,0.029080381
UNCID_1086118.5992e0cb-a453-473f-bb06-4641681099bd.sorted_genome_alignments.bam,210954079,199004482,11949597,0.056645489
UNCID_1086326.ef2fe6ae-6775-4177-a3e5-914aa2c5f2a8.sorted_genome_alignments.bam,201831586,193857624,7973962,0.039507999
UNCID_1086388.6683dc73-6101-4fb3-9702-38d561a8c822.sorted_genome_alignments.bam,251655594,239793470,11862124,0.047136341
UNCID_1086501.659acaaf-d086-4066-8d30-7e33de4b8825.sorted_genome_alignments.bam,309073807,298539750,10534057,0.034082658
UNCID_1086505.0d559ef8-c7f0-486a-bfa8-532fd38d993d.sorted_genome_alignments.bam,155332523,148182461,7150062,0.046030682
UNCID_1086845.4525fc51-c3b6-4768-bd04-8febaa18c37e.sorted_genome_alignments.bam,194883874,179773579,15110295,0.077534866
UNCID_1087021.0bfc47d8-bd48-49e9-8d37-6a418d049aef.sorted_genome_alignments.bam,185113121,175921080,9192041,0.049656345
UNCID_1087291.2c66813e-ea12-44c5-ac7e-6c8802325077.sorted_genome_alignments.bam,228268105,211277387,16990718,0.074433167
UNCID_1087683.2c0791fd-18d0-4d48-bdff-568b4ef50d89.sorted_genome_alignments.bam,197536831,185976866,11559965,0.058520555
UNCID_1087994.4eb2db4b-f8de-435b-bb72-fde7780fb18a.sorted_genome_alignments.bam,200992326,193251229,7741097,0.038514391
UNCID_1088102.95365098-d660-415e-843d-3726e8821022.sorted_genome_alignments.bam,225893700,202755026,23138674,0.102431692
UNCID_1088121.914d5d39-8731-4913-bce6-950283630fb1.sorted_genome_alignments.bam,238511785,220810189,17701596,0.074216861
UNCID_1088218.d652eb6b-e061-47f6-8da9-032cf10c21ce.sorted_genome_alignments.bam,192118984,183669108,8449876,0.043982515
UNCID_1088499.a6afebfd-6750-47e2-9fa6-e2d102025c7b.sorted_genome_alignments.bam,184857517,174619663,10237854,0.055382406
UNCID_1088500.6d9f9621-a9b0-4091-9425-f435061ba54f.sorted_genome_alignments.bam,158805229,150447645,8357584,0.052627889
UNCID_1088503.edf7e574-9db3-4bd7-ba86-410173b59320.sorted_genome_alignments.bam,186359763,168802318,17557445,0.094212639
UNCID_1088563.33dbf062-5980-4b6b-affa-0157eaa3016a.sorted_genome_alignments.bam,176221641,166931845,9289796,0.052716545
UNCID_1088699.d0100b1d-9fa8-46b6-94f0-af3f9e747972.sorted_genome_alignments.bam,158181774,146735517,11446257,0.072361415
UNCID_1089233.a0c48f0a-061f-4b7c-9d70-b90aca5afd5d.sorted_genome_alignments.bam,99416360,97085403,2330957,0.023446413
UNCID_1089357.68663b98-823a-4dd1-950b-caa33793eafb.sorted_genome_alignments.bam,181364677,171175274,10189403,0.05618185
UNCID_1089368.07e52141-d5c6-456f-bad7-cedec6a93ea0.sorted_genome_alignments.bam,179165617,168974564,10191053,0.056880629
UNCID_1089389.53542d3e-e875-46b5-9ace-a736f2ad1ac8.sorted_genome_alignments.bam,111120917,103635708,7485209,0.067360936
UNCID_1089397.6524750b-0f81-4f20-a197-e3881adbfe0a.sorted_genome_alignments.bam,214462532,207170762,7291770,0.034000205
UNCID_1089398.f8c4acd4-f42f-409b-a710-970611f0cc0a.sorted_genome_alignments.bam,104315297,97830716,6484581,0.06216328
UNCID_1089533.66c87341-61f8-4160-9078-e8e0603d7bf8.sorted_genome_alignments.bam,143697317,138344134,5353183,0.037253187
UNCID_1089583.22b689d1-b5d1-4a0c-801b-d3a3ad3c8965.sorted_genome_alignments.bam,213371681,187578430,25793251,0.120884135
UNCID_1089588.f25aa426-4522-4f81-aaf8-e2d51e0aeaf3.sorted_genome_alignments.bam,184485114,169217997,15267117,0.082755279
UNCID_1089836.d4388885-339b-430e-8034-81c019b6dc43.sorted_genome_alignments.bam,132808122,124298154,8509968,0.064077165
UNCID_1089842.1c6b5c84-6da2-48dd-a062-43ae72666690.sorted_genome_alignments.bam,185086466,174044234,11042232,0.059659856
UNCID_1089843.8f259997-f80c-4516-a7e6-f8c888f008d4.sorted_genome_alignments.bam,113567022,107270581,6296441,0.055442512
UNCID_1089878.81304c6e-d670-4b91-95db-acb46041d343.sorted_genome_alignments.bam,181144339,153840796,27303543,0.150728105
UNCID_1089940.b4a82c9e-4b14-42ed-8d33-6494ec475827.sorted_genome_alignments.bam,119077960,113649792,5428168,0.045584993
UNCID_1089942.2d12d6c7-a3b8-4a0e-a501-a291f1e86eb9.sorted_genome_alignments.bam,168622967,146730750,21892217,0.12982939
UNCID_1089948.07a4d275-d7bb-4aee-ae7e-b056a8785643.sorted_genome_alignments.bam,196407831,164429843,31977988,0.162814221
UNCID_1089958.24e9d763-4fc9-4806-90f7-6aeda279bc8f.sorted_genome_alignments.bam,167992179,163331919,4660260,0.027740934
UNCID_1089996.66a37514-2cd6-4aac-9ab7-e7e011aeb6f0.sorted_genome_alignments.bam,198602607,184146354,14456253,0.072789845
UNCID_1089999.4837761d-62c2-42b1-aea5-22caca405637.sorted_genome_alignments.bam,140252366,135700467,4551899,0.03245506
UNCID_1090030.898969f3-0879-46c7-b641-3c0c53d62422.sorted_genome_alignments.bam,160000734,148934382,11066352,0.069164383
UNCID_1090037.5d3aa73e-ce8e-409d-ab73-bdc6d28bb956.sorted_genome_alignments.bam,168960931,164543258,4417673,0.026146121
UNCID_1090070.4af52410-54ab-4307-96a0-b80579d18e0b.sorted_genome_alignments.bam,141299570,131297289,10002281,0.070787767
UNCID_1090076.f274e34b-e111-47e0-8fff-5c338d387d76.sorted_genome_alignments.bam,281487821,269819758,11668063,0.041451396
UNCID_1090090.778f620d-9034-4a78-9bef-e21e0cef44dc.sorted_genome_alignments.bam,218711120,211435234,7275886,0.033267106
UNCID_1090190.e5c59c1c-fc25-47b1-b8ab-dc0767a4ebe7.sorted_genome_alignments.bam,139582858,135695384,3887474,0.027850655
UNCID_1090196.4e3d5029-c593-4f4d-9a0f-c560dd644a80.sorted_genome_alignments.bam,243942383,231725469,12216914,0.050081146
UNCID_1090201.6b7fc820-6165-48bc-a9b7-db807b81e7e2.sorted_genome_alignments.bam,228784569,206955927,21828642,0.095411339
UNCID_1090243.3bf6d735-504c-4d36-be6d-ca1a7aaad836.sorted_genome_alignments.bam,170145238,166002030,4143208,0.024351008
UNCID_1090257.5f92f983-1ec8-4bfd-b477-8118d31a02e3.sorted_genome_alignments.bam,167026782,162978521,4048261,0.024237197
UNCID_1090263.aa29c7b0-8641-4a59-8b17-c007b3cb8726.sorted_genome_alignments.bam,127407818,117330099,10077719,0.079098121
UNCID_1090289.cdcfd4b3-024b-4356-b1f8-8ac22d01be2b.sorted_genome_alignments.bam,261811829,251745954,10065875,0.038446983
UNCID_1090309.e6aecb65-29f2-48de-a8a0-55b25fbafef1.sorted_genome_alignments.bam,107548441,102174890,5373551,0.049964006
UNCID_1090362.372ec0c3-ab4c-421b-acc4-6fecf473d2fb.sorted_genome_alignments.bam,82428182,79159080,3269102,0.039660004
UNCID_1090517.bed554b9-3711-4d40-af5e-943b6b39fee5.sorted_genome_alignments.bam,211195550,192723249,18472301,0.087465389
UNCID_1090642.0a92ac08-a817-401f-8827-62b419b7afc2.sorted_genome_alignments.bam,206003417,193400929,12602488,0.061176111
UNCID_1090697.2680c851-cb71-4c87-a789-6448b1f66faf.sorted_genome_alignments.bam,162032925,148209568,13823357,0.085312025
UNCID_1090761.73290cd5-d727-49d3-b054-c40e15ebc233.sorted_genome_alignments.bam,201562290,195964726,5597564,0.027770889
UNCID_1090825.93199f13-52a9-4c92-81a3-7be55eb10e94.sorted_genome_alignments.bam,187037835,182536472,4501363,0.024066591
UNCID_1090929.a055757a-04fd-436d-b743-be75b9529dbc.sorted_genome_alignments.bam,229542571,217385594,12156977,0.052961753
UNCID_1090951.bd434e6d-97f9-4264-952f-91b910b6249c.sorted_genome_alignments.bam,223303458,204763566,18539892,0.083025548
UNCID_1091269.f61ba831-745d-468c-a3b0-0229000926f5.sorted_genome_alignments.bam,79697429,77343350,2354079,0.029537703
UNCID_1091306.a8873600-a0a6-4880-b933-2cbcfb274233.sorted_genome_alignments.bam,145574915,133052777,12522138,0.086018515
UNCID_1091419.c943873c-e153-42bc-a8de-e1080b252e81.sorted_genome_alignments.bam,161220377,148767595,12452782,0.077240745
UNCID_1091597.be536f6a-fe25-4269-82fa-88ede7740e54.sorted_genome_alignments.bam,215142060,199876445,15265615,0.070955977
UNCID_1091605.46ba6b5d-e758-4c4d-bbbf-8ec31fdd24e7.sorted_genome_alignments.bam,127105435,117083436,10021999,0.078847919
UNCID_1091612.ddb17f24-f233-40dc-bbbd-731e50d4fce4.sorted_genome_alignments.bam,96513275,89292981,7220294,0.074811408
UNCID_1091652.64f425a9-2260-4cd3-8ddd-c43ac410b1a4.sorted_genome_alignments.bam,81932947,79201992,2730955,0.033331585
UNCID_1091942.8a8e816b-8067-4ffe-ac37-f3ac2e0a29c4.sorted_genome_alignments.bam,80597863,78350102,2247761,0.027888593
UNCID_1091976.28ad8481-78a8-4103-b501-5cfd23ae3e81.sorted_genome_alignments.bam,125196396,118998410,6197986,0.049506106
UNCID_1092029.91449ec2-a03f-4cc8-8738-4819564d9dae.sorted_genome_alignments.bam,124293040,118325681,5967359,0.048010403
UNCID_1092056.e1bbe3cc-e58e-45d6-82a7-57e8d202e7e6.sorted_genome_alignments.bam,125096658,114349500,10747158,0.085910832
UNCID_1092138.eba3191c-d7bd-4af7-811e-8902edb70355.sorted_genome_alignments.bam,234758901,225153631,9605270,0.040915467
UNCID_1092194.6eaf6c1c-13d6-4293-aaa5-7d9aecf61db7.sorted_genome_alignments.bam,212377962,202664079,9713883,0.045738658
UNCID_1092230.681fbd5b-5bff-434d-8ff4-d995fc517e93.sorted_genome_alignments.bam,76320325,71093048,5227277,0.068491283
UNCID_1092273.cc748956-075e-4433-9640-274ee42bdba8.sorted_genome_alignments.bam,156018913,148447723,7571190,0.048527386
UNCID_1092309.02e43817-47d3-4436-bcfa-37dd510eec4c.sorted_genome_alignments.bam,133577289,127011779,6565510,0.049151394
UNCID_1092361.6a45204a-96c6-4617-a4cc-27f71c05170b.sorted_genome_alignments.bam,135704646,123150718,12553928,0.092509198
UNCID_1092365.21b53e5f-a306-46b8-a3a1-daf24a69264b.sorted_genome_alignments.bam,196714961,188322244,8392717,0.042664355
UNCID_1092623.21531069-76ec-4e0f-b915-51c00b2c42f1.sorted_genome_alignments.bam,188556606,180749645,7806961,0.041403805
UNCID_1092669.31757dda-12d6-4f35-87f1-d00464f2815b.sorted_genome_alignments.bam,200633500,190164807,10468693,0.052178191
UNCID_1092757.614ad2cf-7744-4ce1-b684-b6a57827e8c8.sorted_genome_alignments.bam,128711160,122826410,5884750,0.045720589
UNCID_1093087.6d1614e8-67cb-4551-a447-ae3b94990d70.sorted_genome_alignments.bam,111462301,101481980,9980321,0.089539879
UNCID_1093142.b9db5c2a-c5dd-4e58-905f-fefccd469f1f.sorted_genome_alignments.bam,284629848,272427833,12202015,0.042869766
UNCID_1093422.e448d6d2-be85-4164-be3f-fd7e5a0c53ec.sorted_genome_alignments.bam,76344490,73119241,3225249,0.042245996
UNCID_1093499.538ab6dc-6dff-49e2-ae6a-b91ee6619bce.sorted_genome_alignments.bam,117284713,110040070,7244643,0.061769712
UNCID_1093515.b3b1d4f3-1511-40a5-bf62-0ddf0893eac5.sorted_genome_alignments.bam,77199381,71109284,6090097,0.078887899
UNCID_1093659.38dbab79-7aeb-4153-b3ce-8feeb36b48e5.sorted_genome_alignments.bam,257194904,241594824,15600080,0.060654701
UNCID_1093787.cc6ff65b-c9fe-4992-971c-3c9a61caeec1.sorted_genome_alignments.bam,130899380,121196280,9703100,0.074126402
UNCID_1093800.4c6443ed-bc36-4c94-85dd-9bf7aab6a5b3.sorted_genome_alignments.bam,199405589,187646115,11759474,0.05897264
UNCID_1093815.32f582db-018c-4134-9998-79138bf301f2.sorted_genome_alignments.bam,78622008,71522598,7099410,0.090297999
UNCID_1093885.0621fd32-18bd-4720-846b-4bf47453d296.sorted_genome_alignments.bam,105342561,97467619,7874942,0.074755559
UNCID_1094059.dbe8b05d-9b51-4d93-9e04-9609a5dd4cb8.sorted_genome_alignments.bam,119506796,109478294,10028502,0.083915747
UNCID_1094105.bd304a35-2d0c-4b11-bd62-3db480c1e730.sorted_genome_alignments.bam,208298482,194707717,13590765,0.065246587
UNCID_1094206.860fa33f-75d9-480d-92e7-2a5a45b35433.sorted_genome_alignments.bam,94818138,85031379,9786759,0.103216106
UNCID_1094283.67a58c72-fa64-4c63-b568-bec834626edf.sorted_genome_alignments.bam,243612615,230338378,13274237,0.05448912
UNCID_1094301.17a5a6af-dca6-47dc-912a-7ac0c226da89.sorted_genome_alignments.bam,82719116,75346265,7372851,0.089131163
UNCID_1094493.56982118-0f10-47b2-af05-18b037c73f22.sorted_genome_alignments.bam,138807894,132252768,6555126,0.047224447
UNCID_1094834.0f61b005-3643-4a6b-a075-bffb7320a2f3.sorted_genome_alignments.bam,104737898,95909652,8828246,0.084288936
UNCID_1095078.bf920e10-514e-4623-b92e-c83a3e32485f.sorted_genome_alignments.bam,84425533,77192271,7233262,0.085676237
UNCID_1095105.5427eb83-38f3-4258-b241-25efae8fa70a.sorted_genome_alignments.bam,224224939,210234538,13990401,0.062394491
UNCID_1095106.05a4f4ff-cdfd-4332-8146-066657a4c3cc.sorted_genome_alignments.bam,130069814,124549400,5520414,0.04244193
UNCID_1095147.39413018-090f-46ca-b6df-244124f098c3.sorted_genome_alignments.bam,171508225,163107856,8400369,0.048979394
UNCID_1095159.1457ae2c-4b9b-448a-b455-432a7121beb4.sorted_genome_alignments.bam,163500390,156301510,7198880,0.044029742
UNCID_1095171.8c957960-d5a3-4d07-a3aa-6c13b16fff0e.sorted_genome_alignments.bam,157198488,150225139,6973349,0.044360153
UNCID_1095184.6cc31d25-1d4e-4f17-9321-2474befc3232.sorted_genome_alignments.bam,162881419,158900485,3980934,0.024440688
UNCID_1095237.7157ccb4-b4f6-41ba-9f9c-da862b749a57.sorted_genome_alignments.bam,188967659,176271124,12696535,0.067188931
UNCID_1095299.65843fe1-4da2-4165-8926-a0d6f878a7f8.sorted_genome_alignments.bam,237692004,227141654,10550350,0.044386642
UNCID_1095322.dac01b76-c2a3-4041-b704-97f1afc2c4d3.sorted_genome_alignments.bam,78237571,72410930,5826641,0.074473695
UNCID_1095424.1b4bb160-191b-4796-8759-339b11fe386d.sorted_genome_alignments.bam,99583382,92540800,7042582,0.070720454
UNCID_1095427.9a6962a2-0a32-44d5-a2bf-c28c5f1a9cd0.sorted_genome_alignments.bam,150949056,136285234,14663822,0.097144178
UNCID_1095521.090d6483-72df-4a55-84ef-5e196d1982cf.sorted_genome_alignments.bam,176749518,169353138,7396380,0.041846677
UNCID_1095596.27e70f84-80c5-4f6c-9d22-83c5a6e66eb5.sorted_genome_alignments.bam,128349766,122361291,5988475,0.046657467
UNCID_1096194.50b1d328-57c8-44ab-9c1a-a2bdbc40c6a4.sorted_genome_alignments.bam,81833273,73149298,8683975,0.106117899
UNCID_1096287.f3bb69da-304f-462d-b020-f479a866381e.sorted_genome_alignments.bam,82990050,76733312,6256738,0.075391423
UNCID_1096415.5ac273e2-3a3f-48a6-8782-956587bab667.sorted_genome_alignments.bam,166720192,159481528,7238664,0.04341804
UNCID_1096447.a9c81a18-bc29-4fac-83b2-bbd8047599bd.sorted_genome_alignments.bam,76498427,72714207,3784220,0.049467945
UNCID_1096624.70546486-80a3-452c-8722-1bd7b14d5ac4.sorted_genome_alignments.bam,203551172,195034350,8516822,0.041841184
UNCID_1096659.4f5215c3-7763-49f8-afe7-b3ce3474afe2.sorted_genome_alignments.bam,182869969,177186636,5683333,0.031078547
UNCID_1096847.5ec48286-3f47-49eb-83ba-a1169f734bba.sorted_genome_alignments.bam,185279494,168000524,17278970,0.093258944
UNCID_1097067.1205dc3c-e766-4a25-b485-c66e301e3b6d.sorted_genome_alignments.bam,103812203,99699524,4112679,0.039616528
UNCID_1097103.43a90c23-bff9-45ae-a5b5-c65f343d1cdc.sorted_genome_alignments.bam,104492875,99084096,5408779,0.05176218
UNCID_1097239.84138ee7-b120-4201-95b1-ccdc1c82ebda.sorted_genome_alignments.bam,93969888,88137508,5832380,0.062066478
UNCID_1097500.d6b5cec3-edeb-46c5-839b-e62a1e850e0e.sorted_genome_alignments.bam,190059203,177547356,12511847,0.065831314
UNCID_1097634.bf999d4c-d1e6-4e8b-8aa3-becb7b734037.sorted_genome_alignments.bam,94202666,90902776,3299890,0.035029688
UNCID_1097659.af24ffd8-4d43-4f7a-ae49-590814d00f39.sorted_genome_alignments.bam,111883521,107728033,4155488,0.037141198
UNCID_1097747.33f213fa-6fa4-48ed-bd7e-a63ed8c3a8da.sorted_genome_alignments.bam,80173697,76587307,3586390,0.044732751
UNCID_1097788.97a84c2b-7832-479c-8d01-a9ff610e7bf4.sorted_genome_alignments.bam,74712461,72665766,2046695,0.027394292
UNCID_1097795.9dddaf60-64ed-4d41-a546-79e86db1101e.sorted_genome_alignments.bam,106514696,102080066,4434630,0.041633973
UNCID_1097808.de68950c-3885-4bfe-b23e-2d218787ca15.sorted_genome_alignments.bam,79663426,77688649,1974777,0.024789004
UNCID_1097844.0b78c265-393c-4e3a-a53e-3ba76556c506.sorted_genome_alignments.bam,98836949,96088916,2748033,0.027803701
UNCID_1097847.fc4df3f7-2c4b-4a4d-9e5d-faac9e84fde8.sorted_genome_alignments.bam,79144965,76655297,2489668,0.031457061
UNCID_1097859.8c0b7027-f371-4a72-9152-2d00fc54e086.sorted_genome_alignments.bam,126753752,121639312,5114440,0.040349417
UNCID_1097987.2b7e9552-e34f-4c68-96af-1c01a605df60.sorted_genome_alignments.bam,82441734,79317018,3124716,0.037902114
UNCID_1098068.9aec6b23-f6a0-4400-b72c-d7c3d16293f4.sorted_genome_alignments.bam,79716469,75370850,4345619,0.054513441
UNCID_1098439.a4c1e9e8-a335-47b0-afc6-c2b490da4e58.sorted_genome_alignments.bam,214297270,205135508,9161762,0.042752584
UNCID_1098471.09fba9fa-29d2-41a1-b3aa-4bfd97be3fc8.sorted_genome_alignments.bam,102560188,98832134,3728054,0.036349914
UNCID_1098631.8ccc7a37-a9a4-4d77-9126-c8513c20bb29.sorted_genome_alignments.bam,125006993,121161052,3845941,0.030765807
UNCID_1098727.183b2543-2665-403a-a8c0-7ae668082f2d.sorted_genome_alignments.bam,93784727,91007982,2776745,0.029607646
UNCID_1098753.0ddf256d-70a4-4dfc-ade0-1f51a4c115a3.sorted_genome_alignments.bam,74319053,70966616,3352437,0.045108715
UNCID_1098804.c6722ce9-8824-4721-9e95-96e9b0b09066.sorted_genome_alignments.bam,80242337,75476048,4766289,0.059398681
UNCID_1098834.7284cc3a-d5a1-42b1-8b1a-89665c4bc35f.sorted_genome_alignments.bam,73254315,69844741,3409574,0.046544343
UNCID_1098880.4502921a-1650-4721-b814-c9435fe6042d.sorted_genome_alignments.bam,117802954,114109406,3693548,0.031353611
UNCID_1098888.63b6924e-921f-4fac-9866-dd97e996d7ac.sorted_genome_alignments.bam,152858669,147873744,4984925,0.032611333
UNCID_1098987.4cc61cbe-fa79-499b-9fd5-9b454030154c.sorted_genome_alignments.bam,87121576,81973990,5147586,0.059085088
UNCID_1099026.ed630d55-aca9-4b8e-9128-f89177733bd5.sorted_genome_alignments.bam,89585928,84968083,4617845,0.051546544
UNCID_1099034.d763ccd4-4a11-4e84-b0a6-1b42da020ce4.sorted_genome_alignments.bam,151210841,145304703,5906138,0.039058959
UNCID_1099098.5655a240-2ed7-469e-af17-9997547ea119.sorted_genome_alignments.bam,112203109,108789323,3413786,0.030425057
UNCID_1099143.7921e917-f743-4813-8fcf-2145dce93c37.sorted_genome_alignments.bam,81796412,77269031,4527381,0.055349384
UNCID_1099287.a7a6d133-a7d0-44ea-bac5-3a8b7ddd9cd8.sorted_genome_alignments.bam,102056325,95816625,6239700,0.061139768
UNCID_1099368.7b06a333-ba77-41dd-bfd1-4824fe43d06f.sorted_genome_alignments.bam,181936031,173664315,8271716,0.045464969
UNCID_1099441.c2711074-5019-4c8f-a5d7-7bf4654f5647.sorted_genome_alignments.bam,89370658,85647516,3723142,0.041659557
UNCID_1099491.fc852193-d692-4a36-83bd-30f49df5f973.sorted_genome_alignments.bam,87228828,81919721,5309107,0.060864133
UNCID_1099674.50c720f4-dbcb-4b8b-9808-d130f5197d27.sorted_genome_alignments.bam,262171167,243266163,18905004,0.072109394
UNCID_1099711.a017b3e8-6e27-4f0c-aff2-166b73743991.sorted_genome_alignments.bam,86200862,81765314,4435548,0.051455959
UNCID_1100057.7dfdb65a-8f75-4223-8e5c-bb13f1d8eb3b.sorted_genome_alignments.bam,92141398,86672903,5468495,0.059348948
UNCID_1100286.488285fc-5482-46b7-b97e-2f5e7330311a.sorted_genome_alignments.bam,78954236,74045557,4908679,0.062171192
UNCID_1100335.2f16ddcc-8a98-4734-9878-645ff102fb14.sorted_genome_alignments.bam,120359335,112204070,8155265,0.067757644
UNCID_1100392.94a591be-8b32-4680-b2ad-fc856f3f0c8e.sorted_genome_alignments.bam,80926798,77576775,3350023,0.041395719
UNCID_1100468.0391cb59-6ceb-4d9a-be02-5d68b4ddafc3.sorted_genome_alignments.bam,138757142,129078945,9678197,0.069749181
UNCID_1101178.4c5c1c05-b9d1-4073-9d91-5c4e552928ae.sorted_genome_alignments.bam,216936979,209016573,7920406,0.03651017
UNCID_1101218.f215665e-3c8d-4746-a18a-859ac95b2fdb.sorted_genome_alignments.bam,221932685,214241209,7691476,0.034656797
UNCID_1101289.3b3948f2-e93e-4d89-8611-3cde3b962193.sorted_genome_alignments.bam,95644229,89831254,5812975,0.06077706
UNCID_1101337.a2c2973d-0af5-4065-a5b0-1dd73abdc581.sorted_genome_alignments.bam,206311725,199157951,7153774,0.034674588
UNCID_1101366.43c8eaea-f686-4e28-ba9c-360fea61b3ca.sorted_genome_alignments.bam,116147501,111240569,4906932,0.042247418
UNCID_1101367.ed74a7e1-90de-4943-9ca2-e7f94a5540e4.sorted_genome_alignments.bam,222652977,213040740,9612237,0.043171383
UNCID_1101682.46b786be-8c30-4025-aa29-708c76bb4bcf.sorted_genome_alignments.bam,109983025,105281265,4701760,0.04274987
UNCID_1101820.fa643dcc-4f4c-44d0-9f4d-199de04f8d2b.sorted_genome_alignments.bam,216311078,208736811,7574267,0.035015622
UNCID_1101992.e7db32c0-8d04-4ab7-9c64-c4590d62539b.sorted_genome_alignments.bam,208705485,200871909,7833576,0.037534117
UNCID_1102039.81239059-614b-46b7-a21e-224ec62e2939.sorted_genome_alignments.bam,206359906,199322513,7037393,0.034102521
UNCID_1102272.cb72fb22-d492-432c-8188-82fce70c071c.sorted_genome_alignments.bam,87111289,83729228,3382061,0.038824601
UNCID_1103643.a1022e37-586a-4c6a-a754-01709bad7a43.sorted_genome_alignments.bam,98260173,94410800,3849373,0.039175313
UNCID_1103756.69180b6c-8fef-4453-812d-212730a35ea7.sorted_genome_alignments.bam,75837674,72816686,3020988,0.039834924
UNCID_1103760.e65be669-85f6-4a00-8c0f-3ee7d0fb8bf9.sorted_genome_alignments.bam,192251182,185340707,6910475,0.035945033
UNCID_1103843.ce74929b-eae4-4e87-9a60-90230e28dadd.sorted_genome_alignments.bam,79890151,76464971,3425180,0.04287362
UNCID_1104093.b5036d12-d9cc-46a4-b60a-49740310380c.sorted_genome_alignments.bam,158518179,153446187,5071992,0.03199628
UNCID_1104127.8966f44c-9452-4e21-9fad-142ea03c9bff.sorted_genome_alignments.bam,188645936,182928633,5717303,0.030307056
UNCID_1104209.e7e90370-f414-4668-910c-c556613be671.sorted_genome_alignments.bam,93419953,90573050,2846903,0.03047425
UNCID_1104247.4d184421-3a3d-499a-bdb5-230f45e6d16f.sorted_genome_alignments.bam,185369054,178236123,7132931,0.038479621
UNCID_1104314.7a4e994d-ed10-45e7-9107-51dc02068963.sorted_genome_alignments.bam,191381427,184373217,7008210,0.036619071
UNCID_1104329.2662f59e-0959-4fbf-a8bf-6ad639e44005.sorted_genome_alignments.bam,247224508,230365411,16859097,0.06819347
UNCID_1104330.a07caf79-5856-4f7d-ae48-7fa82c36cf4d.sorted_genome_alignments.bam,81181630,78580091,2601539,0.032045907
UNCID_1104389.4722db5d-698c-4847-b4b7-31d4a3634f59.sorted_genome_alignments.bam,148467026,142774827,5692199,0.03833982
UNCID_1104538.6a1b9b24-7377-4807-a876-282f9d948473.sorted_genome_alignments.bam,96688775,93519081,3169694,0.03278244
UNCID_1104993.1cade122-820d-4d68-8508-7a6c0f2b4852.sorted_genome_alignments.bam,95108901,91864189,3244712,0.034115755
UNCID_1105360.7f12f566-ca68-4528-b704-b3ef4cb9ba09.sorted_genome_alignments.bam,100994726,97887859,3106867,0.030762666
UNCID_1105461.aa7b5f63-ac8e-45bf-80e9-be4a576426a5.sorted_genome_alignments.bam,86453562,83855655,2597907,0.030049739
UNCID_1105523.6eb0d705-8faf-476a-8062-afb1f927db99.sorted_genome_alignments.bam,91119960,87089564,4030396,0.044231758
UNCID_1105545.3add40ce-6d64-4ded-9ab6-2f076c420dc4.sorted_genome_alignments.bam,181238018,176475165,4762853,0.026279547
UNCID_1105596.d3402ac8-0188-4fb8-8054-ba3145120952.sorted_genome_alignments.bam,90284901,83144242,7140659,0.07909029
UNCID_1105605.b4e31dbe-0923-401e-a664-e779914254b8.sorted_genome_alignments.bam,109186654,104812246,4374408,0.040063578
UNCID_1105622.8b2f9a82-4c0d-496b-a46c-15d20d069e11.sorted_genome_alignments.bam,97892312,93293532,4598780,0.046977949
UNCID_1105665.55228174-5562-47b2-a9f1-f9f5216f8c8c.sorted_genome_alignments.bam,101785011,98528448,3256563,0.031994524
UNCID_1105678.5969b621-a81e-42aa-ac40-4849df285060.sorted_genome_alignments.bam,111955083,107913627,4041456,0.036098906
UNCID_1105904.e43cb8f2-6541-4d55-b11c-8288dcf3b78f.sorted_genome_alignments.bam,251491670,239079644,12412026,0.049353627
UNCID_1106102.c5c76768-3b14-4d6e-9455-13783631d796.sorted_genome_alignments.bam,104801425,96611249,8190176,0.078149472
UNCID_1106167.6abcb12e-73c2-491e-b9f3-4f61f8a4e854.sorted_genome_alignments.bam,90205603,86811619,3393984,0.03762498
UNCID_1106266.4b05bcbb-08b4-4cf5-bd31-798490e00f94.sorted_genome_alignments.bam,103728564,100678237,3050327,0.029406818
UNCID_1106399.7326b41e-46e0-47fb-895d-43ef08c91b97.sorted_genome_alignments.bam,80923240,78133064,2790176,0.034479292
UNCID_1106541.6491f391-9704-4249-bc81-d712e755ec74.sorted_genome_alignments.bam,181241595,176192143,5049452,0.027860337
UNCID_1106677.89dda3b6-2905-4577-9b74-965fb7f77c98.sorted_genome_alignments.bam,247633870,234662247,12971623,0.052382265
UNCID_1106736.b549484e-cce0-4f6f-994c-910b458de4de.sorted_genome_alignments.bam,118793957,115413520,3380437,0.028456304
UNCID_1106876.d777ced1-c519-4281-b0c0-9e9188303e87.sorted_genome_alignments.bam,178283146,172922770,5360376,0.030066645
UNCID_1106923.a137e804-ed82-4ad8-b25e-f9dcb71331bb.sorted_genome_alignments.bam,90544163,87618178,2925985,0.032315556
UNCID_1106960.2b3d596a-68ca-4c60-bb16-8c0cbd8fb190.sorted_genome_alignments.bam,214334121,206414544,7919577,0.036949679
UNCID_1107082.037904cf-92c3-443c-8800-0156db1e3a89.sorted_genome_alignments.bam,175281768,170909490,4372278,0.024944283
UNCID_1107214.25f0eee1-8f38-4e75-accf-7e7bb686405c.sorted_genome_alignments.bam,128452475,118459168,9993307,0.077797699
UNCID_1107217.d3b983d1-2665-4cdd-893e-4f120dc43346.sorted_genome_alignments.bam,102625227,98976624,3648603,0.035552691
UNCID_1107230.aae03245-71cc-4081-87b6-925f96bee9ef.sorted_genome_alignments.bam,88614578,86453394,2161184,0.024388583
UNCID_1107559.9ea59622-ed8d-48aa-aa45-665a670928a0.sorted_genome_alignments.bam,128087476,124230628,3856848,0.030111047
UNCID_1107568.fd4a3155-ca05-464c-b8d9-816103de489d.sorted_genome_alignments.bam,113538837,104762337,8776500,0.077299541
UNCID_1107587.b2aba2a6-3b30-41bb-a4cc-74f36b60a114.sorted_genome_alignments.bam,240105984,223421627,16684357,0.069487469
UNCID_1107693.b4bbc93a-5460-476d-a663-61299fddfab2.sorted_genome_alignments.bam,98071960,94843955,3228005,0.032914658
UNCID_1107759.c1796b57-c5e4-45dd-931d-bf533dcb9e1a.sorted_genome_alignments.bam,95363673,92691993,2671680,0.028015699
UNCID_1107800.991a6ea6-32cf-479b-87a6-cc930baeddfa.sorted_genome_alignments.bam,104407887,101076463,3331424,0.031907781
UNCID_1107847.fd79008e-fae5-4276-bc25-eae14eb7b7e4.sorted_genome_alignments.bam,200791076,195623317,5167759,0.025736995
UNCID_1107907.ace0aace-27ba-42a6-8d6b-3c29095ccbe5.sorted_genome_alignments.bam,92987255,89595582,3391673,0.036474601
UNCID_1107951.6a4b7295-a738-4d4a-a264-72fba462e60c.sorted_genome_alignments.bam,112371627,108953635,3417992,0.03041686
UNCID_1108064.8090b818-81f9-4bd6-aed2-7a721432cdc8.sorted_genome_alignments.bam,103247380,100150961,3096419,0.029990291
UNCID_1108202.cafb7a81-9e7a-49c0-8a55-96cb32ad273e.sorted_genome_alignments.bam,120732127,117155012,3577115,0.029628526
UNCID_1108258.37f38cd6-6b65-4646-8ee1-d86ccc02fa75.sorted_genome_alignments.bam,102822296,99655003,3167293,0.030803562
UNCID_1108265.c4da944d-4055-493e-bb87-7ccd1e5d1a87.sorted_genome_alignments.bam,133486180,124501269,8984911,0.067309672
UNCID_1108319.7540edef-3853-4293-bb00-41f790f27840.sorted_genome_alignments.bam,104901225,95572062,9329163,0.088932832
UNCID_1108346.c1859475-12fd-47f6-887d-136d334399cd.sorted_genome_alignments.bam,96945360,93726224,3219136,0.033205674
UNCID_1108393.6e3df59e-5d52-4ced-b9dd-785df1952339.sorted_genome_alignments.bam,90271296,86254949,4016347,0.044491961
UNCID_1108613.ee90d7cd-4ac9-4be0-b9a8-49329890f69d.sorted_genome_alignments.bam,106259077,96950811,9308266,0.087599726
UNCID_1108620.6447a7cf-ae7a-4896-b00f-10c357eb8c8b.sorted_genome_alignments.bam,107127121,102557079,4570042,0.042659991
UNCID_1108707.d0e9dd65-ec79-4eee-802a-3f5438168136.sorted_genome_alignments.bam,102147818,99361713,2786105,0.027275228
UNCID_1108842.d4b90c1d-0d33-4845-bec2-ceedcace2dcb.sorted_genome_alignments.bam,123081258,116929249,6152009,0.049983313
UNCID_1108871.92321ab5-8c77-4208-9daf-e6fcb01cc7a1.sorted_genome_alignments.bam,97242049,94389847,2852202,0.029330953
UNCID_1109061.2613a946-0689-4c1b-99f6-30cfaa0ac3f9.sorted_genome_alignments.bam,116565220,113642367,2922853,0.025074829
UNCID_1109098.5a47770e-3ebf-4390-ab03-e128fd9ac507.sorted_genome_alignments.bam,112797881,109166151,3631730,0.032196793
UNCID_1109176.61c103bc-8fe0-43d7-aa15-a6fe7f503112.sorted_genome_alignments.bam,95439174,92935555,2503619,0.026232614
UNCID_1109205.5b0896f2-8fd9-42ee-b56d-b140f8d8657e.sorted_genome_alignments.bam,194632702,188990496,5642206,0.028988993
UNCID_1109340.299d2ad8-b54d-4ddb-b6c5-b80d8baf39f2.sorted_genome_alignments.bam,120016603,115011104,5005499,0.041706721
UNCID_1109388.271766c9-819e-4555-89d7-dc7a52203386.sorted_genome_alignments.bam,230124898,216611996,13512902,0.058719861
UNCID_1109420.d27e254c-1ccb-4b13-97f3-48d1e427d130.sorted_genome_alignments.bam,134767169,129074804,5692365,0.042238514
UNCID_1109424.12fdf681-a6f5-4dfe-b556-d7e7f7e4d58a.sorted_genome_alignments.bam,125212749,118855072,6357677,0.050774997
UNCID_1109492.6d1b727a-12fb-4756-a076-6be61253f480.sorted_genome_alignments.bam,109195441,106443140,2752301,0.025205274
UNCID_1109493.c11e3246-c33d-47ef-b4b4-be287b92d91e.sorted_genome_alignments.bam,101716624,98949323,2767301,0.027205986
UNCID_1109623.93f3f561-056a-4036-afcf-4662b45e6965.sorted_genome_alignments.bam,127126951,120606242,6520709,0.051292892
UNCID_1109839.c54cd39c-c7fc-4a0c-9d33-9c1f78c80871.sorted_genome_alignments.bam,113858543,108500967,5357576,0.047054669
UNCID_1109899.7206d218-0e58-4722-8566-cbcbd8b8b4e0.sorted_genome_alignments.bam,102260688,99794737,2465951,0.02411436
UNCID_1110055.cec64615-07c6-4e49-8e59-afb97d37464f.sorted_genome_alignments.bam,114189903,111144734,3045169,0.026667585
UNCID_1110119.a8ef928f-7321-4355-b136-cec50ebd9481.sorted_genome_alignments.bam,113695815,110902213,2793602,0.024570843
UNCID_1110153.42b99ee7-a1ae-4383-b343-adf468cb8b51.sorted_genome_alignments.bam,249216195,236914764,12301431,0.04936048
UNCID_1110244.abcd4b7e-f4f0-4be5-9769-3c889a078717.sorted_genome_alignments.bam,109339293,105876260,3463033,0.031672356
UNCID_1110404.7b9dc578-8869-4322-a705-bfb9942d9b65.sorted_genome_alignments.bam,230166832,219158668,11008164,0.047826891
UNCID_1110419.2fdb2cad-53e5-44e4-8b80-ee5801964b20.sorted_genome_alignments.bam,121629497,118829617,2799880,0.023019745
UNCID_1110537.444662df-ae9b-4fec-9afc-df392ba3a88d.sorted_genome_alignments.bam,141983319,136758372,5224947,0.036799724
UNCID_1110577.6f748364-2a6a-4fd4-af87-3de643719577.sorted_genome_alignments.bam,213205456,203568878,9636578,0.045198553
UNCID_1110583.4be8001c-c6a2-420c-8761-93469a6a7904.sorted_genome_alignments.bam,261374727,246603291,14771436,0.0565144
UNCID_1110915.3e853cb1-4747-4f98-be64-d5de7fba801e.sorted_genome_alignments.bam,275698581,259825556,15873025,0.057573836
UNCID_1111124.0b743ba9-a340-46a0-9276-a5ddd3ee69d6.sorted_genome_alignments.bam,213525254,200545852,12979402,0.060786262
UNCID_1111235.c270c34c-0cfd-410e-ab3c-231033196d25.sorted_genome_alignments.bam,130749886,127842710,2907176,0.022234635
UNCID_1111390.b9f76fc8-ca33-46c5-89a0-ae16d42f987f.sorted_genome_alignments.bam,233991194,228835414,5155780,0.022034077
UNCID_1111441.5e7e3e20-cbfa-476d-bb92-fa3a58207a9b.sorted_genome_alignments.bam,174195416,169578588,4616828,0.026503728
UNCID_1111482.5a0e92d3-7eb2-4ab2-8ee7-f2f180c6a6e6.sorted_genome_alignments.bam,123598175,120499508,3098667,0.025070492
UNCID_1111549.d22b6ef3-9b08-44d9-b37f-e7f61ce89404.sorted_genome_alignments.bam,112079191,109598490,2480701,0.022133466
UNCID_1111565.ebbb3b0d-c092-4af4-919a-25fcb49eac69.sorted_genome_alignments.bam,97128663,92740561,4388102,0.04517824
UNCID_1111630.a89e4f9e-0dfe-449d-a215-6c770cc5ea55.sorted_genome_alignments.bam,104740304,102130033,2610271,0.024921362
UNCID_1111695.381b51af-d1f7-41db-a69e-49d681b3ef39.sorted_genome_alignments.bam,162341495,158232467,4109028,0.025311015
UNCID_1111944.3d1b5ffe-38d6-4073-9020-c6897727341c.sorted_genome_alignments.bam,137444538,134069611,3374927,0.024554828
UNCID_1112060.6cf7d085-d60c-4456-9266-5031628f687c.sorted_genome_alignments.bam,127193060,124103295,3089765,0.024291931
UNCID_1112315.785a76b0-7ae7-44ed-a8a6-519fe6e15f04.sorted_genome_alignments.bam,241728327,231127811,10600516,0.043853015
UNCID_1112585.bda96534-9900-4f6f-ab17-a09f52dfada4.sorted_genome_alignments.bam,190245628,183646360,6599268,0.034688145
UNCID_1112588.31769d4d-64f5-4a2b-b8da-d5b2252badb3.sorted_genome_alignments.bam,216412919,207426956,8985963,0.041522304
UNCID_1112628.928e4b3e-0664-4f05-b971-4c7ce6a318e4.sorted_genome_alignments.bam,220324341,206994419,13329922,0.060501359
UNCID_1112765.519e1ea1-6658-4978-9f3d-313d7cc1e0c1.sorted_genome_alignments.bam,166119605,152252180,13867425,0.083478558
UNCID_1112880.9073fc5c-a281-4ed2-a66e-5235a5a55098.sorted_genome_alignments.bam,211839602,203548688,8290914,0.039137696
UNCID_1113051.47901dff-8acf-4afa-9e42-851d98777085.sorted_genome_alignments.bam,203036019,196857920,6178099,0.030428586
UNCID_1113156.15f243f1-05de-4750-9826-d80ddc97d739.sorted_genome_alignments.bam,218820064,211327226,7492838,0.034242006
UNCID_1113187.c3fb15e3-4fca-413f-86e8-24cb073ef3f1.sorted_genome_alignments.bam,225782054,216617769,9164285,0.040589076
UNCID_1113284.8e7ab480-e75d-49a4-98a6-fcdd2ccefaa7.sorted_genome_alignments.bam,81874309,78551215,3323094,0.04058775
UNCID_1113481.8e24b2f8-459c-4861-9d31-d171e8d1a08b.sorted_genome_alignments.bam,191192786,183868265,7324521,0.03830961
UNCID_1113554.91e55e6f-b884-4112-8d3f-a9f8974dd63b.sorted_genome_alignments.bam,170095826,160105205,9990621,0.058735251
UNCID_1113578.189c7b41-4d4e-422e-85a2-1f575b5c8b5c.sorted_genome_alignments.bam,144492585,134162228,10330357,0.071494029
UNCID_1113591.e4d09b12-f1b4-4d66-bc6c-ccd32ad8185b.sorted_genome_alignments.bam,184669479,176759302,7910177,0.042834241
UNCID_1113626.eddd285e-a946-4e4e-a21d-6e84ed397594.sorted_genome_alignments.bam,195238575,188656039,6582536,0.033715345
UNCID_1113648.2522bd3d-f6b3-45df-b68f-577ffbf3a819.sorted_genome_alignments.bam,216050396,206459293,9591103,0.044392897
UNCID_1113765.526da11e-9125-4fcd-98d7-02994c9783d1.sorted_genome_alignments.bam,118679197,112637231,6041966,0.050910068
UNCID_1113789.d6301614-9ba7-4632-bdca-ac1b11e8e811.sorted_genome_alignments.bam,101802695,98081208,3721487,0.036555879
UNCID_1113965.9b5d680e-5662-442c-a8ab-5fd16551b23e.sorted_genome_alignments.bam,125551867,119832834,5719033,0.045551159
UNCID_1113982.9c55164e-fb87-46b5-87ce-cc277ba378f5.sorted_genome_alignments.bam,215185960,208496259,6689701,0.031087999
UNCID_1114051.cb06be5e-7c1d-49a4-9818-e1cbc52de9b6.sorted_genome_alignments.bam,252200537,240815682,11384855,0.045142073
UNCID_1114073.1adf0e70-b1fb-4862-8a01-6454b09636f4.sorted_genome_alignments.bam,110023651,105844825,4178826,0.037981161
UNCID_1114086.2b022043-a976-40a7-929e-664b9549c411.sorted_genome_alignments.bam,144945275,139540595,5404680,0.037287728
UNCID_1114140.89059faf-e38c-49d0-890e-47c455f19dc7.sorted_genome_alignments.bam,253809757,236522866,17286891,0.068109639
UNCID_1114219.07c52f68-8ece-4702-8573-9b21f32df787.sorted_genome_alignments.bam,171433649,161863027,9570622,0.055826975
UNCID_1114263.c388d3be-37d9-4377-8c85-f6124b2ad436.sorted_genome_alignments.bam,218759993,209767076,8992917,0.0411086
UNCID_1114276.f563bc24-00d1-4637-a073-87744ed7311a.sorted_genome_alignments.bam,208244357,199131564,9112793,0.043760096
UNCID_1114417.26f5aec2-a2d8-4151-b975-33d7518e36d0.sorted_genome_alignments.bam,178660158,172749389,5910769,0.033083868
UNCID_1114467.5741e1ce-5d4c-40dc-aa01-e71a45341884.sorted_genome_alignments.bam,215250009,205870508,9379501,0.043574916
UNCID_1114475.11b43261-66e4-4c28-8d24-6e38b4295f34.sorted_genome_alignments.bam,196406898,189942727,6464171,0.032912138
UNCID_1114539.0c3f0857-32d7-4ef6-b303-6e452ee04516.sorted_genome_alignments.bam,118447290,112815030,5632260,0.047550771
UNCID_1114540.df661ba2-098b-49e0-884c-27cf2ecd87f2.sorted_genome_alignments.bam,105662468,101632782,4029686,0.038137345
UNCID_1114541.16fcbaec-f629-4d04-ab61-3f9b782e710d.sorted_genome_alignments.bam,122523777,116817663,5706114,0.046571483
UNCID_1114547.21cc5775-0987-4088-b19c-86bf43f09bb2.sorted_genome_alignments.bam,113792273,108368744,5423529,0.047661663
UNCID_1114594.25be50e7-7705-492d-a44a-0e40180d10c8.sorted_genome_alignments.bam,202004699,193543249,8461450,0.041887392
UNCID_1114709.0c7fc003-950b-4138-8390-036c072b640e.sorted_genome_alignments.bam,200966468,192310493,8655975,0.043071738
UNCID_1114796.8cdae811-9f3f-4c8b-9fe5-e542d30d40f2.sorted_genome_alignments.bam,203182952,191782854,11400098,0.056107552
UNCID_1114849.8a2adff0-2527-43fa-ad17-a3081e22f846.sorted_genome_alignments.bam,120535012,116154388,4380624,0.036343166
UNCID_1114888.05b5084f-5e4f-43a3-9819-456a4f24ad82.sorted_genome_alignments.bam,120455602,114692922,5762680,0.047840697
UNCID_1114953.a14dc21a-6a46-4be8-9247-76cbc70dfe8b.sorted_genome_alignments.bam,245876423,232338100,13538323,0.055061493
UNCID_1114966.4328ae51-6063-4296-b266-a70bc5dda94f.sorted_genome_alignments.bam,125523823,120953461,4570362,0.036410316
UNCID_1115012.4142c779-86ab-44f5-9371-539bbaa363d2.sorted_genome_alignments.bam,183648437,175951961,7696476,0.041908748
UNCID_1115034.ca39657a-073d-4b89-a3da-900f7c9f1012.sorted_genome_alignments.bam,203689496,192387585,11301911,0.055485979
UNCID_1115045.50808f98-d10b-4190-aff7-428f56abb0f9.sorted_genome_alignments.bam,190470041,178070266,12399775,0.065100921
UNCID_1115067.1671e6a6-1c3a-4ec7-b6b8-bd88f5ffcc60.sorted_genome_alignments.bam,268037557,253760877,14276680,0.05326373
UNCID_1115091.b21367b5-91a3-4546-ba89-e33c462cb75b.sorted_genome_alignments.bam,118715705,112665502,6050203,0.050963796
UNCID_1115096.88d93dca-ffae-4d57-9a60-346aec436543.sorted_genome_alignments.bam,200434008,191704709,8729299,0.043551985
UNCID_1115129.14404fa2-adc4-4ecd-b4ee-5f4a75b54ff2.sorted_genome_alignments.bam,94590962,90172197,4418765,0.046714452
UNCID_1115143.af520d74-dc8a-4d36-bd2c-80bc23e6d029.sorted_genome_alignments.bam,126730630,122222614,4508016,0.035571637
UNCID_1115159.0f263a65-a664-4e23-bd9c-91e955f3bf21.sorted_genome_alignments.bam,130796099,123639507,7156592,0.054715638
UNCID_1115235.76f30f56-7b80-4938-b514-1e1c2d24ff66.sorted_genome_alignments.bam,198445045,188136378,10308667,0.051947213
UNCID_1115267.f7a5cfcb-623c-4858-ba32-e6ca63c75d2a.sorted_genome_alignments.bam,100997489,96164889,4832600,0.047848714
UNCID_1115308.a4172e12-2a82-436e-8cb9-a532dc0e9ec4.sorted_genome_alignments.bam,135123109,129066405,6056704,0.044823599
UNCID_1115373.9b605e4f-fb75-4b02-a827-a6acfeb3c1b2.sorted_genome_alignments.bam,204004219,194962806,9041413,0.044319735
UNCID_1115407.49511397-f9b7-4946-98b7-d26f9a2ec0c2.sorted_genome_alignments.bam,264814937,255631655,9183282,0.034678112
UNCID_1115408.abc25621-f98e-4bce-968b-df64793b2daf.sorted_genome_alignments.bam,280187395,272965178,7222217,0.025776381
UNCID_1115486.5610cbc9-1031-4b6a-9bba-a6b3ed7ced4d.sorted_genome_alignments.bam,116678541,112485670,4192871,0.035935237
UNCID_1115492.1fdac226-ed6b-41a8-9575-67117b4cf035.sorted_genome_alignments.bam,224922153,213839873,11082280,0.049271625
UNCID_1115639.64897f59-3a93-4ac3-82d5-66e9f4dc7ac6.sorted_genome_alignments.bam,184358749,176487365,7871384,0.042696015
UNCID_1115675.dbba4276-4b85-4309-8f98-951313c3a3dc.sorted_genome_alignments.bam,196264943,185778131,10486812,0.053431916
UNCID_1115708.ddb6efb2-2ef7-42a0-b00d-42c5b0fc6aef.sorted_genome_alignments.bam,196916429,189461917,7454512,0.037856222
UNCID_1115718.20486352-7d5f-4065-ab10-7a3f792ec1e1.sorted_genome_alignments.bam,205818588,191521069,14297519,0.069466607
UNCID_1115727.60f078d7-d594-48a2-9011-f0f926243a42.sorted_genome_alignments.bam,194694230,183213301,11480929,0.058969025
UNCID_1115788.d69c60ae-d21b-4e6e-89c5-ef0750a31c71.sorted_genome_alignments.bam,215013181,205867625,9145556,0.042534862
UNCID_1115822.79d0e02e-b518-4dce-8c20-00073d04e399.sorted_genome_alignments.bam,137534433,131993536,5540897,0.040287344
UNCID_1115888.1e55cf08-da43-471d-813c-9d37c7abc730.sorted_genome_alignments.bam,114640766,109807125,4833641,0.04216337
UNCID_1115900.80562b20-3e3e-4f77-8ca2-958f8636d720.sorted_genome_alignments.bam,155470071,149672392,5797679,0.037291287
UNCID_1115967.66f3892f-f4ec-412c-9c56-a9e9b56a15ee.sorted_genome_alignments.bam,105030003,100362458,4667545,0.044440111
UNCID_1116030.2ba9072c-39b9-438d-9a2c-0726dc3dc659.sorted_genome_alignments.bam,183222247,170823800,12398447,0.067668895
UNCID_1116073.56bc2076-bafe-47aa-8255-9f03d438cb00.sorted_genome_alignments.bam,144744065,139170200,5573865,0.038508418
UNCID_1116197.9d64aa0c-84a6-4e48-b28b-12aaf04813b6.sorted_genome_alignments.bam,208455196,190377517,18077679,0.086722132
UNCID_1116289.123725b8-4f66-4b97-9726-e0c70300d38e.sorted_genome_alignments.bam,183518967,171486272,12032695,0.065566493
UNCID_1116314.95a12af8-5704-4745-b0a0-960f67af8cec.sorted_genome_alignments.bam,154645146,149310133,5335013,0.034498419
UNCID_1116346.71b773fb-1efb-4d0f-9499-110ba937ade6.sorted_genome_alignments.bam,199870022,188660642,11209380,0.056083348
UNCID_1116352.fce05b98-e717-4364-8c8d-c15759e1170a.sorted_genome_alignments.bam,262528433,253798275,8730158,0.033254143
UNCID_1116439.33600bf2-ec43-49d2-93dd-4985feb500aa.sorted_genome_alignments.bam,188135276,180481011,7654265,0.040684901
UNCID_1116636.96a11934-f6cd-4892-a808-672433f84429.sorted_genome_alignments.bam,102833916,98114733,4719183,0.045891309
UNCID_1116670.0df6b948-367d-4951-9d98-d3bebabff63e.sorted_genome_alignments.bam,154938208,146360064,8578144,0.055364936
UNCID_1116771.ae81378c-ada3-43cb-9855-941467fd856c.sorted_genome_alignments.bam,218146326,209355994,8790332,0.040295577
UNCID_1116772.de27ab29-90b0-4d13-8102-1c2bebc4c29a.sorted_genome_alignments.bam,214518684,200499376,14019308,0.065352387
UNCID_1116818.c0ecd31a-9cce-45d2-9d04-89c465f9b55d.sorted_genome_alignments.bam,182821528,169515425,13306103,0.072781926
UNCID_1116833.ec38c31b-def8-41cc-8656-57ce98f3faa7.sorted_genome_alignments.bam,114575606,109282508,5293098,0.046197425
UNCID_1116859.c0c2059a-2931-4834-84a7-bfacf137c182.sorted_genome_alignments.bam,112824415,108833458,3990957,0.035373168
UNCID_1116860.6e144eb1-f9c3-4cb1-9e69-28c63ca7e4d1.sorted_genome_alignments.bam,202469002,189266154,13202848,0.065209231
UNCID_1117001.ff7159e7-e9f2-4cc8-ab89-f4167d19672c.sorted_genome_alignments.bam,241917904,230732281,11185623,0.046237268
UNCID_1117247.a6db80e4-b161-412d-932a-fe2898a1722f.sorted_genome_alignments.bam,180216751,173109828,7106923,0.039435419
UNCID_1117267.53c8bbbd-16cd-4790-a99b-f45b0f958157.sorted_genome_alignments.bam,126319412,121864046,4455366,0.035270636
UNCID_1117368.7fdf1ebf-149a-43d5-bae7-6e01beb647dd.sorted_genome_alignments.bam,173475382,166918693,6556689,0.037796078
UNCID_1117388.9eab0553-20cc-41bb-bcdb-9ade0578da82.sorted_genome_alignments.bam,185279573,175240446,10039127,0.054183669
UNCID_1117615.6d22f538-114f-48b6-94ba-fb60151ed567.sorted_genome_alignments.bam,114940084,109610080,5330004,0.046372021
UNCID_1117636.7d6b6a17-5f1e-4586-9316-195c0e96925c.sorted_genome_alignments.bam,121326756,116202477,5124279,0.042235358
UNCID_1117662.91918c5e-3c5c-4674-9a7f-1e93d9cf9949.sorted_genome_alignments.bam,188674711,181072110,7602601,0.040294754
UNCID_1117702.753e77c2-6175-49d8-afd4-3a87d1dc2404.sorted_genome_alignments.bam,177813684,171452764,6360920,0.03577295
UNCID_1117746.9d80ba46-b65f-4338-99bc-370f8eaefe4e.sorted_genome_alignments.bam,116448580,112504301,3944279,0.033871422
UNCID_1117895.00a3c8f4-bd75-4aa8-abb7-21005b1a5ad8.sorted_genome_alignments.bam,217649657,209769348,7880309,0.036206393
UNCID_1117955.e9d4f9c8-7355-44c4-9b18-923db7bae832.sorted_genome_alignments.bam,139607348,134316056,5291292,0.037901243
UNCID_1118068.b347056d-3ae3-43c7-9e3b-f48cee1bfbb2.sorted_genome_alignments.bam,170264814,164881577,5383237,0.03161685
UNCID_1118137.a74b20ca-06f9-47ec-8888-cb01e0ba3257.sorted_genome_alignments.bam,217133507,209098048,8035459,0.037006997
UNCID_1118153.ef84a69f-37bc-46fa-98ac-b3976212e11d.sorted_genome_alignments.bam,133958712,128775538,5183174,0.038692325
UNCID_1118167.554df3b0-e305-4dab-a268-47ad7c1dcffc.sorted_genome_alignments.bam,195014995,188564706,6450289,0.033075862
UNCID_1118192.8b954cec-cf3e-4b0d-a4e8-cfbc9575a732.sorted_genome_alignments.bam,205124665,197931872,7192793,0.035065471
UNCID_1118230.94447759-c20c-49f5-b51f-cbfdea41f2e8.sorted_genome_alignments.bam,199264805,193347233,5917572,0.029697026
UNCID_1118259.44d93b9f-95d6-4382-9590-f6e7bdda65c5.sorted_genome_alignments.bam,191439754,182873429,8566325,0.044746845
UNCID_1118269.ab3e7f05-9fb2-4c19-a6a9-3ffe1e4c1525.sorted_genome_alignments.bam,194595932,187180694,7415238,0.038105822
UNCID_1118384.53e9749e-5554-443b-b41e-5efade6fce7a.sorted_genome_alignments.bam,139341456,132196800,7144656,0.051274446
UNCID_1118385.b908cd1b-b274-4b23-9cd5-b59d93a7a6c2.sorted_genome_alignments.bam,151790421,146123542,5666879,0.037333575
UNCID_1118421.7b9569bc-f513-4b64-9a7c-7bb53b9be79b.sorted_genome_alignments.bam,151276224,145097967,6178257,0.040840899
UNCID_1118438.acf1ec71-46a5-4e7b-84b1-55203bca29d8.sorted_genome_alignments.bam,139482660,131744740,7737920,0.055475856
UNCID_1118451.91a5b906-6a04-4f0d-8710-172311e84789.sorted_genome_alignments.bam,152885552,145474403,7411149,0.048475143
UNCID_1118498.526c9170-0f25-4374-9287-1fc40acb6555.sorted_genome_alignments.bam,105807907,101176063,4631844,0.043775972
UNCID_1118520.094076d0-97e4-460d-b48c-7ee2371db99d.sorted_genome_alignments.bam,82426210,78112237,4313973,0.052337394
UNCID_1118531.8e10b30e-5789-4ad4-a70b-c7a86927ac6b.sorted_genome_alignments.bam,182167599,173938862,8228737,0.045171244
UNCID_1118534.92691eb7-5df9-4da9-8bd0-c4f4de528bdc.sorted_genome_alignments.bam,203891319,195498006,8393313,0.041165622
UNCID_1118723.ac567288-88cc-4a65-937e-086655c038df.sorted_genome_alignments.bam,210478048,203864411,6613637,0.03142198
UNCID_1118863.9a56eb8b-99fa-4671-99dc-29776dca4cd6.sorted_genome_alignments.bam,145523231,136133681,9389550,0.064522688
UNCID_1118888.eb908a6f-d6f2-40ef-90da-97438cd2281e.sorted_genome_alignments.bam,115099716,110853151,4246565,0.036894661
UNCID_1118969.7ddad1e7-783e-4095-87e0-48dbf5c5aa39.sorted_genome_alignments.bam,194968119,187745688,7222431,0.037044164
UNCID_1119010.7edc6614-6c8b-43ec-87dd-7720961bd174.sorted_genome_alignments.bam,183153230,174648197,8505033,0.046436708
UNCID_1119186.2cb3a793-6e37-42fd-a544-65aa2d939d50.sorted_genome_alignments.bam,208512632,200432561,8080071,0.03875099
UNCID_1119234.9efdba02-2752-4c89-bb53-e8018f5aa7bf.sorted_genome_alignments.bam,144564815,137492039,7072776,0.048924602
UNCID_1119341.72611671-51cc-4662-b992-6701eb1df987.sorted_genome_alignments.bam,150634184,143674369,6959815,0.046203424
UNCID_1119383.d0705a73-e6d0-4282-82b1-76d44bda242f.sorted_genome_alignments.bam,140382447,134150801,6231646,0.044390493
UNCID_1119562.6bf094a5-1f62-406c-9b3a-e686bb4a074e.sorted_genome_alignments.bam,156730939,149280204,7450735,0.04753838
UNCID_1119704.cffc0fe5-533f-46f8-a54a-2e09c392767d.sorted_genome_alignments.bam,135224917,128917020,6307897,0.046647446
UNCID_1119746.73f6a579-eab4-4fbf-bb17-41f1a6614ace.sorted_genome_alignments.bam,184672886,176780076,7892810,0.042739409
UNCID_1119866.743f2962-126c-4b28-92fa-250b1170b825.sorted_genome_alignments.bam,146522700,139695985,6826715,0.046591518
UNCID_1119914.5b233291-8984-4925-8be4-3911f541a15f.sorted_genome_alignments.bam,167786540,160429451,7357089,0.043847909
UNCID_1120154.922b7051-1447-4e8d-9343-c5521ee45346.sorted_genome_alignments.bam,201928424,192818931,9109493,0.045112485
UNCID_1120183.889f6f61-9b3a-406c-9af8-ddee74a8a19e.sorted_genome_alignments.bam,190736160,184498546,6237614,0.032702839
UNCID_1120251.b34ad5ac-c581-4747-88db-e2d52fa7e463.sorted_genome_alignments.bam,145581328,137675561,7905767,0.054304814
UNCID_1120271.5969d3bb-19fb-4bda-9483-db4791257b95.sorted_genome_alignments.bam,186962558,179990244,6972314,0.037292568
UNCID_1120284.42e2160c-07b5-4be6-a989-1e3474926d2a.sorted_genome_alignments.bam,213920228,204776495,9143733,0.042743658
UNCID_1120519.ee8b563d-11bb-4d84-ac53-e2acc8d0275d.sorted_genome_alignments.bam,231278701,220920308,10358393,0.044787492
UNCID_1120546.c7139402-146f-4c49-bcd0-f2a6a378911e.sorted_genome_alignments.bam,201585614,194420377,7165237,0.035544387
UNCID_1120551.55b3f26e-8f8f-48b8-8c3a-4e648ac7e05a.sorted_genome_alignments.bam,230497194,220408258,10088936,0.04377032
UNCID_1120799.4baa8edc-9ab0-4cd6-b316-dfe1ff7c1f4d.sorted_genome_alignments.bam,173137228,166762975,6374253,0.03681619
UNCID_1120915.94d92cd8-21cf-495d-b4fe-8f8c6067fe9e.sorted_genome_alignments.bam,209618631,200579784,9038847,0.043120437
UNCID_1121086.35429f42-252a-4a9d-8e99-125f26019418.sorted_genome_alignments.bam,166480937,160992483,5488454,0.032967462
UNCID_1121102.8b592b3b-47b5-45fa-98eb-01bf75096605.sorted_genome_alignments.bam,198753480,190708344,8045136,0.040477963
UNCID_1121118.7051836f-e1d4-49dd-8118-4541c0bdde57.sorted_genome_alignments.bam,212232103,203721547,8510556,0.040100229
UNCID_1121331.fe8764cf-04ee-480d-96ce-09d0d388f4f6.sorted_genome_alignments.bam,153729562,147668240,6061322,0.039428474
UNCID_1121369.4795628e-50d8-41e0-b3c6-00fe4600dc5d.sorted_genome_alignments.bam,202239737,195875362,6364375,0.031469458
UNCID_1121562.354c08e2-61d3-4cfa-9d26-76d74dcfe44f.sorted_genome_alignments.bam,164445765,158797955,5647810,0.034344515
UNCID_1121565.62b06301-531d-4fc1-bb00-ede8e507e8f4.sorted_genome_alignments.bam,202505154,195343594,7161560,0.035364828
UNCID_1121652.994c96ec-ea0a-4741-8fef-53cdbfe28cfa.sorted_genome_alignments.bam,225425953,218391693,7034260,0.031204304
UNCID_1121760.61c8278b-4c06-4563-b1ac-97cceec76ca4.sorted_genome_alignments.bam,178569002,172368335,6200667,0.034724207
UNCID_1121886.09f570eb-a751-41db-9511-300be228f24e.sorted_genome_alignments.bam,171944609,165453630,6490979,0.037750407
UNCID_1121963.34a8b02b-01a2-4f2d-8e8e-c3358d43665a.sorted_genome_alignments.bam,145003629,138373380,6630249,0.045724711
UNCID_1122003.b1c4af00-f395-47ac-93c7-b32a293ca060.sorted_genome_alignments.bam,222314993,211956560,10358433,0.046593497
UNCID_1122117.05329e4e-6623-4044-9abf-46f3ed4ccfd8.sorted_genome_alignments.bam,215128109,208599220,6528889,0.030348842
UNCID_1122178.d60bfd82-87f0-4f13-8e90-6766beb84e9a.sorted_genome_alignments.bam,201768084,192686890,9081194,0.04500808
UNCID_1122280.1d8ecbae-6996-4d9d-bff8-ac761a8309ea.sorted_genome_alignments.bam,179242484,172248839,6993645,0.039017787
UNCID_1122623.f2ee7101-b51e-4f75-95fa-555b5b79af74.sorted_genome_alignments.bam,223159040,213804711,9354329,0.041917769
UNCID_1122738.e6f1450a-6731-4593-82c3-28f839ebf148.sorted_genome_alignments.bam,94491536,91210630,3280906,0.034721692
UNCID_1122781.cff4a5bc-ba2b-47d6-8d36-6277ae991606.sorted_genome_alignments.bam,173287107,165527547,7759560,0.044778634
UNCID_1122792.ec6f69db-ff0b-491c-8b70-d53d0e7ad65f.sorted_genome_alignments.bam,215387830,206933616,8454214,0.039251122
UNCID_1122862.0858a026-142c-4428-b05d-fdc22080afd3.sorted_genome_alignments.bam,191712225,183824224,7888001,0.041145008
UNCID_1122900.b4673313-fa18-43e8-a01b-5cdb3cf5425e.sorted_genome_alignments.bam,210029455,201491554,8537901,0.04065097
UNCID_1122913.6722de75-5d6d-4b1d-a961-856ec5bd12f1.sorted_genome_alignments.bam,110582410,105981691,4600719,0.041604438
UNCID_1122947.9e12314d-d1f0-44be-93f7-e50a56f86b46.sorted_genome_alignments.bam,97326918,93793000,3533918,0.03630977
UNCID_1122956.c0f29396-d239-4f0d-a95a-0838770eb24a.sorted_genome_alignments.bam,201533684,190172249,11361435,0.056374869
UNCID_1122974.68a4bd03-2b97-4387-926f-c9d25fac8d29.sorted_genome_alignments.bam,172792500,166886307,5906193,0.034180841
UNCID_1123025.2d06908f-3332-4b77-b88c-145dc5c4828f.sorted_genome_alignments.bam,191477446,183941672,7535774,0.039355935
UNCID_1123087.b5f56bfb-6fc1-448f-8c2b-4753084aaa00.sorted_genome_alignments.bam,205135970,196928790,8207180,0.040008488
UNCID_1123096.744ed141-8809-4bc9-90e6-74098383914e.sorted_genome_alignments.bam,192292939,184997202,7295737,0.037940743
UNCID_1123217.39ec3623-c15f-4af6-b2df-5413eec21bec.sorted_genome_alignments.bam,193677522,185803313,7874209,0.040656287
UNCID_1123257.c4cc228f-ab41-4779-b405-175618e5f77c.sorted_genome_alignments.bam,216394016,206988396,9405620,0.04346525
UNCID_1123289.542bb107-1b0c-4ace-834d-9e32ed82429c.sorted_genome_alignments.bam,160228197,153891974,6336223,0.039544993
UNCID_1123299.6e757a91-de03-4c2d-9088-22235e4b745a.sorted_genome_alignments.bam,207157490,200679099,6478391,0.031272782
UNCID_1123425.c03683bd-2fe1-4ab2-9a16-796553be5467.sorted_genome_alignments.bam,214431113,207641367,6789746,0.031663996
UNCID_1123520.f99cbdbb-ae9c-4dc2-9b69-eeaa7798c2b8.sorted_genome_alignments.bam,190901972,182332818,8569154,0.044887719
UNCID_1123629.5c4dae2a-4b4a-47d0-b6fb-456bdf58ca15.sorted_genome_alignments.bam,102362172,97231192,5130980,0.050125744
UNCID_1123719.fce0d59e-78a5-4d7b-8136-b8421f5116b0.sorted_genome_alignments.bam,184814715,177149468,7665247,0.041475307
UNCID_1123773.5a6b6013-11d0-498d-a014-3ea8e14c61d5.sorted_genome_alignments.bam,222755970,213125504,9630466,0.043233257
UNCID_1123774.85e9922a-0ede-4fea-8338-ead05addef79.sorted_genome_alignments.bam,228738773,221200815,7537958,0.032954439
UNCID_1123787.3610639e-d947-446f-8483-86be65c80ed3.sorted_genome_alignments.bam,213985169,205405233,8579936,0.040095938
UNCID_1123821.f9df2254-ab08-4ab2-9b86-ed40e6c8a4b9.sorted_genome_alignments.bam,138039559,133887638,4151921,0.030077762
UNCID_1123838.f18b2ff7-eddb-40b5-9bbe-7ef09787ddef.sorted_genome_alignments.bam,207156912,196578851,10578061,0.051063037
UNCID_1123850.cb9d4717-15a8-4499-ae3b-e047e5c2926a.sorted_genome_alignments.bam,130263745,125333888,4929857,0.037845196
UNCID_1123857.2f1af8cf-ded3-45b6-88cd-2c154c66ab8c.sorted_genome_alignments.bam,200893977,193459506,7434471,0.037006938
UNCID_1123870.a4c963fd-c8a6-4dcb-8b6e-159591e61d49.sorted_genome_alignments.bam,271275618,260113891,11161727,0.041145338
UNCID_1123916.c2e4eb91-bc79-4c8a-beef-4c5abc61d2fa.sorted_genome_alignments.bam,193235828,182829459,10406369,0.053853207
UNCID_1123971.0a69935d-9552-4792-9b2e-1a630114691e.sorted_genome_alignments.bam,207094838,196272563,10822275,0.05225758
UNCID_1124038.5e32f7e7-6022-4ce2-aa79-4c6671493406.sorted_genome_alignments.bam,207976104,197266029,10710075,0.051496661
UNCID_1124055.7a276d04-8f45-4c07-9c24-8b1f50a1202d.sorted_genome_alignments.bam,165751060,158660333,7090727,0.042779376
UNCID_1124194.59783c67-6446-44c1-b9b3-505470f54c82.sorted_genome_alignments.bam,143370211,138847008,4523203,0.031549113
UNCID_1124210.3510559d-33b7-423a-88c9-d8c42270d546.sorted_genome_alignments.bam,194243430,187702792,6540638,0.033672377
UNCID_1124247.b5c8962b-15d5-45ba-9a5a-a75dfacbaad9.sorted_genome_alignments.bam,233208328,225761013,7447315,0.031934173
UNCID_1124417.dde1d3ab-ad71-4526-bc98-058b6049edcf.sorted_genome_alignments.bam,225866091,216826225,9039866,0.040023121
UNCID_1124419.8213eb8c-db23-4f92-b3d3-07b45eeec76a.sorted_genome_alignments.bam,196661120,186596821,10064299,0.051175845
UNCID_1124450.afad9647-befe-4493-8386-475d0097c716.sorted_genome_alignments.bam,202971098,192672781,10298317,0.050737849
UNCID_1124468.a248476b-7c40-42c6-905b-b9c3ba6b2aed.sorted_genome_alignments.bam,218987527,212241297,6746230,0.030806458
UNCID_1124736.f9521be2-aaaf-414c-a906-3ba53a060614.sorted_genome_alignments.bam,209079106,198700421,10378685,0.049639991
UNCID_1124772.59c6ed76-762c-4caa-98c1-0886b6d9651c.sorted_genome_alignments.bam,203993278,190946145,13047133,0.063958642
UNCID_1124898.28199d71-9111-4763-a07f-66734769bb98.sorted_genome_alignments.bam,187835390,178987965,8847425,0.047102013
UNCID_1124949.a0ac3d9f-7700-4319-929a-fb51d85c9d49.sorted_genome_alignments.bam,193088738,185197956,7890782,0.040866091
UNCID_1124981.f75e5efb-056f-40bf-afed-33d971478ca4.sorted_genome_alignments.bam,125030366,120474928,4555438,0.036434653
UNCID_1125157.6574e15e-7e1f-4dca-899e-56e911f27848.sorted_genome_alignments.bam,174686550,168444947,6241603,0.035730301
UNCID_1125583.1c77a00e-8cea-48ae-b9b5-193cdecf3604.sorted_genome_alignments.bam,182307097,174857333,7449764,0.040863818
UNCID_1125970.5213da80-35ac-4172-b2e8-de686e73a498.sorted_genome_alignments.bam,186930365,169708200,17222165,0.092131447
UNCID_1126031.3ea70053-af2a-4fec-9416-d18b6156f516.sorted_genome_alignments.bam,116321314,112023038,4298276,0.036951749
UNCID_1126052.f898f44d-a728-41cf-b1ac-20b1995a86b9.sorted_genome_alignments.bam,121906710,117429486,4477224,0.036726641
UNCID_1126125.a88e6892-93fe-451f-9b7e-f6fe260ba9af.sorted_genome_alignments.bam,127592250,123777337,3814913,0.029899253
UNCID_1126140.2ce88ee9-0fc6-4d1d-82a7-be79eaee21d2.sorted_genome_alignments.bam,222779954,215384699,7395255,0.033195334
UNCID_1126145.422a4277-12f1-42ae-9f94-88d37517b9b0.sorted_genome_alignments.bam,190667237,183191715,7475522,0.039207166
UNCID_1126166.1a77082d-f130-436b-9028-23c8dd9dc565.sorted_genome_alignments.bam,141707405,136100636,5606769,0.039565815
UNCID_1126192.93108690-ccc2-4ae4-89e0-042a654a0228.sorted_genome_alignments.bam,197483530,189670107,7813423,0.039564935
UNCID_1126242.e88bcf68-e904-4511-92f6-01cbd0da62de.sorted_genome_alignments.bam,140913322,136469388,4443934,0.031536649
UNCID_1126251.ad602633-fdd7-4bf1-b3ac-e1c8e0a02934.sorted_genome_alignments.bam,163657149,159563211,4093938,0.025015333
UNCID_1126295.fe5e5b08-d5c0-4165-ae92-bec6a1d98e60.sorted_genome_alignments.bam,208692278,200305927,8386351,0.040185248
UNCID_1126304.4f3a68ee-00c8-44bd-b9d6-f3fa6dc4084c.sorted_genome_alignments.bam,162187336,157083699,5103637,0.031467543
UNCID_1126312.4b964043-f6dd-4f19-ab4c-439ee68ce2b0.sorted_genome_alignments.bam,158528267,153795787,4732480,0.029852594
UNCID_1126365.4dac7a33-db46-4815-8c6c-fb326959c741.sorted_genome_alignments.bam,158861271,154076608,4784663,0.030118499
UNCID_1126366.91285ac6-c627-4101-b551-28f37b947276.sorted_genome_alignments.bam,146300644,141514873,4785771,0.032711893
UNCID_1126390.a6b72c40-c921-4159-abad-b64e20619241.sorted_genome_alignments.bam,141496015,136294286,5201729,0.036762371
UNCID_1126397.be4b0243-555a-4e4b-94fb-af6ba60058d0.sorted_genome_alignments.bam,109715094,105681410,4033684,0.036765078
UNCID_1126435.fa7bcdff-10e1-44f1-86ed-90fab26bc61f.sorted_genome_alignments.bam,118110338,113095883,5014455,0.042455682
UNCID_1126440.3b48796b-8591-4d7a-a502-5c4293647156.sorted_genome_alignments.bam,139128900,134832481,4296419,0.030880852
UNCID_1126445.561e0da7-0e2c-430c-8a54-c9a3535a1679.sorted_genome_alignments.bam,166998548,161457914,5540634,0.033177738
UNCID_1126448.46262a6c-8a11-4bb9-8851-8b6e44c95288.sorted_genome_alignments.bam,138178362,133254169,4924193,0.035636499
UNCID_1126461.b5ab3b76-36f6-45a7-acad-77288da0d13c.sorted_genome_alignments.bam,125277419,120754840,4522579,0.036100512
UNCID_1126462.dc55c016-0e33-46b0-ac5e-f854c667a378.sorted_genome_alignments.bam,124015215,120046064,3969151,0.032005355
UNCID_1126467.4dfbdec6-1911-412c-9873-f6782ab8ff66.sorted_genome_alignments.bam,149606476,145413162,4193314,0.02802896
UNCID_1126470.2147e537-16f0-4bc3-a87f-572f8dcb9191.sorted_genome_alignments.bam,126396451,122375463,4020988,0.031812507
UNCID_1126482.02222fea-f3da-4328-8188-8ef24d1f55e4.sorted_genome_alignments.bam,117437850,113749729,3688121,0.031404875
UNCID_1126490.a8a7a335-8e21-4f24-b48b-8764caa21329.sorted_genome_alignments.bam,108657916,104911353,3746563,0.03448035
UNCID_1126501.0b937a20-66d4-4d05-bf50-4828cead9c92.sorted_genome_alignments.bam,132834711,128600449,4234262,0.031876171
UNCID_1126502.9fa440b0-6e8d-4c48-a425-50abc2682f6e.sorted_genome_alignments.bam,124665198,119356674,5308524,0.042582245
UNCID_1126512.7bc7f99c-28d4-4b54-b9bd-53d5de00cab7.sorted_genome_alignments.bam,119754233,115920506,3833727,0.03201329
UNCID_1126552.be8c1926-064b-4a2f-9345-e34f0dc78bff.sorted_genome_alignments.bam,145592269,140460867,5131402,0.035245017
UNCID_1126558.8131b824-c3db-4c83-99b9-aa0c60747c5d.sorted_genome_alignments.bam,154822279,148904082,5918197,0.038225745
UNCID_1126576.2c75afc3-11b5-444d-b6e0-61d76b299f40.sorted_genome_alignments.bam,132970271,128611468,4358803,0.032780282
UNCID_1126595.c38c7c6d-7c7c-45ea-9fae-a889e6ce0df5.sorted_genome_alignments.bam,153762659,149351703,4410956,0.028686783
UNCID_1126654.75ba5803-449e-4770-8105-b675af8e6907.sorted_genome_alignments.bam,152288049,147445540,4842509,0.031798352
UNCID_1126655.65923c68-2c86-4b4d-abe2-5320c08bb68f.sorted_genome_alignments.bam,156602292,151459540,5142752,0.03283957
UNCID_1126668.9046caf3-bbfe-4554-b9d2-11b333ad7704.sorted_genome_alignments.bam,168276591,164163532,4113059,0.024442253
UNCID_1126671.3028d15d-698a-4a23-8a09-a79221e28a62.sorted_genome_alignments.bam,132066178,127367374,4698804,0.035579162
UNCID_1126698.eed6d177-6cec-493a-b811-1779bebae72a.sorted_genome_alignments.bam,129115295,124170794,4944501,0.038295238
UNCID_1126711.75b2227e-0279-4dfb-a1a1-e64c53b48d7a.sorted_genome_alignments.bam,142522745,138013812,4508933,0.031636585
UNCID_1126734.52a863fe-b210-456b-9c2d-545277362b65.sorted_genome_alignments.bam,133323420,128277847,5045573,0.037844611
UNCID_1126764.ec31d946-74b0-4984-b3d8-cb1bf58e4d20.sorted_genome_alignments.bam,184124294,179058718,5065576,0.02751172
UNCID_1126776.dddfaed8-0d0e-42ba-9add-fae3cc1e5a9a.sorted_genome_alignments.bam,184915029,180240244,4674785,0.02528072
UNCID_1126779.eb9e415f-0545-4e97-ad35-b56b0f3db79b.sorted_genome_alignments.bam,158216383,152822427,5393956,0.034092272
UNCID_1126794.a4754430-f713-4aeb-998c-0f470a5549d1.sorted_genome_alignments.bam,170564572,163287757,7276815,0.042663109
UNCID_1126818.73b732bb-f387-4618-a2a3-8c7db1c75fd8.sorted_genome_alignments.bam,161945046,156374870,5570176,0.03439547
UNCID_1126824.1fa9c013-4d2c-4f3e-8e77-6437dad440c9.sorted_genome_alignments.bam,166697098,159652980,7044118,0.042256992
UNCID_1126837.429b50eb-316f-459c-bc3a-0aca6e6dba46.sorted_genome_alignments.bam,167418686,162582092,4836594,0.028889213
UNCID_1126909.e55bc0c9-ee0f-4efb-8024-3baed3c24080.sorted_genome_alignments.bam,171901998,164892173,7009825,0.040778031
UNCID_1126913.62a37d05-a1f5-48e1-b4cd-7b24b5ca0b34.sorted_genome_alignments.bam,199847833,192765324,7082509,0.035439509
UNCID_1126937.c3604281-d909-4819-a90e-a1081b1e9d7f.sorted_genome_alignments.bam,180745188,175522345,5222843,0.028896166
UNCID_1126958.48353101-484c-4d47-ae60-239d710ec00a.sorted_genome_alignments.bam,215815472,207487915,8327557,0.038586469
UNCID_1126983.c0dd6c33-008d-44e8-b20c-8089bc3e29a3.sorted_genome_alignments.bam,208380812,201130052,7250760,0.034795718
UNCID_1127013.120bc298-f016-4c80-aa5f-a9006444942c.sorted_genome_alignments.bam,181131107,175540656,5590451,0.030864113
UNCID_1127030.46892fa4-f179-4991-99da-629d8cf936f6.sorted_genome_alignments.bam,155727747,150783387,4944360,0.031750026
UNCID_1127043.773a2357-99b8-40df-b657-f237d9735db9.sorted_genome_alignments.bam,196469858,190552881,5916977,0.030116462
UNCID_1127058.a8884443-832f-45bb-96a0-dead699cc7e3.sorted_genome_alignments.bam,154852681,150188458,4664223,0.030120389
UNCID_1127076.82140d3a-0787-4e1e-993d-1b222c073cf8.sorted_genome_alignments.bam,192969190,186817501,6151689,0.031879125
UNCID_1127085.a4cb04f5-91b3-40ba-8005-b1df46d6b555.sorted_genome_alignments.bam,150942381,145552256,5390125,0.035709818
UNCID_1127106.f6e76192-c4ed-485f-bb51-1b752bd7f544.sorted_genome_alignments.bam,164661631,159807856,4853775,0.029477268
UNCID_1127109.3491d44a-675b-4510-8699-2ee83f960d02.sorted_genome_alignments.bam,166316804,160444920,5871884,0.035305416
UNCID_1127146.d6f0abd0-ff39-4c30-a8ee-e74e6f3621bf.sorted_genome_alignments.bam,171742260,166720356,5021904,0.029240933
UNCID_1127147.78e00469-0dd6-490e-93f1-068b9a386839.sorted_genome_alignments.bam,168589611,162555909,6033702,0.035789287
UNCID_1127150.68c8e567-1ac0-40f1-a3a7-a79d77a4ae12.sorted_genome_alignments.bam,196351129,188713190,7637939,0.038899389
UNCID_1127198.141e15ac-1537-4182-9db5-ba2115cd93d6.sorted_genome_alignments.bam,137310695,132009624,5301071,0.038606396
UNCID_1127265.69f0bc59-c026-40e2-a3b6-88fcde091a82.sorted_genome_alignments.bam,155605973,149798802,5807171,0.037319718
UNCID_1127269.ef7f2a68-bbfc-4458-9c3e-18c5d81ef7be.sorted_genome_alignments.bam,223106554,216182164,6924390,0.031036246
UNCID_1127283.d31b476c-c047-4e5f-a0cb-eff1065f0121.sorted_genome_alignments.bam,275345731,264269645,11076086,0.040226104
UNCID_1127378.1fc2800f-3427-4134-8a02-fea3ecbd2656.sorted_genome_alignments.bam,235427407,227168204,8259203,0.03508174
UNCID_1127485.d448433c-3c4b-4371-b749-f96af8da2237.sorted_genome_alignments.bam,129619391,123016954,6602437,0.050937109
UNCID_1127496.ee12f85b-64f8-4052-9477-392c4bd99257.sorted_genome_alignments.bam,215413580,207804661,7608919,0.035322374
UNCID_1127508.6d066a72-f59f-45a8-ab90-216000b36da4.sorted_genome_alignments.bam,221950285,214549248,7401037,0.033345472
UNCID_1127574.43326f71-c61c-410b-af4b-c71a054e27c9.sorted_genome_alignments.bam,182228823,175091462,7137361,0.039167026
UNCID_1127583.8e31c471-6f4b-4d2d-8594-5c2c91f6e5ef.sorted_genome_alignments.bam,140362841,135308961,5053880,0.036005826
UNCID_1127613.5462aaff-d060-4ba7-9ab5-0e6977accb91.sorted_genome_alignments.bam,188838691,183175414,5663277,0.029990025
UNCID_1127694.733890d7-6557-454e-8697-fe9c619874e3.sorted_genome_alignments.bam,185681029,180388863,5292166,0.028501382
UNCID_1127772.122a1ed2-9757-4cac-9656-149da6d872f4.sorted_genome_alignments.bam,224673873,216569304,8104569,0.036072592
UNCID_1127779.e596b149-e807-4d29-b0fa-685f07efb9d6.sorted_genome_alignments.bam,273614320,262209747,11404573,0.041681199
UNCID_1128080.6e45dd01-225d-4871-9a3a-f591808ad234.sorted_genome_alignments.bam,140414069,133278482,7135587,0.050818177
UNCID_1128101.49c4166c-701a-4f53-8968-99aec3347214.sorted_genome_alignments.bam,145013174,137781969,7231205,0.049865849
UNCID_1128301.288c81eb-4c43-406b-a5e5-fee452a95afb.sorted_genome_alignments.bam,137266765,132096905,5169860,0.037662868
UNCID_1128341.6e5015d8-55e8-448a-9663-7b8625f170ae.sorted_genome_alignments.bam,173942192,167321738,6620454,0.038061231
UNCID_1128384.bfeed1cc-e0f8-493f-a950-829ecb3acccc.sorted_genome_alignments.bam,277215082,267876224,9338858,0.033688131
UNCID_1128389.19c3c4c7-d34c-47d5-b09f-c5671f49b858.sorted_genome_alignments.bam,255736200,245326753,10409447,0.040703846
UNCID_1128458.b0388c2e-0793-4084-bcc3-454c2ec88931.sorted_genome_alignments.bam,254359603,245916917,8442686,0.033191929
UNCID_1128492.2d51ae30-4c8a-4c99-b216-fc4fbda0fbb6.sorted_genome_alignments.bam,213051065,205864114,7186951,0.033733467
UNCID_1128504.5ba99650-56d2-4951-aa24-3d2fea3d1921.sorted_genome_alignments.bam,102209269,98562699,3646570,0.035677488
UNCID_1128528.376c13fa-ba3e-4f2e-a8bc-87fb70541239.sorted_genome_alignments.bam,171352377,164748934,6603443,0.038537213
UNCID_1128589.66626142-7c5c-4ed0-8ef0-f4133423f275.sorted_genome_alignments.bam,151691711,144200890,7490821,0.049381874
UNCID_1128620.ff6fb75e-aefc-44e3-accd-c4f690a51cca.sorted_genome_alignments.bam,175540125,168873316,6666809,0.037978832
UNCID_1128630.3af60b03-66c3-48a1-a42b-1e05fdb529c4.sorted_genome_alignments.bam,154024048,144271035,9753013,0.063321365
UNCID_1128643.fb03a31f-6611-4343-816d-37a332147eac.sorted_genome_alignments.bam,212982621,203822053,9160568,0.043010871
UNCID_1128658.ef42155a-112e-48fe-b52a-a99ebcd5f7f5.sorted_genome_alignments.bam,203899070,194935762,8963308,0.043959534
UNCID_1128696.0d029d04-13cd-4870-a9e3-9d2e65c9b0b7.sorted_genome_alignments.bam,196616121,190820015,5796106,0.029479302
UNCID_1128703.433b49ba-949b-4914-985a-be19b3b32502.sorted_genome_alignments.bam,283616736,273431932,10184804,0.035910448
UNCID_1128735.e15ff180-38d3-4614-88ee-3645afaab54b.sorted_genome_alignments.bam,151555592,145737792,5817800,0.038387234
UNCID_1128736.b7f491a9-eddf-43b1-9baf-862db2d50383.sorted_genome_alignments.bam,131380911,124411748,6969163,0.053045476
UNCID_1128890.7b234c36-729b-422d-8e2a-ebd42af74bce.sorted_genome_alignments.bam,244745463,236585335,8160128,0.033341284
UNCID_1128975.520a6569-bf3a-495f-9460-7f65e4f59687.sorted_genome_alignments.bam,221544490,212823438,8721052,0.039364789
UNCID_1129313.28bc840d-296e-436e-93b8-9c28c0eaf47a.sorted_genome_alignments.bam,186589097,179165238,7423859,0.039787207
UNCID_1129478.99157b66-ae2a-4ba2-8b28-5653803063a9.sorted_genome_alignments.bam,181745503,174938440,6807063,0.037453818
UNCID_1129658.6b52803e-274b-4a1b-910f-2d307932bbb2.sorted_genome_alignments.bam,191889956,183961844,7928112,0.04131593
UNCID_1129734.87af5ba8-6e7d-4177-82d2-57b7268d6018.sorted_genome_alignments.bam,130434070,118759387,11674683,0.089506392
UNCID_1129830.fc4f35dd-9924-4e5d-ba71-0d7a79752b6a.sorted_genome_alignments.bam,139282538,132676031,6606507,0.047432414
UNCID_1129979.2aa34033-a6f5-45a8-833b-b433352e58ba.sorted_genome_alignments.bam,278183046,265214003,12969043,0.046620537
UNCID_1130392.cf1027dc-9ba9-4e3c-80d9-4bb13021cc31.sorted_genome_alignments.bam,264281395,254552406,9728989,0.036812992
UNCID_1131242.6ccc37a2-f073-4050-bfcd-de106d86236b.sorted_genome_alignments.bam,140999943,131089364,9910579,0.070287823
UNCID_1131344.3078c384-b624-4f5a-ae36-fc896212e616.sorted_genome_alignments.bam,224667542,216445491,8222051,0.036596524
UNCID_1131382.747f56be-2fdd-4eb8-99a7-34afd923d8e1.sorted_genome_alignments.bam,128884302,121292409,7591893,0.058904714
UNCID_1131383.cf00b389-d06b-4dd5-9b18-737b06ab9bed.sorted_genome_alignments.bam,157240477,151452639,5787838,0.03680883
UNCID_1131387.10d54893-647f-40a9-8aa7-602e04d55faf.sorted_genome_alignments.bam,165524399,158636332,6888067,0.041613605
UNCID_1131393.317ffb84-f4a8-435b-907b-b05587d6515e.sorted_genome_alignments.bam,179333991,171276788,8057203,0.044928476
UNCID_1131432.56183330-0700-46d7-b45f-6d915ae587fa.sorted_genome_alignments.bam,181097491,170769625,10327866,0.057029316
UNCID_1131460.08236177-a046-4cfe-a11c-a24292a1f777.sorted_genome_alignments.bam,153888173,148506284,5381889,0.034972727
UNCID_1131486.697dfcbf-0c6b-4cae-b851-d46dd6be42c9.sorted_genome_alignments.bam,158578536,153994428,4584108,0.028907494
UNCID_1131495.2791089c-f659-41e8-8e18-57fc6a079e6b.sorted_genome_alignments.bam,163481617,157921736,5559881,0.034009212
UNCID_1131498.9e30b9ee-391d-40d9-8eba-de47656f3629.sorted_genome_alignments.bam,147089915,142462667,4627248,0.031458635
UNCID_1131520.682a9c8d-8174-4435-9ec8-cb2d58bbe6d5.sorted_genome_alignments.bam,168188091,162882173,5305918,0.031547525
UNCID_1131536.698c9928-1aa8-4b48-9048-5675e5943c22.sorted_genome_alignments.bam,152316497,146657589,5658908,0.037152299
UNCID_1131563.56d889ba-6484-4940-ae85-1373ce4255b9.sorted_genome_alignments.bam,165779369,160964636,4814733,0.029043017
UNCID_1131593.d40f0f2c-4acf-4ea6-b344-1eca23f50fa6.sorted_genome_alignments.bam,170428626,165428488,5000138,0.029338604
UNCID_1131604.3e57b40c-7079-4f05-bf37-f560304966c1.sorted_genome_alignments.bam,166314145,160576822,5737323,0.034496903
UNCID_1131613.b05828bc-eb75-4220-9972-6c6d62fa5303.sorted_genome_alignments.bam,195721494,187299628,8421866,0.043029847
UNCID_1131622.ff0d7627-cec2-42e7-891b-cba5f42e3272.sorted_genome_alignments.bam,163628032,159209132,4418900,0.027005764
UNCID_1131629.624ac458-8ff1-441c-a8c5-aaf4a08a4b84.sorted_genome_alignments.bam,190231004,184387707,5843297,0.030716849
UNCID_1131632.4adf4439-3d60-44ac-a6f0-9f42cc081a93.sorted_genome_alignments.bam,139660920,134386306,5274614,0.037767287
UNCID_1131658.2af2adfe-bd7b-4eb1-9971-182b11075159.sorted_genome_alignments.bam,156872936,152230795,4642141,0.029591726
UNCID_1131678.48d70a9a-b6ae-4ed6-80da-999a919f8da9.sorted_genome_alignments.bam,164408676,158401375,6007301,0.036538832
UNCID_1131702.15bad71d-3031-413b-9e8d-6426ae5dfbea.sorted_genome_alignments.bam,162926665,158028713,4897952,0.030062311
UNCID_1131803.98056d94-9c31-4cf7-9b0f-5ebe06be01bd.sorted_genome_alignments.bam,114717680,106032735,8684945,0.075707119
UNCID_1131843.5aaf8edc-5d66-4099-824b-f4e06827ad12.sorted_genome_alignments.bam,187423906,181085162,6338744,0.03382036
UNCID_1131902.844b3442-a740-4cb4-a1fb-b481c552cc88.sorted_genome_alignments.bam,202690566,195915514,6775052,0.033425591
UNCID_1131903.3f4c6d17-a971-4ba0-83ad-3addc24f1298.sorted_genome_alignments.bam,159999502,155155259,4844243,0.030276613
UNCID_1131943.6a345a9e-8173-4c9e-972d-df0b154c97b0.sorted_genome_alignments.bam,200629854,193713201,6916653,0.034474695
UNCID_1131999.71cc9cf0-2992-4ac6-8642-6fdb66958fca.sorted_genome_alignments.bam,264243080,255474368,8768712,0.033184264
UNCID_1132049.5bf6cf0d-8d00-4a50-b239-4b9d8f3e51b9.sorted_genome_alignments.bam,153958835,149653073,4305762,0.027966969
UNCID_1132357.4a28ecf3-c70e-42d0-918b-866d11804c13.sorted_genome_alignments.bam,132476229,127922697,4553532,0.034372446
UNCID_1132393.d0f11931-ddcc-4cd5-8dfc-8ef984aa8a32.sorted_genome_alignments.bam,167127308,162413736,4713572,0.028203482
UNCID_1132751.39ca8590-3733-4b61-9a46-4ec5e6e0501e.sorted_genome_alignments.bam,185241971,176619345,8622626,0.046547907
UNCID_1132830.116f1b9d-8c0c-4b29-b9b2-06ea186f4480.sorted_genome_alignments.bam,146359496,139840268,6519228,0.044542569
UNCID_1132863.9d04c180-7c23-490e-92cf-c018629b8b7f.sorted_genome_alignments.bam,174645795,169656220,4989575,0.028569683
UNCID_1132907.5162ef6d-6978-4ff7-b385-a59325cefe17.sorted_genome_alignments.bam,135586907,129712823,5874084,0.043323387
UNCID_1132969.eefe67c9-48a1-4381-a3ef-81b51e46c6df.sorted_genome_alignments.bam,169489684,164617731,4871953,0.028744835
UNCID_1133046.76a625e9-22b3-42b8-8813-27c133d0b248.sorted_genome_alignments.bam,140089549,134307233,5782316,0.041275856
UNCID_1133094.71b58051-3bf8-4dfb-a431-c8aceab7c799.sorted_genome_alignments.bam,191070661,181703823,9366838,0.0490229
UNCID_1133190.c13962b2-674a-4edc-a7c8-c077ab86d198.sorted_genome_alignments.bam,143144800,137301640,5843160,0.040819925
UNCID_1133340.8bb3543b-5c83-41c6-b81c-b20935c38d72.sorted_genome_alignments.bam,303630526,294248385,9382141,0.030899861
UNCID_1133364.f6745ef4-b601-4d5f-bb7a-0bf7e1f1671d.sorted_genome_alignments.bam,191019906,181848819,9171087,0.048011159
UNCID_1133365.e042ea6d-3204-41a7-9811-25f4ac0c3558.sorted_genome_alignments.bam,184102317,176409169,7693148,0.04178735
UNCID_1133483.1013446f-5beb-485d-809a-efe81a2138dd.sorted_genome_alignments.bam,209914486,196181256,13733230,0.065422974
UNCID_1133499.e58a6cf4-a4ff-4179-9671-a5661f380a8d.sorted_genome_alignments.bam,206697798,197056207,9641591,0.046645833
UNCID_1133569.cbc8608e-ffe1-41d5-93c5-66dd665c9bf0.sorted_genome_alignments.bam,168602297,161858848,6743449,0.039996187
UNCID_1133620.fe1a74fd-c9b4-405b-86a7-61bcb75f825d.sorted_genome_alignments.bam,143593521,136685329,6908192,0.048109357
UNCID_1133825.e0ed3e93-0ead-4fc0-a82d-79807c7d5162.sorted_genome_alignments.bam,180266001,173557815,6708186,0.037212708
UNCID_1133893.05610046-ec77-4592-892a-464a81d55c45.sorted_genome_alignments.bam,185662930,175473055,10189875,0.054883735
UNCID_1133913.e4edbc10-8939-4bbf-befa-ee44229e4394.sorted_genome_alignments.bam,195473428,187913005,7560423,0.038677497
UNCID_1134107.e5378cd0-4045-4afe-8157-7187b3d294ef.sorted_genome_alignments.bam,156787517,148281676,8505841,0.054250754
UNCID_1134128.ef91ee42-e50f-44f7-967a-48698e920d12.sorted_genome_alignments.bam,197425900,189660092,7765808,0.039335305
UNCID_1134243.64f3f52d-a484-49c6-9048-6eadedd2c2c5.sorted_genome_alignments.bam,182110157,175469084,6641073,0.03646734
UNCID_1134875.0ef20000-2c8e-47bb-86e5-ffa2814099a7.sorted_genome_alignments.bam,132163985,127387806,4776179,0.036138279
UNCID_1135012.ca71ca96-cbb7-4eab-9487-251dda34e107.sorted_genome_alignments.bam,114937511,110330855,4606656,0.040079657
UNCID_1135300.6b2497ef-abe8-4f6f-9225-1d700f55ad1c.sorted_genome_alignments.bam,189482017,182246165,7235852,0.038187539
UNCID_1135383.70b29dd6-1688-4510-94dd-5fcb26a1a908.sorted_genome_alignments.bam,216463691,206355739,10107952,0.046695831
UNCID_1135428.091cb252-dd08-4e9c-939c-749f595713f6.sorted_genome_alignments.bam,190348784,182966622,7382162,0.038782291
UNCID_1135564.ac361cbe-2302-4115-8c0f-40845c0ccec9.sorted_genome_alignments.bam,205129742,197868408,7261334,0.035398738
UNCID_1135677.a7050752-eefd-4576-a304-c79dc6fa30e7.sorted_genome_alignments.bam,185921966,178438646,7483320,0.04024979
UNCID_1135818.29b04717-c5f2-4d4c-b006-e5c5f0aade7a.sorted_genome_alignments.bam,194985125,187216590,7768535,0.03984168
UNCID_1135883.d3169d74-dd69-4c6b-8232-6e15ac2920b9.sorted_genome_alignments.bam,231008621,222444597,8564024,0.037072313
UNCID_1135912.bc6c762f-727f-43c8-a4bc-4c41351c7f13.sorted_genome_alignments.bam,272796395,173558335,99238060,0.363780687
UNCID_1136212.296c69de-2b77-4b3a-a228-9552a8a9836e.sorted_genome_alignments.bam,186721760,177914650,8807110,0.047167025
UNCID_1136809.4096c8a6-5ead-4410-8da1-a20b0f37cce8.sorted_genome_alignments.bam,136678477,130576765,6101712,0.044642815
UNCID_1137077.4bf5f56d-448a-426a-8edc-f1bdbf6a8d55.sorted_genome_alignments.bam,140460194,134504315,5955879,0.042402611
UNCID_1137092.222a566c-2bad-4b47-97dc-ca1f60a9a981.sorted_genome_alignments.bam,92424333,89270065,3154268,0.034128112
UNCID_1137176.0a5a7511-4e7b-4fe4-b323-c354acffab57.sorted_genome_alignments.bam,138673666,133278993,5394673,0.038901928
UNCID_1137223.81589acc-5dae-4cad-9f97-88b81fa53f92.sorted_genome_alignments.bam,118131150,110054189,8076961,0.06837283
UNCID_1137247.24e6e8f5-3caa-46f0-8915-7bd09f0736f9.sorted_genome_alignments.bam,134230513,128348448,5882065,0.043820625
UNCID_1137252.6223244a-ed38-46b5-8e65-cc8e4926c809.sorted_genome_alignments.bam,139840328,133424019,6416309,0.045883109
UNCID_1137312.306818e8-2e51-4dee-b27c-53ee9cea8d03.sorted_genome_alignments.bam,138606875,132499745,6107130,0.044060801
UNCID_1137313.b12c9095-55c7-4add-9e22-3d65eeef2040.sorted_genome_alignments.bam,140888620,134706693,6181927,0.043878114
UNCID_1137327.bcf768ee-138c-42a4-a3bf-b8d509c644d9.sorted_genome_alignments.bam,135976408,130210308,5766100,0.04240515
UNCID_1137353.059c8834-efd5-447c-97c6-49fd68c09c0d.sorted_genome_alignments.bam,148448918,143160276,5288642,0.035626006
UNCID_1137414.2c829af4-a6a7-48b1-9e48-a88be0564752.sorted_genome_alignments.bam,120392228,108956222,11436006,0.09498957
UNCID_1137510.0def3ef8-7608-483c-b899-4d459f6d2e2d.sorted_genome_alignments.bam,111081530,107296986,3784544,0.034069966
UNCID_1137541.bfc39e77-7a26-4699-a4a3-217d4ea9425b.sorted_genome_alignments.bam,156488639,150655116,5833523,0.037277613
UNCID_1137598.4018d26c-0ce0-4c5a-9ce4-200bb4273349.sorted_genome_alignments.bam,128499311,122051306,6448005,0.050179296
UNCID_1137662.104213ad-3ec6-4a24-9760-72333b6c2c22.sorted_genome_alignments.bam,159649708,151859903,7789805,0.048793105
UNCID_1137667.afe0fbfe-18e0-4b80-a44c-7abe3c7e5c93.sorted_genome_alignments.bam,178014024,172494863,5519161,0.03100408
UNCID_1137685.b9a1f505-713e-4044-b76e-57134a4802f1.sorted_genome_alignments.bam,146386933,139471216,6915717,0.047242721
UNCID_1137694.2ada4fe0-57f2-4a54-9580-4e0ae45a2f65.sorted_genome_alignments.bam,121630566,117815659,3814907,0.031364706
UNCID_1137697.44225bb7-92c6-4a6d-b136-bc51666ba84a.sorted_genome_alignments.bam,134678215,126066699,8611516,0.063941418
UNCID_1137700.7e84df9f-1da5-4add-a5e8-a9d9d8af409c.sorted_genome_alignments.bam,150883514,143262139,7621375,0.050511648
UNCID_1137709.a8154f60-e391-44b5-b378-c944c5e8621d.sorted_genome_alignments.bam,199072832,192042444,7030388,0.035315658
UNCID_1137715.f543c792-d997-420a-8bf1-c45456b62a8b.sorted_genome_alignments.bam,139007058,131722477,7284581,0.052404397
UNCID_1137716.d40f62c9-c134-4477-98d7-11d343b5e867.sorted_genome_alignments.bam,192307200,185396018,6911182,0.035938238
UNCID_1137719.2738d02e-ac2a-4d26-beb6-794f3e11cf88.sorted_genome_alignments.bam,129379556,125585126,3794430,0.029327895
UNCID_1137722.560ab6aa-cbfe-42ac-9446-9d3df720bc81.sorted_genome_alignments.bam,119730775,115997096,3733679,0.031183954
UNCID_1137736.c6929312-e22d-4d4e-830d-6f735184d9b2.sorted_genome_alignments.bam,151238431,144059807,7178624,0.047465607
UNCID_1137747.05918561-a713-464b-9b5c-4f7c9258a827.sorted_genome_alignments.bam,150782252,144575699,6206553,0.041162358
UNCID_1137762.1c1560f6-62bf-4185-912f-25c234ebd71f.sorted_genome_alignments.bam,182062558,175992048,6070510,0.03334299
UNCID_1137776.5efabaa8-f296-4c9c-9632-559ef7f6dd44.sorted_genome_alignments.bam,165578984,157560489,8018495,0.048427009
UNCID_1137786.30cee921-7fb5-4543-aeb6-ab3eaf669f84.sorted_genome_alignments.bam,134979299,128303050,6676249,0.049461281
UNCID_1137813.9a92e20a-2a43-4917-981d-c93179770050.sorted_genome_alignments.bam,144838664,137923778,6914886,0.04774199
UNCID_1137825.754fd66b-f39a-4308-a57c-05de251f9014.sorted_genome_alignments.bam,205930350,198399658,7530692,0.036569122
UNCID_1137826.0cde4246-2dcb-478b-ace9-df557f71e4cd.sorted_genome_alignments.bam,150999176,141566146,9433030,0.062470738
UNCID_1137829.1f7762ae-94bf-4ab4-a6d6-7fe57b1e1e99.sorted_genome_alignments.bam,137255162,127785771,9469391,0.068991147
UNCID_1137830.76fabc98-ad85-4315-8653-4028e24cd2ff.sorted_genome_alignments.bam,114243790,110103960,4139830,0.036236806
UNCID_1137841.69f535c7-8f70-4efc-98bc-7f99924d7db1.sorted_genome_alignments.bam,159813162,151573425,8239737,0.051558563
UNCID_1137842.35a76121-7e58-4e28-a39c-6301a4cc0e2e.sorted_genome_alignments.bam,147772440,139757044,8015396,0.054241481
UNCID_1137859.95c7abfa-a417-4d81-96c2-a952a081d997.sorted_genome_alignments.bam,156997249,148412533,8584716,0.054680678
UNCID_1137872.4d28bcbc-dbdd-46f8-9329-49f359480a97.sorted_genome_alignments.bam,157584690,149773741,7810949,0.049566674
UNCID_1137879.184fe3c4-58bb-45c5-a9a5-9a8a56985f9f.sorted_genome_alignments.bam,182679430,176066712,6612718,0.036198482
UNCID_1137880.ca5076dc-0fb2-444f-b34f-305c8479cba3.sorted_genome_alignments.bam,144773285,136875491,7897794,0.054552841
UNCID_1137927.8f007e7a-6260-4ecc-baff-f68665b760cb.sorted_genome_alignments.bam,127432672,113294366,14138306,0.110947262
UNCID_1137946.ee92fcd7-4be2-47c2-9725-1ec425d212cf.sorted_genome_alignments.bam,149867265,141531301,8335964,0.055622314
UNCID_1137998.803bb42f-e0f2-44b6-aebb-8f956646ecc7.sorted_genome_alignments.bam,130964951,126320684,4644267,0.035461908
UNCID_1137999.48188b57-1f05-43dc-b8d4-a422c4f443a9.sorted_genome_alignments.bam,132310495,125842322,6468173,0.048886319
UNCID_1138019.afaeb45f-d795-4fe0-b4ee-5b90816e6427.sorted_genome_alignments.bam,142919767,137136286,5783481,0.040466628
UNCID_1138049.143e8620-56cc-4b65-a2aa-d793543f6854.sorted_genome_alignments.bam,153688511,148368443,5320068,0.034615912
UNCID_1138075.b58514d7-7785-497d-ba94-165ee0a1b941.sorted_genome_alignments.bam,161197338,152788750,8408588,0.052163318
UNCID_1138093.71b60d53-513c-4da5-b095-39f913bd4f11.sorted_genome_alignments.bam,152138689,144378397,7760292,0.051008012
UNCID_1138102.cbd64838-97a7-47a9-a4dc-aa9e0d0ab3d2.sorted_genome_alignments.bam,154525870,148735693,5790177,0.0374706
UNCID_1138137.14fb9342-c11d-460d-af84-f31f7753beeb.sorted_genome_alignments.bam,164292441,159866302,4426139,0.026940613
UNCID_1138370.cb6c668a-ff24-4ebe-99f7-0c24fcf17c32.sorted_genome_alignments.bam,173596176,167823297,5772879,0.033254644
UNCID_1138375.c791026a-9fda-47b4-86fd-9b5933325326.sorted_genome_alignments.bam,158235198,152660683,5574515,0.035229298
UNCID_1138394.d6aae541-9dec-4055-bfd6-51ebbdcbf7a2.sorted_genome_alignments.bam,174558888,167001412,7557476,0.043294708
UNCID_1138423.9eb3306d-6c84-4bc1-be42-4bd00ef46cbb.sorted_genome_alignments.bam,149840330,142580071,7260259,0.048453304
UNCID_1138591.0ef00203-8a0a-4d04-aa1e-c1164958d8ec.sorted_genome_alignments.bam,184364159,177838319,6525840,0.035396468
UNCID_1138621.ddb62dc3-293b-4021-905a-83ae10aa0f8e.sorted_genome_alignments.bam,122926579,119160715,3765864,0.030635067
UNCID_1138630.acbae442-ba6c-4d28-b3bc-58bb4dd93ece.sorted_genome_alignments.bam,113011409,109523686,3487723,0.030861689
UNCID_1138724.7f57b9e7-1b1b-4e07-beb4-b877b7651f7b.sorted_genome_alignments.bam,171970548,166707106,5263442,0.030606648
UNCID_1138813.b9bb3fb2-5692-4e7b-9353-45db1d58843f.sorted_genome_alignments.bam,178179526,169289601,8889925,0.049893078
UNCID_1138869.0e932148-a592-42e2-b1df-4fd599db21e9.sorted_genome_alignments.bam,184158641,175412627,8746014,0.047491738
UNCID_1138927.3b72a173-8ce4-444e-aeeb-39be3f3eb558.sorted_genome_alignments.bam,183746950,176487648,7259302,0.039507061
UNCID_1138932.ea037776-3759-425c-a7f4-35e8a5571025.sorted_genome_alignments.bam,171512434,163736398,7776036,0.045338031
UNCID_1138952.61c279ee-777a-4c05-bc38-e1a9183faaff.sorted_genome_alignments.bam,210478835,201923202,8555633,0.040648424
UNCID_1139061.7fe47d2c-6b7d-4fa3-8e22-14fdb2b44920.sorted_genome_alignments.bam,185107396,175444586,9662810,0.052201102
UNCID_1139184.d2e1fdf7-1ac9-49e9-a611-b15c90772bf6.sorted_genome_alignments.bam,178842589,170542795,8299794,0.046408375
UNCID_1139214.4d12d021-3673-4e14-9fd9-033f811f87da.sorted_genome_alignments.bam,119326026,114997557,4328469,0.036274308
UNCID_1139389.a27c5907-1ad2-4414-a9c9-448f1b484946.sorted_genome_alignments.bam,142643863,136828793,5815070,0.040766352
UNCID_1139630.690cf196-9b2c-4886-a0e2-ce3a49cb4389.sorted_genome_alignments.bam,170880404,162591806,8288598,0.048505258
UNCID_1139738.3b1da7ee-4470-4ab5-b1a7-53ac92b4e4d3.sorted_genome_alignments.bam,174137156,146497747,27639409,0.158722065
UNCID_1139818.bbca4523-28a7-416c-98a8-02c3350705fc.sorted_genome_alignments.bam,203870943,197511159,6359784,0.031195147
UNCID_1139825.40c2be3f-f14a-4ab2-845a-2c1c174a4be7.sorted_genome_alignments.bam,193932234,187736987,6195247,0.031945422
UNCID_1139834.1e59ea3f-36fa-4860-8c28-87b4b09075ec.sorted_genome_alignments.bam,177958111,173132758,4825353,0.027115106
UNCID_1139901.4de3ad78-68e4-4ab9-b1f6-eb0666140761.sorted_genome_alignments.bam,198945560,189331140,9614420,0.048326889
UNCID_1139931.c1190b96-b6cf-4cd5-8c4e-bc57d964a557.sorted_genome_alignments.bam,168030433,161750770,6279663,0.037372177
UNCID_1139956.8f90121d-5f9a-4702-a2ae-2a9b34a99171.sorted_genome_alignments.bam,224610327,215381757,9228570,0.041087024
UNCID_1139981.9f440cd6-d55f-4cb6-a433-637ef1f9d38f.sorted_genome_alignments.bam,228761811,220083209,8678602,0.037937285
UNCID_1140240.3795f6d6-3a1d-4b41-8a4b-e832078e9d48.sorted_genome_alignments.bam,201390220,193786052,7604168,0.037758378
UNCID_1140245.6c8cb6ae-99bb-4878-b6f5-9da28be98588.sorted_genome_alignments.bam,177548445,168904826,8643619,0.048683158
UNCID_1140446.7aa46530-2311-41ed-a452-9ca06f38c0c1.sorted_genome_alignments.bam,218169382,211570095,6599287,0.030248456
UNCID_1140497.32cfb4f4-1de9-4937-8cfa-dc6c37081583.sorted_genome_alignments.bam,169896085,163654109,6241976,0.036739964
UNCID_1140619.f65936bc-02d6-4954-9068-0fb7c930d685.sorted_genome_alignments.bam,215860291,206696242,9164049,0.042453612
UNCID_1140645.bcd8ae7a-cd43-4781-9ce3-8c87b92dd69d.sorted_genome_alignments.bam,183556119,177934601,5621518,0.030625609
UNCID_1140646.348a0fd6-eb6b-4550-a26a-3896c4963b3a.sorted_genome_alignments.bam,168641149,163872627,4768522,0.028276147
UNCID_1140689.4a93eaee-d821-4640-a441-255008aaf3b4.sorted_genome_alignments.bam,200185733,193191132,6994601,0.034940557
UNCID_1140743.401721b2-a1d1-46d3-b73c-ec06df30d61e.sorted_genome_alignments.bam,194828141,186953730,7874411,0.040417216
UNCID_1140752.ee7156b6-f469-402c-8f63-f4c2f6913db1.sorted_genome_alignments.bam,155116159,149648815,5467344,0.035246773
UNCID_1140765.b77f4222-9000-4485-8728-8864780ebcb8.sorted_genome_alignments.bam,171404752,165510553,5894199,0.034387606
UNCID_1141165.2cd8167d-d35f-43e8-927f-cd7decebd9cf.sorted_genome_alignments.bam,176052610,168005914,8046696,0.045706201
UNCID_1141342.451099b0-f348-4aec-bf9f-2982601f013c.sorted_genome_alignments.bam,192511059,187023759,5487300,0.028503817
UNCID_1141369.5cd42d4a-5971-4a01-8c10-99321105a864.sorted_genome_alignments.bam,207798059,201722184,6075875,0.029239325
UNCID_1141399.72c34d2c-f255-492b-9249-e9e9c506ece2.sorted_genome_alignments.bam,208641161,200185289,8455872,0.040528302
UNCID_1141539.693a3c69-75bd-435d-874e-f3b90b7ed180.sorted_genome_alignments.bam,185280851,177308833,7972018,0.04302667
UNCID_1141633.49bdbb64-75a8-4a30-bde6-57f3c2a38f9b.sorted_genome_alignments.bam,199884695,190802584,9082111,0.04543675
UNCID_1142229.b5ec5184-90d6-4b74-b08c-e39af59bc807.sorted_genome_alignments.bam,180893150,172836926,8056224,0.044535816
UNCID_1142329.222c7e4d-f6ed-4db0-ba36-1670159cee1b.sorted_genome_alignments.bam,206825878,197246545,9579333,0.046315931
UNCID_1142529.6fc8b7da-3de6-4111-b685-bb03c032466a.sorted_genome_alignments.bam,142318757,137487399,4831358,0.033947444
UNCID_1142546.508f0932-673f-48b4-ac71-845ed9eb7c52.sorted_genome_alignments.bam,207110876,199988978,7121898,0.034386886
UNCID_1142568.75cd6423-52b8-4d29-97de-1fe2583dbac1.sorted_genome_alignments.bam,160419392,154996167,5423225,0.033806543
UNCID_1142570.3264f809-4bbf-48e6-bbfd-77eaca9e602e.sorted_genome_alignments.bam,136009323,130653797,5355526,0.039376168
UNCID_1142591.90a60ebe-ce7e-4b64-af2a-1676f46e6601.sorted_genome_alignments.bam,165753557,160436721,5316836,0.032076754
UNCID_1142601.b3ac6331-6c8f-4165-add7-482aadf7fa68.sorted_genome_alignments.bam,197621200,192471344,5149856,0.026059228
UNCID_1142638.8dc04505-fae5-4185-b3f8-53882fbbb4fd.sorted_genome_alignments.bam,161789233,153879746,7909487,0.048887598
UNCID_1142641.7a5bc56e-e787-4798-8c4d-ee792f9e3149.sorted_genome_alignments.bam,147929770,141947977,5981793,0.040436709
UNCID_1142680.299add94-3b97-41a6-9fd4-c572f88982d5.sorted_genome_alignments.bam,141947207,136314284,5632923,0.039683225
UNCID_1142709.dc4a013a-c52a-40ef-8aeb-e1163519cdb8.sorted_genome_alignments.bam,162889648,157878274,5011374,0.030765454
UNCID_1142781.ef37a73c-e0a0-4ff6-83a3-6befcdcb51c6.sorted_genome_alignments.bam,167236088,151293334,15942754,0.095330824
UNCID_1142912.570ee0fd-7003-45ce-9c42-8f6145604186.sorted_genome_alignments.bam,154547895,147991206,6556689,0.042424965
UNCID_1142932.15b9736e-eafc-465e-9ddd-b1b498e8b701.sorted_genome_alignments.bam,161874784,155609294,6265490,0.038705781
UNCID_1142968.b5de3654-8983-45ab-a83a-d15284740d39.sorted_genome_alignments.bam,183987170,178476817,5510353,0.029949659
UNCID_1143133.d96863aa-33a8-43bf-a9b5-589de1e9cf44.sorted_genome_alignments.bam,246902997,238489443,8413554,0.034076354
UNCID_1143395.f9739b94-ac64-40d5-bfdd-041a412976c4.sorted_genome_alignments.bam,169274785,164590798,4683987,0.027670908
UNCID_1143448.f0c59856-0421-46e3-a2f9-e17f0f267930.sorted_genome_alignments.bam,181009131,175683883,5325248,0.029419776
UNCID_1143727.d9f827bb-2498-49b0-aa85-71cb554eb926.sorted_genome_alignments.bam,272630684,261622477,11008207,0.040377726
UNCID_1143795.81689324-2986-49f6-bef6-f5a525ca36c2.sorted_genome_alignments.bam,199668114,191516869,8151245,0.04082397
UNCID_1143964.5d033f3f-b22f-4d10-b39b-0bae2b4db5be.sorted_genome_alignments.bam,216848047,207970512,8877535,0.040938967
UNCID_1143973.70109263-1d2b-4abe-a582-2b28e87cde67.sorted_genome_alignments.bam,216758951,209177211,7581740,0.034977748
UNCID_1144002.c1dc3f35-324b-4a69-b32c-24652ccf9e3a.sorted_genome_alignments.bam,182217863,173510902,8706961,0.047783246
UNCID_1144019.be1f09ae-deec-45d7-8504-fea3f6e7feb4.sorted_genome_alignments.bam,190193023,184545703,5647320,0.029692572
UNCID_1144096.750469b2-05c7-4647-b101-cdd94246d254.sorted_genome_alignments.bam,171919304,167015168,4904136,0.028525802
UNCID_1144166.1d6480da-a470-4726-8bc4-57fa30799a15.sorted_genome_alignments.bam,218723102,212350135,6372967,0.029137146
UNCID_1144306.53f4d557-cad7-4367-9546-c10752cc6189.sorted_genome_alignments.bam,217784015,209737970,8046045,0.036945067
UNCID_1144339.4f1ffb0e-b2f8-42ae-86cb-bbd3405014f6.sorted_genome_alignments.bam,162239388,156054218,6185170,0.038123726
UNCID_1144375.1fe98b05-6803-4803-83cd-a59e794b956e.sorted_genome_alignments.bam,213706370,206359034,7347336,0.034380519
UNCID_1144384.c09e8a88-5a82-4fd6-8d03-ef3ecb988003.sorted_genome_alignments.bam,195931205,183506772,12424433,0.063412222
UNCID_1144726.4eb0c00d-595c-47ee-bcad-818c7723656d.sorted_genome_alignments.bam,188468354,183379790,5088564,0.026999567
UNCID_1144962.7455cc98-aceb-4adc-932b-4fddd979c522.sorted_genome_alignments.bam,220254600,212355833,7898767,0.035861984
UNCID_1144997.9f3ddcc1-a6a9-4f55-84b3-cbe06e58ff8d.sorted_genome_alignments.bam,211713498,202739696,8973802,0.042386537
UNCID_1145326.e7a1527b-dbaf-48ae-a322-e54efd36985d.sorted_genome_alignments.bam,193364585,186064990,7299595,0.037750424
UNCID_1145498.2b721e04-5452-4b34-b3df-c6cdd04e87b1.sorted_genome_alignments.bam,177540725,171735515,5805210,0.032697906
UNCID_1145651.4eaae575-d631-4e2e-8e70-4b4e0a429d74.sorted_genome_alignments.bam,178821364,171072279,7749085,0.043334224
UNCID_1145715.856452d1-5480-4921-bf5b-4c6f625a99c0.sorted_genome_alignments.bam,133307880,122469233,10838647,0.081305374
UNCID_1145731.4808bc63-000a-4a49-a25b-4b817ca5ea54.sorted_genome_alignments.bam,234639218,225497620,9141598,0.03896023
UNCID_1145807.2d4b31ad-8790-426a-965b-25b74293156c.sorted_genome_alignments.bam,209594374,201553291,8041083,0.038364975
UNCID_1146306.09c248f8-cdd7-4c13-9085-26c56544bcf7.sorted_genome_alignments.bam,127226705,118926392,8300313,0.065240336
UNCID_1146444.9384eb09-5787-49e8-b07e-bd9f71997771.sorted_genome_alignments.bam,204834078,196752862,8081216,0.039452498
UNCID_1146509.8bbaef6c-31c4-47a4-8e7b-7e6242d02666.sorted_genome_alignments.bam,146029997,140909099,5120898,0.035067439
UNCID_1146558.682942cb-589f-4348-abc2-3c7cc76fb34d.sorted_genome_alignments.bam,152211339,147928441,4282898,0.028137838
UNCID_1146575.34b7764e-748a-415c-84b5-c45d0932e642.sorted_genome_alignments.bam,204665828,195260638,9405190,0.045953885
UNCID_1146716.4aac7c40-db6b-4648-a82a-7bf397de913a.sorted_genome_alignments.bam,187012670,178293346,8719324,0.046624242
UNCID_1146813.2e9c893c-1d72-49a7-8755-1ede20b26fcf.sorted_genome_alignments.bam,219988169,212343650,7644519,0.034749682
UNCID_1146899.80cfaf9d-f0aa-4a35-918a-2eaad05b3a5a.sorted_genome_alignments.bam,175163410,169168786,5994624,0.034223038
UNCID_1146955.85845e8c-e9d7-43c4-8dfc-d7fb0cf85ac5.sorted_genome_alignments.bam,140036265,133875595,6160670,0.04399339
UNCID_1147009.e074391d-348f-4f95-aad0-7f51c56b9696.sorted_genome_alignments.bam,164524692,159806690,4718002,0.028676559
UNCID_1147033.9857acef-08eb-43d6-b086-4b513e23753a.sorted_genome_alignments.bam,179057722,173397817,5659905,0.031609388
UNCID_1147071.f8fd0762-44b8-41ff-9c1a-ff688497e312.sorted_genome_alignments.bam,167358124,162764729,4593395,0.027446501
UNCID_1147139.d99fef01-1eb5-4300-8031-d5a157fd5b28.sorted_genome_alignments.bam,176073267,171274216,4799051,0.027255989
UNCID_1147145.0172d30c-287c-4f3e-b70c-5760c6dccb7c.sorted_genome_alignments.bam,193265703,187109785,6155918,0.031852097
UNCID_1147148.91d63f86-9c62-47cb-8b4a-e3bd981ab8b2.sorted_genome_alignments.bam,129848345,122272002,7576343,0.058347629
UNCID_1147171.c71ca9f7-248f-460c-b5d3-afb2c648fef2.sorted_genome_alignments.bam,184019657,177857634,6162023,0.033485678
UNCID_1147172.463d3f12-16bb-456a-8fb1-f200c7996406.sorted_genome_alignments.bam,198897429,192532000,6365429,0.032003576
UNCID_1147182.4c15b588-6017-4f0c-9b66-4f18122acc83.sorted_genome_alignments.bam,162024397,157846828,4177569,0.02578358
UNCID_1147282.7175b3eb-5198-4d7f-b205-91ae8df344b4.sorted_genome_alignments.bam,160248357,153384733,6863624,0.042831166
UNCID_1147285.25068ef3-d87f-45e2-a15f-152b87e9dedb.sorted_genome_alignments.bam,137026941,130403187,6623754,0.048339063
UNCID_1147371.92f53e8e-abd5-4597-a6be-678be549315d.sorted_genome_alignments.bam,208986204,201677003,7309201,0.034974562
UNCID_1147376.f40b4aa3-b474-4c2e-a197-0347e46d3309.sorted_genome_alignments.bam,199760463,192249030,7511433,0.037602201
UNCID_1147384.61017170-a36a-4ce9-9b8e-324755b88dd7.sorted_genome_alignments.bam,154774572,150391879,4382693,0.028316622
UNCID_1147432.e3639f71-cfe7-46c7-8390-73f8043ac6b0.sorted_genome_alignments.bam,184512668,179664239,4848429,0.026276944
UNCID_1147440.fac9101c-a974-4415-9eac-d2d433d02b13.sorted_genome_alignments.bam,111749610,105126617,6622993,0.059266363
UNCID_1147466.986550fb-92db-4e9f-b79a-6c3023dd63a3.sorted_genome_alignments.bam,117977848,100498089,17479759,0.148161365
UNCID_1147471.08d85849-cda7-4709-a934-fdc586418d7f.sorted_genome_alignments.bam,165741435,161281658,4459777,0.026908039
UNCID_1147474.827431d3-e25a-45b6-9b0f-5732501e2a5b.sorted_genome_alignments.bam,143493867,135255410,8238457,0.057413304
UNCID_1147562.9bf836ee-036e-40f2-88fb-cf903a40d9f5.sorted_genome_alignments.bam,138695520,133005274,5690246,0.041026891
UNCID_1147576.718599d7-723a-4121-ac07-51120cde9af1.sorted_genome_alignments.bam,209209535,203079770,6129765,0.029299644
UNCID_1147645.a77173cb-3e81-4957-a76f-18824d5e06dd.sorted_genome_alignments.bam,190789842,185361670,5428172,0.028451053
UNCID_1147722.f7e26041-2b2f-45ea-8da9-5a0d5bf25781.sorted_genome_alignments.bam,142266208,132388514,9877694,0.069431063
UNCID_1147729.5b92fd62-9fec-4b18-b7c3-50c88fa0d464.sorted_genome_alignments.bam,137603731,129368897,8234834,0.059844555
UNCID_1147744.dce3de3e-f851-4859-a208-72e65d36ab3d.sorted_genome_alignments.bam,173012584,168446924,4565660,0.026389179
UNCID_1147822.fef221ff-634b-4188-92cf-5723b9a3c04d.sorted_genome_alignments.bam,143488953,136143128,7345825,0.051194359
UNCID_1147830.1ccf908a-7620-4af8-b83f-0e287f3655c5.sorted_genome_alignments.bam,164933790,152897114,12036676,0.072978836
UNCID_1147861.00ee8acd-0841-4c85-a99a-8966a6828dd7.sorted_genome_alignments.bam,130981353,124582444,6398909,0.048853588
UNCID_1147890.29ac13ea-a350-42e9-a3eb-024c537ead94.sorted_genome_alignments.bam,221553796,211692066,9861730,0.044511672
UNCID_1147909.b62f3825-9634-4252-b841-4c455a007353.sorted_genome_alignments.bam,127208178,119394751,7813427,0.061422364
UNCID_1147914.67b214bc-ac5f-4993-9907-fe0e0398d4ed.sorted_genome_alignments.bam,131336518,125353615,5982903,0.045553994
UNCID_1147939.1a99c4ba-6948-4054-96cd-62164ff4a6f0.sorted_genome_alignments.bam,188738224,182766631,5971593,0.031639553
UNCID_1147966.d17676ea-d64e-49d0-9737-3b852879ce52.sorted_genome_alignments.bam,161343184,154480540,6862644,0.042534453
UNCID_1148010.7abad802-817a-4d95-b022-f21cc4b1d9bc.sorted_genome_alignments.bam,158570224,145776180,12794044,0.080683773
UNCID_1148032.a63583ca-0ef2-4417-b435-5f3a6951d0c2.sorted_genome_alignments.bam,172648768,168200381,4448387,0.02576553
UNCID_1148055.fb0cd718-5300-4447-9740-a63308f65d92.sorted_genome_alignments.bam,143406802,135620508,7786294,0.054295151
UNCID_1148074.783d861d-ba0c-4b0d-9922-06ac23d3fc85.sorted_genome_alignments.bam,200427053,195316221,5110832,0.025499711
UNCID_1148168.7e073ecd-452a-4cba-9dfd-8601f3245721.sorted_genome_alignments.bam,182502922,174309009,8193913,0.044897435
UNCID_1148190.e637db43-508a-4a37-92e4-eea96b35b65b.sorted_genome_alignments.bam,189340720,184512588,4828132,0.025499702
UNCID_1148195.8b615995-6210-4dd5-bf58-cf8a109d7648.sorted_genome_alignments.bam,116648899,110571098,6077801,0.052103372
UNCID_1148222.f71db767-ac59-49c8-b6a9-50bf20767ddc.sorted_genome_alignments.bam,129812893,119489656,10323237,0.079523973
UNCID_1148239.7b53ba9f-506e-4af7-9752-ae50e4445880.sorted_genome_alignments.bam,113746582,98506937,15239645,0.133978927
UNCID_1148240.006e88ce-ad31-45bf-8da5-802f0e387b3a.sorted_genome_alignments.bam,116535955,112133278,4402677,0.037779559
UNCID_1148247.72967b75-a711-425a-819d-dd673c5edc44.sorted_genome_alignments.bam,136210380,129171483,7038897,0.051676656
UNCID_1148272.c3c6bd09-e8ea-45f3-bdd6-e592bfc2b94f.sorted_genome_alignments.bam,175805383,169587857,6217526,0.035365959
UNCID_1148306.b605d803-523b-46e6-b656-7d9888d306cc.sorted_genome_alignments.bam,145763558,140317693,5445865,0.03736095
UNCID_1148319.f77e9ef0-0a62-426b-98d9-6813edeb63a5.sorted_genome_alignments.bam,234748243,226137433,8610810,0.036681041
UNCID_1148378.3ac4a6fe-9d2b-4c95-a74a-525b0328c7ed.sorted_genome_alignments.bam,194582069,189461708,5120361,0.02631466
UNCID_1148415.b31bf328-6ead-4ee4-b8c7-4407372dc683.sorted_genome_alignments.bam,193868833,186629844,7238989,0.037339622
UNCID_1148438.0e704d8f-c0c0-4165-83c4-a1fa93014894.sorted_genome_alignments.bam,180278296,172231169,8047127,0.044637248
UNCID_1148558.de7eef02-1a8d-4a6a-9d87-e2b1430066e3.sorted_genome_alignments.bam,128002634,122243065,5759569,0.044995707
UNCID_1148590.8fb338fe-ffa8-45c2-857b-f713d1935330.sorted_genome_alignments.bam,133789190,94082146,39707044,0.296788134
UNCID_1148619.8ffcb765-094c-4623-b172-ea8400965f00.sorted_genome_alignments.bam,140947426,134880311,6067115,0.043045234
UNCID_1148622.28f9b0d6-8b8f-4dd6-8a7d-73cdd374a825.sorted_genome_alignments.bam,182530364,176401769,6128595,0.033575756
UNCID_1148683.30fad3cd-09a5-4867-9d18-a940041a2b60.sorted_genome_alignments.bam,177119998,172055050,5064948,0.028596139
UNCID_1148714.6ba764ba-f6ae-4977-8b7f-4e9528009eb0.sorted_genome_alignments.bam,119215133,107274118,11941015,0.100163584
UNCID_1148726.3389d4b9-0190-4a69-a647-a6d53e3c96be.sorted_genome_alignments.bam,147869346,141518225,6351121,0.042950897
UNCID_1148748.97b5ef6f-d621-4093-ab77-d60dcf706173.sorted_genome_alignments.bam,183994525,175203693,8790832,0.047777683
UNCID_1148828.0bef9bfc-43d3-4ac9-a60f-9b65623f7e37.sorted_genome_alignments.bam,155049783,148788396,6261387,0.040383075
UNCID_1148831.f091d050-4847-4d4d-b94c-1efacecdef6b.sorted_genome_alignments.bam,168705574,159689224,9016350,0.053444292
UNCID_1148849.755912f4-6725-4b7b-84b1-518c7529a176.sorted_genome_alignments.bam,149200610,141630167,7570443,0.050740027
UNCID_1148903.224cbe13-ebf8-41eb-ab1c-1d6792a66774.sorted_genome_alignments.bam,149966756,144440232,5526524,0.036851661
UNCID_1148929.d73174ef-182c-48b9-af79-dfb457d5b7be.sorted_genome_alignments.bam,157600589,151721334,5879255,0.037304778
UNCID_1148937.7c7b9232-aadf-476f-b9c7-2fdd67efe1e7.sorted_genome_alignments.bam,207798315,199035985,8762330,0.042167474
UNCID_1149033.651d6ca6-8e1c-4c5a-b7f4-1af98b415561.sorted_genome_alignments.bam,155565290,148607735,6957555,0.044724341
UNCID_1149034.5c911cb7-4e7b-4ffd-bd2b-4498ee7b0e88.sorted_genome_alignments.bam,141838588,132722199,9116389,0.064272982
UNCID_1149050.8a19b992-4173-400d-8aec-d156525eedd6.sorted_genome_alignments.bam,182350634,173442256,8908378,0.048853014
UNCID_1149163.d38a839f-06dc-40d2-81e9-3b7822e258c7.sorted_genome_alignments.bam,164646630,152943664,11702966,0.071079293
UNCID_1149168.2448118f-9664-4b9e-b67f-c019cf5b8d35.sorted_genome_alignments.bam,137295267,132436074,4859193,0.035392283
UNCID_1149185.09787ddc-336f-4a53-a687-339d90457085.sorted_genome_alignments.bam,117924805,111281167,6643638,0.056337918
UNCID_1149318.38e26122-c473-41c1-afb0-cd3b9096e9f4.sorted_genome_alignments.bam,203942416,196764324,7178092,0.035196661
UNCID_1149423.34980e1d-956b-4d89-8bf2-dcc008dbaad7.sorted_genome_alignments.bam,164567624,158642378,5925246,0.036004931
UNCID_1149436.6f5986b6-28b9-4213-97a9-899190ea36dd.sorted_genome_alignments.bam,176036582,168356305,7680277,0.043628869
UNCID_1149453.ae592879-5689-4818-8ac3-23a00c5d3934.sorted_genome_alignments.bam,179252533,168326390,10926143,0.060953911
UNCID_1149729.e3b4918d-43c1-4dde-9a92-f9c5cd6e63a0.sorted_genome_alignments.bam,190064107,179752891,10311216,0.054251253
UNCID_1149741.6022db68-1e06-4974-b657-cd65aed560c4.sorted_genome_alignments.bam,142809863,135475246,7334617,0.051359317
UNCID_1149865.05aa0960-505b-4b04-be9f-7b54940f5b27.sorted_genome_alignments.bam,134441049,128094733,6346316,0.047205195
UNCID_1150001.6d2744ba-4817-482b-ad46-2e4e0897ad88.sorted_genome_alignments.bam,164079925,155833920,8246005,0.050256026
UNCID_1150111.c643222a-e138-4b3c-a96d-02be24ccb0d0.sorted_genome_alignments.bam,151269614,144262511,7007103,0.046321947
UNCID_1150410.0f578102-ede7-46ad-ae1f-3c7351edb491.sorted_genome_alignments.bam,151259759,144240272,7019487,0.046406837
UNCID_1150552.653e3eb4-ebdb-42d2-9479-a1ea8a43bdc5.sorted_genome_alignments.bam,119586487,115858642,3727845,0.031172795
UNCID_1150585.9fc55d1c-ecb6-4406-bf25-34f59a0dcfec.sorted_genome_alignments.bam,191428961,181282869,10146092,0.053001865
UNCID_1150725.a998e0ce-9248-460f-aabc-2dad452a1ff9.sorted_genome_alignments.bam,167116783,160318980,6797803,0.040676962
UNCID_1150759.dc2ddb88-79d7-44b2-a770-a5f7dde21e3c.sorted_genome_alignments.bam,144800422,138006630,6793792,0.046918316
UNCID_1150779.f8ac9655-03ed-4e14-a4d3-88f63ef6bf7c.sorted_genome_alignments.bam,125992620,118740948,7251672,0.057556324
UNCID_1150892.8522865b-457c-4199-a870-bf8353f2b0a5.sorted_genome_alignments.bam,108636732,104548442,4088290,0.037632667
UNCID_1150963.ad46ed65-3cc2-4956-9d90-3e1edca24417.sorted_genome_alignments.bam,147380893,140993616,6387277,0.043338569
UNCID_1150981.c417152a-d278-4aeb-951e-a7b6ae5654c1.sorted_genome_alignments.bam,143287177,135575183,7711994,0.053821941
UNCID_1151002.53a89c04-16e5-4cc3-838c-6b6d1b8ea0c0.sorted_genome_alignments.bam,131164238,126873810,4290428,0.032710349
UNCID_1151023.f33b0a48-706b-4fd8-b8b3-0a9f625bd0c0.sorted_genome_alignments.bam,128777842,123666530,5111312,0.039690928
UNCID_1151216.7953e62d-4871-4928-a2ba-a38c740134e1.sorted_genome_alignments.bam,147919612,136844309,11075303,0.074873797
UNCID_1151342.9c5eb452-caec-4a9a-9ced-215be92c91d2.sorted_genome_alignments.bam,127966419,123570808,4395611,0.034349723
UNCID_1151346.229ebbe9-4dc8-434f-998c-fc0660cd2b00.sorted_genome_alignments.bam,142718524,136440477,6278047,0.043989013
UNCID_1151355.f4fcb7e1-20b8-4b66-86a2-1be81b06785e.sorted_genome_alignments.bam,185557181,177026658,8530523,0.045972476
UNCID_1151389.752efa27-8d87-4007-9dc5-baef53b37a87.sorted_genome_alignments.bam,134948547,130655385,4293162,0.031813325
UNCID_1151487.b5eeba4f-8e46-4084-9054-961ea524cf72.sorted_genome_alignments.bam,161775816,149257686,12518130,0.077379489
UNCID_1151488.6dc89d5b-7613-4a0f-bbdc-ba13f51d12cc.sorted_genome_alignments.bam,139356828,134404323,4952505,0.035538302
UNCID_1151489.d6b8993f-e850-47a9-842d-ef6173866780.sorted_genome_alignments.bam,128341126,116068975,12272151,0.095621344
UNCID_1151492.920e47c0-1b19-46e6-b1db-b5fd95e44df0.sorted_genome_alignments.bam,158043086,148129460,9913626,0.062727363
UNCID_1151507.7b1992b8-781d-49cc-a600-4bee56bcf1b5.sorted_genome_alignments.bam,126458023,122793116,3664907,0.028981214
UNCID_1151539.e8ef8b75-7c0c-4a42-9a10-3789b6afa5d2.sorted_genome_alignments.bam,167342729,160996770,6345959,0.037921928
UNCID_1151571.491c6c41-d1c5-4be7-bb7c-9df7275aa388.sorted_genome_alignments.bam,149926275,143293271,6633004,0.044241771
UNCID_1151604.f2563687-e055-41a8-8436-614fbad762d4.sorted_genome_alignments.bam,150998654,144512050,6486604,0.042958025
UNCID_1151622.03403807-a06f-4d79-ac2d-2d494d4fabee.sorted_genome_alignments.bam,166055779,160271555,5784224,0.034833018
UNCID_1151787.3850a348-8e53-497d-8e06-680672b19557.sorted_genome_alignments.bam,183404074,176439959,6964115,0.03797143
UNCID_1151794.3d0d24de-c3b4-4396-bfb1-2c8c2788cf0c.sorted_genome_alignments.bam,161641553,155913977,5727576,0.03543381
UNCID_1151860.2ad8d416-08a4-4e6f-947e-d74269d02ab1.sorted_genome_alignments.bam,150760186,143899248,6860938,0.045508952
UNCID_1151896.01370d42-f75c-4532-9b9c-24ff7302b033.sorted_genome_alignments.bam,144051393,138441188,5610205,0.038945857
UNCID_1152006.54d372bf-07c8-4525-a081-ff26c28aff39.sorted_genome_alignments.bam,177581650,168474572,9107078,0.051283891
UNCID_1152085.9d8f2b85-f203-47ac-8217-987640f89b26.sorted_genome_alignments.bam,177263293,170427606,6835687,0.038562338
UNCID_1152096.14f20743-35f3-4e68-a2e5-e03edfe31a97.sorted_genome_alignments.bam,135994356,131355423,4638933,0.034111217
UNCID_1152204.8d30a0ab-a41f-40ef-bd59-f738f4b39941.sorted_genome_alignments.bam,157782240,150161218,7621022,0.048300886
UNCID_1152205.6fcf4a82-7687-4a9b-bae9-9dabff66aca8.sorted_genome_alignments.bam,183106887,176629790,6477097,0.035373312
UNCID_1152332.76cbecbe-22ef-479a-9306-2f09e1d87757.sorted_genome_alignments.bam,149544786,144762545,4782241,0.031978654
UNCID_1152361.cdeceaf0-beb6-4374-8aea-83bd35318892.sorted_genome_alignments.bam,175546371,165348255,10198116,0.058093573
UNCID_1152524.43bbd0f7-87d7-472f-ad3e-e016df3d5d89.sorted_genome_alignments.bam,188810255,182014914,6795341,0.035990317
UNCID_1152577.1766e42e-f8cf-447d-a694-3999a1fec43a.sorted_genome_alignments.bam,195923020,187571851,8351169,0.042624746
UNCID_1152976.efb01993-cfe4-4f01-b628-ee34fceb4a5e.sorted_genome_alignments.bam,184901364,175649965,9251399,0.050034239
UNCID_1152980.17fdb26d-d808-4b0d-a794-6b664dae8b2b.sorted_genome_alignments.bam,163267058,155655525,7611533,0.046620139
UNCID_1153033.600db536-d7c5-4cfa-bb80-fcc269b96b8c.sorted_genome_alignments.bam,164169924,157500014,6669910,0.040628087
UNCID_1153060.9c8e0865-894b-4a0b-83e4-c3e7a40e871b.sorted_genome_alignments.bam,196880378,187861325,9019053,0.045809811
UNCID_1153116.a083b072-7c1e-4ed6-90cf-1e49d21df4cb.sorted_genome_alignments.bam,166957365,158288816,8668549,0.051920734
UNCID_1153348.d9d0e575-bca2-45e6-9df3-fb6fee59ccd9.sorted_genome_alignments.bam,145402344,134695285,10707059,0.073637458
UNCID_1153396.0b3c65ed-ff55-45c9-b6a3-dd3a596a0271.sorted_genome_alignments.bam,178128944,168854260,9274684,0.052067249
UNCID_1153597.0042b857-502f-4d8e-baac-845c1a9bb64b.sorted_genome_alignments.bam,161392666,154763016,6629650,0.041077765
UNCID_1153689.24c0ef45-670d-4595-b623-87f81aeb92a7.sorted_genome_alignments.bam,195260533,186421479,8839054,0.045268001
UNCID_1154367.df95b9f5-437f-438d-89b4-7c556e79b616.sorted_genome_alignments.bam,171083204,163778430,7304774,0.042697201
UNCID_1154431.bf23a402-18ab-47b7-8bca-a9b01eeaf605.sorted_genome_alignments.bam,180322630,172093164,8229466,0.045637455
UNCID_1154491.70633069-e9df-4fce-84df-6849f4b2693c.sorted_genome_alignments.bam,141414077,135259694,6154383,0.0435203
UNCID_1154560.67e019fc-65c4-4274-a0f7-5a92f0f87bba.sorted_genome_alignments.bam,182673913,169750209,12923704,0.070747398
UNCID_1154590.9bb258a4-dd26-4c43-bd29-04b68ea3c7ca.sorted_genome_alignments.bam,173748728,167818994,5929734,0.034128215
UNCID_1154631.a5405b3a-e351-4e9e-b3fa-07c33e3318d3.sorted_genome_alignments.bam,116481012,108706005,7775007,0.066749137
UNCID_1154796.6050d8b9-2d10-4a03-ae57-979cba25bb70.sorted_genome_alignments.bam,186304858,177497766,8807092,0.047272476
UNCID_1154804.3ea9e7f1-39af-4089-b1c0-3c62db4e3102.sorted_genome_alignments.bam,110373618,103467123,6906495,0.062573785
UNCID_1154856.a2bec98a-d946-40d2-b4d9-6495d815de9a.sorted_genome_alignments.bam,184123867,177179122,6944745,0.037717788
UNCID_1155076.7347a336-6248-47be-817b-88543164d564.sorted_genome_alignments.bam,195551123,182197486,13353637,0.068287192
UNCID_1155086.edda9023-a8d9-45dc-af21-5bba663967e4.sorted_genome_alignments.bam,209939364,201459139,8480225,0.040393687
UNCID_1155165.15acd388-f958-4f43-bc38-39bab4cb830e.sorted_genome_alignments.bam,165128463,156132544,8995919,0.054478306
UNCID_1155185.dad4f72e-cb2c-4015-af6a-53ad0ae45f12.sorted_genome_alignments.bam,171700910,159713665,11987245,0.069814685
UNCID_1155333.523e45c2-4f98-4010-b48e-bdbda62865cf.sorted_genome_alignments.bam,153306994,122852403,30454591,0.198651022
UNCID_1155418.0b225e38-d4c8-4cb5-a668-316894ab858f.sorted_genome_alignments.bam,137435851,125693818,11742033,0.085436463
UNCID_1155522.95b5d7ca-4078-4af9-ac6b-4ed1c3cd9c60.sorted_genome_alignments.bam,196388251,184005092,12383159,0.06305448
UNCID_1155532.0c74bde4-0411-4cfd-9c60-d8eaf8a09629.sorted_genome_alignments.bam,170476505,158520915,11955590,0.070130426
UNCID_1155594.7391b882-0be5-45b0-aa01-43c3381a476d.sorted_genome_alignments.bam,193431162,185869405,7561757,0.039092755
UNCID_1155605.0307bd0b-b59a-4996-b89d-612e72652890.sorted_genome_alignments.bam,123591190,66406155,57185035,0.462695076
UNCID_1155622.1edf44b5-61ba-47cd-81ed-b586ae81cb32.sorted_genome_alignments.bam,192921170,178751937,14169233,0.073445714
UNCID_1155625.62dd11c2-2271-45e7-b753-d0f0d79fdf23.sorted_genome_alignments.bam,121459376,114829049,6630327,0.054588845
UNCID_1155732.7dbd8795-b264-4f68-bdea-4cfe39884864.sorted_genome_alignments.bam,195643462,182830330,12813132,0.065492258
UNCID_1155745.83fe3d7b-6905-49ea-bbc8-ea9c468004f6.sorted_genome_alignments.bam,214956034,206043027,8913007,0.041464326
UNCID_1155768.147d6ebb-7359-449a-9e6a-6c8443ebaa2e.sorted_genome_alignments.bam,189521505,182461589,7059916,0.037251266
UNCID_1155791.3c38c1fe-9f57-4523-9654-c4bc6b02e84f.sorted_genome_alignments.bam,200014518,193027929,6986589,0.034930409
UNCID_1155827.416041ff-f179-4c72-a281-f39d32c595c1.sorted_genome_alignments.bam,215171937,206126312,9045625,0.042039055
UNCID_1155841.9b54f75f-80eb-441d-83ca-5ae1d00bdfa9.sorted_genome_alignments.bam,154722978,130112946,24610032,0.159058676
UNCID_1155848.5285c747-0cb2-4f6a-83d8-40e45f8e4f6e.sorted_genome_alignments.bam,219738670,212384730,7353940,0.033466754
UNCID_1155915.0a9215ea-d5d2-41ad-a00d-bd7722f41229.sorted_genome_alignments.bam,200265839,190101790,10164049,0.050752785
UNCID_1155975.80817359-b0f0-4bea-ada4-b48bea37f5d2.sorted_genome_alignments.bam,149734694,136856056,12878638,0.086009713
UNCID_1156015.2fd81438-46a2-42f5-910e-728faea3872a.sorted_genome_alignments.bam,152015871,133049802,18966069,0.124763743
UNCID_1156016.877adc79-0651-4140-bb6a-876162733bf3.sorted_genome_alignments.bam,148313924,85401224,62912700,0.424186066
UNCID_1156083.48bf0fa5-66c2-495d-93ef-943bc7ff31ac.sorted_genome_alignments.bam,199760440,191413679,8346761,0.041783854
UNCID_1156152.a1460e9a-c4aa-4e07-abf4-fdb5f42f5eeb.sorted_genome_alignments.bam,152487521,116152808,36334713,0.238279911
UNCID_1156233.f97f68be-6838-455c-91bf-7549543a82c3.sorted_genome_alignments.bam,164727842,146436682,18291160,0.111038667
UNCID_1156258.84ea9827-9ad4-4e2f-be02-c88a9d4c4051.sorted_genome_alignments.bam,161279227,153790729,7488498,0.046431882
UNCID_1156268.0c9fe532-3920-4a59-b348-65b184c0eff4.sorted_genome_alignments.bam,111953646,76316084,35637562,0.318324264
UNCID_1156459.7c8b9d9a-653a-4dc7-8c53-b196fbd0482a.sorted_genome_alignments.bam,167972520,160728896,7243624,0.043123863
UNCID_1156477.6330ab59-db9d-4b22-a96b-1024c9b4908d.sorted_genome_alignments.bam,219430451,209577238,9853213,0.044903581
UNCID_1156484.354adce5-6ca4-4d6d-a519-4eabc01c6b36.sorted_genome_alignments.bam,161800819,125635204,36165615,0.223519357
UNCID_1156658.d5e600a3-d273-4879-ac33-1a72a02073e5.sorted_genome_alignments.bam,145889838,139917728,5972110,0.04093575
UNCID_1156738.ed6ebb15-1401-49e0-be9a-e1391e84b374.sorted_genome_alignments.bam,180645851,168947864,11697987,0.064756467
UNCID_1156899.1873a785-0f15-40ef-a7c9-1799ab482338.sorted_genome_alignments.bam,222967813,212674666,10293147,0.046164273
UNCID_1156930.4977200c-765d-475f-8df4-bf8d9a3b0aa9.sorted_genome_alignments.bam,215090529,207236158,7854371,0.036516582
UNCID_1156987.9560e482-cb14-4456-b9a6-d2ac12f96a4f.sorted_genome_alignments.bam,199114132,189444452,9669680,0.048563504
UNCID_1157023.f8dbf3ce-7c30-4e62-a25f-d98843794672.sorted_genome_alignments.bam,157155607,128592099,28563508,0.181753032
UNCID_1157033.0e6447b4-6e63-4420-bfa8-5b1d711d90fc.sorted_genome_alignments.bam,165431451,157168300,8263151,0.049949093
UNCID_1157052.95bcf18b-40bf-4a20-82bf-727c7bb2a8c2.sorted_genome_alignments.bam,181572785,173937651,7635134,0.042049991
UNCID_1157065.bae23acf-5981-4071-a7e1-6363ab128561.sorted_genome_alignments.bam,180925525,169041471,11884054,0.065684784
UNCID_1157140.98b2b18a-004d-459c-8aba-499d06897910.sorted_genome_alignments.bam,189216627,180087813,9128814,0.048245306
UNCID_1157445.00bf750b-2ce6-4d91-8b8a-3db59e4f6c24.sorted_genome_alignments.bam,125993884,118247848,7746036,0.06147946
UNCID_1157461.619ffb2b-a591-4f3b-aa48-b0c44f4ee36a.sorted_genome_alignments.bam,289451588,273728342,15723246,0.054320814
UNCID_1157522.20eb1da4-ef70-49dd-956f-18d65725ba27.sorted_genome_alignments.bam,182214166,175392447,6821719,0.037437918
UNCID_1157708.bfa78a45-16bf-410a-816d-bd369ded91e5.sorted_genome_alignments.bam,214373739,205576101,8797638,0.041038786
UNCID_1157989.a4ae2bc2-bc93-4f5c-aef7-730eb0e2ba0c.sorted_genome_alignments.bam,220498675,211313174,9185501,0.041657851
UNCID_1158098.19d713e8-e754-44a4-9b23-0ef70f5d6b44.sorted_genome_alignments.bam,226120450,211318355,14802095,0.065461107
UNCID_1158110.ed40061b-ad15-4f91-94ae-ae276394f42d.sorted_genome_alignments.bam,197763834,189869226,7894608,0.039919372
UNCID_1158189.5610fa97-eac4-4306-aead-983ee6570baf.sorted_genome_alignments.bam,210376619,201218962,9157657,0.043529823
UNCID_1158400.052b565f-1955-4c4e-8b1f-dd48743ba944.sorted_genome_alignments.bam,204245597,195824590,8421007,0.041229809
UNCID_1158566.e3008c10-aa31-40ef-ad50-77fd8ec7a1a9.sorted_genome_alignments.bam,213475531,204203049,9272482,0.043435807
UNCID_1158830.3a1d8959-f829-4b8a-a65f-70a51845f118.sorted_genome_alignments.bam,197794717,187697748,10096969,0.051047718
UNCID_1159116.61fb0e49-a3e7-4425-bb88-8e7d70fe76d8.sorted_genome_alignments.bam,131398701,122144239,9254462,0.070430392
UNCID_1159130.bd545b26-2f5e-4e5e-bda6-769900270267.sorted_genome_alignments.bam,129710651,124238346,5472305,0.042188556
UNCID_1159164.77634712-9931-46c9-b434-851f8dde2132.sorted_genome_alignments.bam,123327634,117460895,5866739,0.047570352
UNCID_1159214.d1810175-47a5-4409-b1b8-f5ba78ed1c30.sorted_genome_alignments.bam,237659624,227501394,10158230,0.042742767
UNCID_1159658.c4f3e6e5-6b8b-4ecd-9fd7-99797d9a100b.sorted_genome_alignments.bam,149234855,145198031,4036824,0.027050142
UNCID_1159756.897b769d-f66a-4baf-b5fa-fe92ed49a8b4.sorted_genome_alignments.bam,94973926,88756017,6217909,0.065469643
UNCID_1159829.d4d04af8-9c60-4d14-90a2-c2b211e20092.sorted_genome_alignments.bam,114681952,107740747,6941205,0.060525696
UNCID_1160208.0507f62d-e776-4efb-bd51-dba9d74090bd.sorted_genome_alignments.bam,89542777,84445231,5097546,0.056928612
UNCID_1160213.3d3d2beb-8c6f-45d0-bde3-12a68dbd5317.sorted_genome_alignments.bam,110012007,100324090,9687917,0.08806236
UNCID_1160247.8cf1853a-55b2-4fb9-9a65-a46243304d54.sorted_genome_alignments.bam,236532857,225372208,11160649,0.04718435
UNCID_1160510.b36b5a17-972f-442a-84a0-469099a619ec.sorted_genome_alignments.bam,94378210,89030036,5348174,0.056667466
UNCID_1160657.7265c93b-7138-4bc8-bc9c-22ce1abf0ef2.sorted_genome_alignments.bam,176488370,169063457,7424913,0.042070268
UNCID_1160658.3bdcdadf-67da-4a50-b311-81196c0c8362.sorted_genome_alignments.bam,99766769,93807231,5959538,0.0597347
UNCID_1161077.87bdfb78-8690-4569-ba85-592cd2390c24.sorted_genome_alignments.bam,113622617,108531876,5090741,0.044803941
UNCID_1161138.6130b450-8b88-4a9a-b462-a34ec94183c9.sorted_genome_alignments.bam,222532253,213397532,9134721,0.041048975
UNCID_1161272.acd59617-770c-4653-891f-71ea87d67c41.sorted_genome_alignments.bam,224926487,215369974,9556513,0.042487273
UNCID_1161356.3fc1c7a8-e5ad-4a4e-89ab-ddf12aa11a3b.sorted_genome_alignments.bam,168805335,161476196,7329139,0.043417698
UNCID_1161887.2a4747b5-1eeb-45b1-9e92-0e0e3d7a9c1b.sorted_genome_alignments.bam,251700191,240317865,11382326,0.045221761
UNCID_1162351.45f011a1-cc58-47f8-9545-66c313441650.sorted_genome_alignments.bam,177850012,171222505,6627507,0.037264586
UNCID_1162502.60534f8f-970a-4308-9844-a3a41dd6c187.sorted_genome_alignments.bam,188792080,181196604,7595476,0.040231963
UNCID_1162570.f5b16ba5-0fd1-4ca4-865f-fdff0af65901.sorted_genome_alignments.bam,248455553,237949553,10506000,0.042285229
UNCID_1163205.04931dc2-f51b-4d87-97e9-af5af0132e23.sorted_genome_alignments.bam,234044972,224463766,9581206,0.040937457
UNCID_1163277.517d2fa2-c95a-454d-b53e-5f4806a4eef3.sorted_genome_alignments.bam,182177643,175043638,7134005,0.039159608
UNCID_1163974.42a7e579-365d-4393-8b98-e4516863299e.sorted_genome_alignments.bam,110841870,104446895,6394975,0.057694579
UNCID_1164566.da13db3f-cde6-4e25-9596-009147aa3fa9.sorted_genome_alignments.bam,177355248,169172721,8182527,0.046136368
UNCID_1164597.a2f3fd7f-9a5d-44aa-8810-4978abad6e12.sorted_genome_alignments.bam,162350348,154534498,7815850,0.048141874
UNCID_1164746.dce9e705-2d4f-4786-ad68-fb47615c7f3f.sorted_genome_alignments.bam,197887832,188747325,9140507,0.046190344
UNCID_1164844.b956a823-b7d5-4a9e-a9d1-c66f0faf544a.sorted_genome_alignments.bam,206841546,197024395,9817151,0.047462182
UNCID_1164870.81769714-1765-4b76-8a3a-18f79e314852.sorted_genome_alignments.bam,205015396,197382530,7632866,0.037230697
UNCID_1164877.86373f83-264a-4875-8672-749ea434422f.sorted_genome_alignments.bam,214923531,206372523,8551008,0.039786281
UNCID_1164925.502939cc-3381-4bc2-9ae6-332846cf836b.sorted_genome_alignments.bam,195481063,186395380,9085683,0.046478584
UNCID_1164948.be4dfdf4-4e70-4117-9037-a6cf3e0faa0d.sorted_genome_alignments.bam,193909191,185316223,8592968,0.044314393
UNCID_1164976.2f315234-dee1-4f36-b7dc-72280c219a1c.sorted_genome_alignments.bam,195817908,186588580,9229328,0.047132196
UNCID_1165062.000d877f-8d03-44bc-8607-27b5ba84b5fe.sorted_genome_alignments.bam,211076937,203208394,7868543,0.03727808
UNCID_1165079.db590018-1ad5-4c46-8408-3e4f5466699a.sorted_genome_alignments.bam,169824663,163453458,6371205,0.037516371
UNCID_1165139.2513da31-4ee0-49cd-85de-d2bc8e71e2e5.sorted_genome_alignments.bam,217582965,206479569,11103396,0.051030631
UNCID_1165209.8d0d1eea-9e60-4507-8cfa-1fac66edc8a4.sorted_genome_alignments.bam,240768516,231801199,8967317,0.037244558
UNCID_1165216.5903d969-2fd6-4952-b475-a79e6c241efd.sorted_genome_alignments.bam,207306482,197917738,9388744,0.045289197
UNCID_1165244.a1a4ed45-edca-4f57-a885-9fb5626dad40.sorted_genome_alignments.bam,211097181,204599176,6498005,0.030782055
UNCID_1165258.eaacfa7a-fa77-42e6-b9ff-fb529bdd6e16.sorted_genome_alignments.bam,224465756,216605469,7860287,0.035017756
UNCID_1165270.b8499b28-1746-4ffd-a183-a765e6d290e3.sorted_genome_alignments.bam,210327302,202542002,7785300,0.037015166
UNCID_1165293.b644b4e8-eb89-4d9f-b76b-74fd5ee79d54.sorted_genome_alignments.bam,184368797,174721812,9646985,0.052324391
UNCID_1165299.aaddb80d-7710-4aab-8efc-e84da79f9c68.sorted_genome_alignments.bam,219046230,209249191,9797039,0.044725896
UNCID_1165351.00168e86-d23a-48ae-8c60-36d970051907.sorted_genome_alignments.bam,234712328,226352945,8359383,0.035615441
UNCID_1165413.92f96e71-9922-424c-a13b-9aba472cec1c.sorted_genome_alignments.bam,142184030,133346702,8837328,0.062154153
UNCID_1165420.7e2a8676-10a4-4abf-b153-2255e06bcb40.sorted_genome_alignments.bam,225726352,217791092,7935260,0.035154336
UNCID_1165457.47c277b0-8482-4445-bb57-b2acd9e96616.sorted_genome_alignments.bam,215742227,205096027,10646200,0.049346853
UNCID_1165512.90454b3b-f077-490e-bbe8-1456acbb8966.sorted_genome_alignments.bam,185698594,176682127,9016467,0.048554309
UNCID_1165662.06760907-c6ec-4b72-bfd4-87811823b8ba.sorted_genome_alignments.bam,285414232,274621462,10792770,0.037814407
UNCID_1165739.9605e374-b70d-4100-ae29-de0b697d0e51.sorted_genome_alignments.bam,114216081,111100683,3115398,0.027276352
UNCID_1165977.3c84e357-f1f5-4a6f-8f72-7c0faa082230.sorted_genome_alignments.bam,101665986,97621527,4044459,0.03978183
UNCID_1165994.0ae47677-7ad1-4b68-8c3d-2b799691fa59.sorted_genome_alignments.bam,165663185,157605573,8057612,0.048638519
UNCID_1166113.efd815de-dce1-44ea-81f5-2febfea79b95.sorted_genome_alignments.bam,176509921,167328781,9181140,0.052014867
UNCID_1166114.8cc55a92-1d4d-4283-be67-ca67eed7e51b.sorted_genome_alignments.bam,99008788,95018787,3990001,0.040299463
UNCID_1166218.cfefac12-056c-4aa5-8239-409a7484d121.sorted_genome_alignments.bam,125036272,120735788,4300484,0.034393892
UNCID_1166513.14861126-c113-48e2-af64-41d946dc09ec.sorted_genome_alignments.bam,195390203,186131674,9258529,0.047384817
UNCID_1166569.c6cc7496-98d2-4181-8517-fbd875fd5623.sorted_genome_alignments.bam,101763952,97531726,4232226,0.041588656
UNCID_1166606.69e0026c-c87c-4987-8e46-f94d21f6bfb6.sorted_genome_alignments.bam,113190846,107842917,5347929,0.04724701
UNCID_1166654.2877059f-b560-413b-b8be-40d9fde8fbcf.sorted_genome_alignments.bam,177911381,161544328,16367053,0.091995537
UNCID_1166667.07ac0536-240f-46be-9909-a8af1a22e2b8.sorted_genome_alignments.bam,113124578,108141158,4983420,0.044052496
UNCID_1166712.39f6a4d4-650f-4caf-a778-4a24af4f11ba.sorted_genome_alignments.bam,134339561,127752014,6587547,0.049036538
UNCID_1166749.cdada0b1-f90d-40bc-9257-6377987b7baa.sorted_genome_alignments.bam,128344784,123349010,4995774,0.038924636
UNCID_1166750.45fe02d2-5d68-43c4-9cea-7da6e16a55a2.sorted_genome_alignments.bam,123018091,117245844,5772247,0.046921936
UNCID_1166758.21f22460-fac7-4dbc-8ab2-75738331cb5c.sorted_genome_alignments.bam,141693954,130543704,11150250,0.07869249
UNCID_1166767.cb3f974e-6bce-4757-a350-aef8e7925086.sorted_genome_alignments.bam,133793097,126166117,7626980,0.057005781
UNCID_1166774.e24bfd9d-87b2-44a7-bddc-7b7f60461252.sorted_genome_alignments.bam,118019523,112686085,5333438,0.04519115
UNCID_1166781.5a269a43-59a4-4718-878e-1086a07b13ee.sorted_genome_alignments.bam,124552674,119574993,4977681,0.039964465
UNCID_1166809.4317b197-dc43-44f2-8854-557832570098.sorted_genome_alignments.bam,138807984,131847427,6960557,0.050145221
UNCID_1166834.4a6f7935-86f8-4c08-9d0e-9fe77878f2ce.sorted_genome_alignments.bam,119352124,114795665,4556459,0.038176606
UNCID_1166838.0eb9c5a5-1e4e-4808-882e-858b4d0ed396.sorted_genome_alignments.bam,128232540,122441135,5791405,0.045163303
UNCID_1166853.83d9c730-9a1e-42b6-a1dd-6a57d0e24f2c.sorted_genome_alignments.bam,117930205,112667856,5262349,0.044622571
UNCID_1166951.5cc82d2c-f960-40c3-9b37-59e087563dc1.sorted_genome_alignments.bam,146561149,136899519,9661630,0.065922177
UNCID_1166952.28089e15-5e2c-4e83-ba6c-62b3cb40e431.sorted_genome_alignments.bam,139019954,133379180,5640774,0.040575283
UNCID_1166966.d9c8ecc3-0e92-49e9-99e4-9976785c73a6.sorted_genome_alignments.bam,139073520,128647663,10425857,0.074966514
UNCID_1166970.3f3bdfbb-3490-42e4-9511-9df4b8a126a3.sorted_genome_alignments.bam,127545605,120303445,7242160,0.056780945
UNCID_1166981.7002615e-435b-4631-bb5b-e4b7532a143a.sorted_genome_alignments.bam,238455343,225643881,12811462,0.053726882
UNCID_1166984.62de6863-5d60-473c-8e13-e300b0640ed7.sorted_genome_alignments.bam,140776782,135852555,4924227,0.034978971
UNCID_1166987.61e357f3-e4e1-49b8-9e37-7e0ef5a29e23.sorted_genome_alignments.bam,152562120,143571886,8990234,0.05892835
UNCID_1167012.874de789-c1c4-4fd3-b45c-e885f62aaeab.sorted_genome_alignments.bam,116248983,111270223,4978760,0.042828418
UNCID_1167082.1b831e2d-c265-4eac-aee0-248493a14218.sorted_genome_alignments.bam,112741398,108449161,4292237,0.038071525
UNCID_1167087.27706c21-96cb-48e9-88ec-1c52769bfe45.sorted_genome_alignments.bam,133856318,128020040,5836278,0.043601065
UNCID_1167104.c870e04b-c3b7-495c-8465-7ef2a00fadc7.sorted_genome_alignments.bam,120836375,114957086,5879289,0.04865496
UNCID_1167114.bc387ac9-46c2-49b5-9dbb-2d2b5ea2d437.sorted_genome_alignments.bam,164452329,156498369,7953960,0.048366357
UNCID_1167153.b6302c6b-2bab-40b1-b835-7f285719fff5.sorted_genome_alignments.bam,127566843,120998630,6568213,0.051488403
UNCID_1167162.11353ea3-2ff0-4658-b528-6aa922dbb665.sorted_genome_alignments.bam,136572161,130491770,6080391,0.044521453
UNCID_1167194.fc5bb351-c5f7-4d8c-850c-13e69e13e04d.sorted_genome_alignments.bam,141376864,134152483,7224381,0.051100164
UNCID_1167195.f6e8424b-338c-4f9a-bdc7-f7d8de0c5634.sorted_genome_alignments.bam,157517652,150666200,6851452,0.043496408
UNCID_1167228.8801f107-f5d5-4ad5-877d-a5acb12596b3.sorted_genome_alignments.bam,159129531,150574220,8555311,0.053763189
UNCID_1167270.7b33b321-fe4b-4296-91bc-53bac35828e5.sorted_genome_alignments.bam,166365318,160120604,6244714,0.037536153
UNCID_1167280.52033f64-1e6f-4657-a4fb-7cfeffc61951.sorted_genome_alignments.bam,150504835,144103792,6401043,0.042530481
UNCID_1167360.69971d5c-5be4-4886-bf7c-753de9593a1e.sorted_genome_alignments.bam,162831057,154313421,8517636,0.052309652
UNCID_1167393.a2405d64-34eb-4915-abf7-8530151d5cb0.sorted_genome_alignments.bam,139648987,133721884,5927103,0.042442864
UNCID_1167396.4a8c96d9-b08d-4812-93ec-c8c9db8139aa.sorted_genome_alignments.bam,163527221,155158572,8368649,0.051175877
UNCID_1167399.6136a15e-6c8f-44bc-85c2-c7cbf675cab0.sorted_genome_alignments.bam,154651936,146599114,8052822,0.052070619
UNCID_1167421.330bf4ac-9ed5-4bd1-93d0-f89b4f52bc19.sorted_genome_alignments.bam,160171013,148553674,11617339,0.072530846
UNCID_1167433.6ff2976a-2570-409b-afde-b7d2e7f2e4ea.sorted_genome_alignments.bam,169655182,159641615,10013567,0.059023054
UNCID_1167436.74cba80b-7677-41d6-ab22-10f1a962ba2f.sorted_genome_alignments.bam,171573439,159592916,11980523,0.069827376
UNCID_1167437.b1ecc303-eb55-436f-9629-cdac63bde297.sorted_genome_alignments.bam,152482233,147093390,5388843,0.035340793
UNCID_1167446.faa3383f-6f9f-43d8-b61d-4a1522a71444.sorted_genome_alignments.bam,162961422,155024872,7936550,0.048702017
UNCID_1167455.5fa9e133-700e-4819-a1d3-4aebf78e5115.sorted_genome_alignments.bam,177639043,170923878,6715165,0.037802303
UNCID_1167492.c539f561-93db-41f3-8d9f-71cd77a096a7.sorted_genome_alignments.bam,166991149,155748238,11242911,0.067326389
UNCID_1167512.50674dde-30c1-4530-a164-381d5326e29c.sorted_genome_alignments.bam,174537534,163900437,10637097,0.060944467
UNCID_1167525.e11a1fd3-d409-4e09-a8ab-5d0afb455263.sorted_genome_alignments.bam,147771654,139584077,8187577,0.055406952
UNCID_1167533.92802474-4e5b-46c9-a000-a4451ad43582.sorted_genome_alignments.bam,154096943,147840634,6256309,0.040599826
UNCID_1167546.c2db17b1-c288-4f73-8e22-22929d846678.sorted_genome_alignments.bam,120204291,112355549,7848742,0.065295023
UNCID_1167608.32336250-dc07-4e96-9a6c-3c7094fd5342.sorted_genome_alignments.bam,136505256,128970375,7534881,0.055198468
UNCID_1167674.01163f75-8956-40a6-97a5-3c0478d904f8.sorted_genome_alignments.bam,163025789,148970685,14055104,0.086213992
UNCID_1167695.4a21d42c-b231-4ffc-8c15-4bd73bf610b4.sorted_genome_alignments.bam,182095104,173200669,8894435,0.048844998
UNCID_1167735.5275bc42-18a3-43d1-9dee-dfb80c39ba20.sorted_genome_alignments.bam,168299572,150237036,18062536,0.107323719
UNCID_1167740.fe538d53-c7ce-455f-afe6-cb4fc3a63dbd.sorted_genome_alignments.bam,149007565,138576725,10430840,0.070002083
UNCID_1167776.4c1d73ba-31f8-4652-a83d-cc367dde9f43.sorted_genome_alignments.bam,191328391,184115083,7213308,0.03770119
UNCID_1167823.ae614f7b-b310-4c60-bd50-9e02be984943.sorted_genome_alignments.bam,156864829,150257919,6606910,0.042118492
UNCID_1167923.7d73dcf5-7ddc-4df8-82f8-19fbb1f719ed.sorted_genome_alignments.bam,171047862,163463742,7584120,0.044339169
UNCID_1167968.388a996e-0fb1-4274-905d-074ff0058d80.sorted_genome_alignments.bam,175860607,168653210,7207397,0.040983579
UNCID_1167978.452bf9da-c065-4d95-8272-adce3684a9e9.sorted_genome_alignments.bam,190491252,181845161,8646091,0.045388389
UNCID_1168021.08e3b38b-07cb-4288-b41e-d35497712449.sorted_genome_alignments.bam,185971583,180907549,5064034,0.027230149
UNCID_1168170.dea20128-b180-4da1-9da5-0f00bea3b1ab.sorted_genome_alignments.bam,162316397,136623434,25692963,0.158289387
UNCID_1168223.58e94be5-2da2-4a96-944a-060f20216572.sorted_genome_alignments.bam,97637216,93566452,4070764,0.04169275
UNCID_1168290.f7dd2e6b-a87e-467b-890a-3c422ae3dea7.sorted_genome_alignments.bam,127496763,121203278,6293485,0.04936192
UNCID_1168331.d11719ee-0405-436a-ac28-29ac09557154.sorted_genome_alignments.bam,154219379,148603451,5615928,0.03641519
UNCID_1168369.2b5a753c-2fb5-41e5-bf95-8c3e894f57b2.sorted_genome_alignments.bam,141825234,131473034,10352200,0.072992652
UNCID_1168405.726396f4-066c-4ae8-854e-c085801503c4.sorted_genome_alignments.bam,95992985,92319979,3673006,0.038263275
UNCID_1168513.b5ef133a-86de-4cd1-9ff2-52e6cbbeaae8.sorted_genome_alignments.bam,165877516,160796732,5080784,0.030629733
UNCID_1168530.7d3f4aeb-243c-4379-b9d5-1c8a312d475f.sorted_genome_alignments.bam,152448973,147106644,5342329,0.035043391
UNCID_1168603.3049e9ab-8e65-4264-865a-b7a14e27aae1.sorted_genome_alignments.bam,202619298,193150153,9469145,0.046733678
UNCID_1168636.3d0d0f6b-4caa-4c53-b971-17466f076e95.sorted_genome_alignments.bam,145315153,139208308,6106845,0.042024833
UNCID_1168652.dc131436-aa38-4601-a42e-e3ad746d5be3.sorted_genome_alignments.bam,185786684,178496617,7290067,0.03923891
UNCID_1168851.bd51f90a-ec67-4a7d-87bf-9d85acd65d51.sorted_genome_alignments.bam,147439508,142031648,5407860,0.0366785
UNCID_1168852.6e31cf09-570d-417d-99c8-28c006146aee.sorted_genome_alignments.bam,177543559,171989516,5554043,0.031282706
UNCID_1168980.a72c1d4e-1be3-4a21-b2cf-d7b5f8e78df1.sorted_genome_alignments.bam,137759553,132108610,5650943,0.041020335
UNCID_1168983.2b11e565-01a8-4054-a200-03e06765bd5e.sorted_genome_alignments.bam,203692085,194434399,9257686,0.045449414
UNCID_1168997.a09baab9-3eac-4271-9c12-2684642f8869.sorted_genome_alignments.bam,199678330,192227671,7450659,0.037313308
UNCID_1169062.e3f60638-fdf8-4658-b68b-1113b914112e.sorted_genome_alignments.bam,139693980,128795227,10898753,0.078018774
UNCID_1169087.c88b614b-811e-42f9-86e3-10909ced98e7.sorted_genome_alignments.bam,214864760,201921065,12943695,0.060241126
UNCID_1169113.2b0e2135-a1e4-4785-8b9f-b4cf7b36d938.sorted_genome_alignments.bam,153104261,147472654,5631607,0.036782823
UNCID_1169130.cdfe3c85-3ce6-4d38-9f3a-6e80b553cc37.sorted_genome_alignments.bam,138499756,128304800,10194956,0.07360992
UNCID_1169223.06a52d13-3cb4-4d5f-94ef-55d980562486.sorted_genome_alignments.bam,190943506,182762654,8180852,0.042844358
UNCID_1169249.4cf37ad3-74ec-4c45-8c5a-76cadd1fe884.sorted_genome_alignments.bam,105054019,101031384,4022635,0.03829111
UNCID_1169322.97168a1f-abf8-414b-af10-b63f5daa7023.sorted_genome_alignments.bam,198702852,190457022,8245830,0.041498297
UNCID_1169323.ac77b52b-6f6c-41ec-b998-6d23250d0516.sorted_genome_alignments.bam,159643000,153296943,6346057,0.039751552
UNCID_1169412.8dd30d68-86d0-456f-814c-ae59a5c0a071.sorted_genome_alignments.bam,228739917,218545652,10194265,0.044567057
UNCID_1169465.357ba9f6-716c-4ef0-8ac8-41977397dbf5.sorted_genome_alignments.bam,165455248,157455877,7999371,0.048347641
UNCID_1169532.0559ff1c-6aee-491f-9b58-747732a10755.sorted_genome_alignments.bam,172883504,164831639,8051865,0.046573935
UNCID_1169572.99b33d26-0bda-4a75-bde6-89f75863c296.sorted_genome_alignments.bam,177465041,166454984,11010057,0.062040709
UNCID_1169578.9eb89679-4b90-493f-bdcc-a14c26b5c874.sorted_genome_alignments.bam,160273396,154311027,5962369,0.03720124
UNCID_1169660.d71e12c1-d92c-4cb6-8244-d100b2ef1c43.sorted_genome_alignments.bam,180762937,172033386,8729551,0.048292815
UNCID_1169707.03b6775f-bf45-48ac-96f6-19d3173cb4f4.sorted_genome_alignments.bam,131499650,123156062,8343588,0.063449507
UNCID_1169730.2044755d-951c-4565-a4aa-b7ebbfe96072.sorted_genome_alignments.bam,181338878,170790583,10548295,0.058168966
UNCID_1169889.f6fd41e3-c597-4c5d-8f47-a315be0330f8.sorted_genome_alignments.bam,191998685,182036677,9962008,0.051885814
UNCID_1169897.0718af55-25eb-45b7-9e76-5d663a00dca5.sorted_genome_alignments.bam,238490821,227600579,10890242,0.045663149
UNCID_1169900.334c16f3-5a5f-41b9-8893-c86fcbac028a.sorted_genome_alignments.bam,148039698,143265184,4774514,0.032251579
UNCID_1170082.58289a3c-7ed1-419e-a345-6ec2fd373c66.sorted_genome_alignments.bam,134816879,130834576,3982303,0.029538608
UNCID_1170251.b713c549-0c1f-4c64-bffd-a3b5b693d5a6.sorted_genome_alignments.bam,194908456,186025792,8882664,0.045573518
UNCID_1170424.61a73497-ffb0-46dd-8a1e-a4f7e5dd4fb0.sorted_genome_alignments.bam,127539166,121846285,5692881,0.044636335
UNCID_1170484.72d79574-45e1-453a-bc95-a2dca1d3e251.sorted_genome_alignments.bam,171974454,165551493,6422961,0.037348344
UNCID_1170527.d3041275-6a41-4974-a082-9b261b65c81f.sorted_genome_alignments.bam,184845852,169169299,15676553,0.08480879
UNCID_1170594.fa0f04e2-ff4b-46d0-a4cc-a1026ae9d67b.sorted_genome_alignments.bam,113819004,110153113,3665891,0.032208075
UNCID_1170709.7e09faf6-137d-4d33-98dd-80c48af7ebab.sorted_genome_alignments.bam,183222342,175901619,7320723,0.039955406
UNCID_1170755.373ed5ab-5adb-491e-843c-181066a4b7f6.sorted_genome_alignments.bam,163161618,157765609,5396009,0.033071559
UNCID_1170769.39fe5d50-f454-4f7b-b07b-1a59b5c828f9.sorted_genome_alignments.bam,179037330,171503787,7533543,0.042078057
UNCID_1170807.bc293a55-eb0a-40b8-931c-9baed4736767.sorted_genome_alignments.bam,155674591,150488956,5185635,0.033310735
UNCID_1170831.9ae89964-9ff2-4d38-ade0-03581b3f7ae6.sorted_genome_alignments.bam,135877003,132144936,3732067,0.02746651
UNCID_1170900.d0bcabdc-b462-49dc-857a-f200cd960c66.sorted_genome_alignments.bam,160257659,156253903,4003756,0.024983243
UNCID_1171011.c8e5fc15-dbee-41ad-9052-2949cbb4c509.sorted_genome_alignments.bam,149925850,145506530,4419320,0.029476705
UNCID_1171026.86c4b2fd-d034-469d-adfa-712055f30dc3.sorted_genome_alignments.bam,189543380,180211183,9332197,0.049235151
UNCID_1171070.a521a6fa-da2b-48ef-94e8-3307030427b6.sorted_genome_alignments.bam,149411453,144073155,5338298,0.035728841
UNCID_1171309.dc557907-3bd3-44a1-84ca-164382709b81.sorted_genome_alignments.bam,142244577,138380603,3863974,0.027164297
UNCID_1171312.eba87932-639b-47dd-8e04-2e830141b303.sorted_genome_alignments.bam,161950828,156271032,5679796,0.035071114
UNCID_1171332.1c034968-8daa-4df7-a6cc-ac17b02869ae.sorted_genome_alignments.bam,184317297,177501705,6815592,0.036977495
UNCID_1171554.9797fc8a-18aa-4fc1-bd71-dd1b5fc39222.sorted_genome_alignments.bam,150315678,144022660,6293018,0.041865347
UNCID_1171568.678ba111-3b01-49b7-83d9-165ef0288a34.sorted_genome_alignments.bam,225024707,214918734,10105973,0.044910504
UNCID_1171766.950be319-f265-4d0a-bae1-229cfdb2b43d.sorted_genome_alignments.bam,145732008,141212963,4519045,0.031009282
UNCID_1171832.02b2565a-f5d4-4487-a8b1-f6a9779bb567.sorted_genome_alignments.bam,161120731,154103239,7017492,0.043554246
UNCID_1171867.de1cdf25-62e6-41c0-b1c8-257175519041.sorted_genome_alignments.bam,203221205,194364895,8856310,0.043579655
UNCID_1171868.f566d4a3-4e16-4a6c-9efa-e527fcc51e76.sorted_genome_alignments.bam,193986612,187666848,6319764,0.032578351
UNCID_1171920.31ff1045-fdc1-4b02-ae0e-880f652adb31.sorted_genome_alignments.bam,189839916,180096091,9743825,0.051326535
UNCID_1172149.79d7a589-60bd-4b4a-89c1-d557fe24c733.sorted_genome_alignments.bam,183524446,176432888,7091558,0.038640945
UNCID_1172151.63a48c81-2b6c-4f68-a76b-69ff2fc449ed.sorted_genome_alignments.bam,221840579,211315313,10525266,0.047445179
UNCID_1172236.24aa2794-410d-4310-9442-acd1159f2509.sorted_genome_alignments.bam,166420177,159650088,6770089,0.040680698
UNCID_1172243.dfb507b2-1c7d-4a63-a833-d52d881f5c06.sorted_genome_alignments.bam,172777178,167247796,5529382,0.032002965
UNCID_1172263.98f4f9c2-1180-4606-b8e3-8a47ce3e5870.sorted_genome_alignments.bam,175669043,170307134,5361909,0.030522788
UNCID_1172305.c19912d5-03f9-48b7-8bb6-963ac56d602b.sorted_genome_alignments.bam,162995934,156692969,6302965,0.038669462
UNCID_1172375.2d49cea0-0d08-4203-afa0-a1252cbf739a.sorted_genome_alignments.bam,211287027,202162225,9124802,0.043186759
UNCID_1172437.5284cefc-0250-4b6b-b5e6-8388a8f3c072.sorted_genome_alignments.bam,163693609,157445242,6248367,0.038171111
UNCID_1172671.6f9a972b-f83d-458e-b9af-9d08d871884c.sorted_genome_alignments.bam,168614702,162345637,6269065,0.037179824
UNCID_1172770.6ca77d33-0f4f-495d-ba00-5b9686c1d5bc.sorted_genome_alignments.bam,155560216,148652978,6907238,0.044402343
UNCID_1172841.7176dd62-ec93-4f98-a16b-375a5018243f.sorted_genome_alignments.bam,199979133,185928626,14050507,0.070259866
UNCID_1172870.7f6f09f7-201d-4d8c-ac1f-8893df37cb66.sorted_genome_alignments.bam,187199274,172146131,15053143,0.080412401
UNCID_1172913.527d5fad-c35f-498d-81ea-bffdb2d8bdd9.sorted_genome_alignments.bam,197390497,188549841,8840656,0.044787648
UNCID_1173676.e9be2af1-8f77-462d-a3a1-36a23e000322.sorted_genome_alignments.bam,167855836,162009084,5846752,0.034831985
UNCID_1173829.bdd145a7-4194-4f14-9dd3-c8084657a702.sorted_genome_alignments.bam,206334155,199254379,7079776,0.034312186
UNCID_1173830.86c3d19d-b469-4044-9d8c-549e33dd5687.sorted_genome_alignments.bam,189887846,183044381,6843465,0.03603951
UNCID_1173844.aad6a297-72fe-4483-8c81-b7bef2522437.sorted_genome_alignments.bam,186053209,175731489,10321720,0.055477248
UNCID_1173885.a518b0ae-54a3-4e7b-8663-cd1c44804805.sorted_genome_alignments.bam,180406898,174301892,6105006,0.033840203
UNCID_1174120.ce045098-cbfb-4c73-9bbe-6a1d677ae0b0.sorted_genome_alignments.bam,196541466,186668606,9872860,0.050232962
UNCID_1174301.7bf712cd-9387-45aa-9c39-6eb574e68677.sorted_genome_alignments.bam,160114619,155210814,4903805,0.030626841
UNCID_1174336.c2a781a3-4960-4faf-bd94-ae4c7442262a.sorted_genome_alignments.bam,137540606,132284368,5256238,0.0382159
UNCID_1174379.f46fc51f-44f6-424e-8021-9a37d2508dba.sorted_genome_alignments.bam,173612931,166609029,7003902,0.040342053
UNCID_1174380.8fbb983b-53ad-44a9-976a-7945628eaa51.sorted_genome_alignments.bam,163940401,158828299,5112102,0.031182686
UNCID_1174439.77daa4a6-93c2-4455-a173-ead372d92010.sorted_genome_alignments.bam,171038837,159964757,11074080,0.064745997
UNCID_1174486.37153cbe-2726-4f94-be4c-3ee4c7f3d730.sorted_genome_alignments.bam,195300996,188572013,6728983,0.034454422
UNCID_1174653.08489083-0870-4546-a53f-c4064952b690.sorted_genome_alignments.bam,146116574,138157049,7959525,0.0544738
UNCID_1174724.d495730a-a0ef-4c69-bc47-b47ec5642eea.sorted_genome_alignments.bam,148977483,143888801,5088682,0.03415739
UNCID_1174736.e5276782-9ac4-454d-a7b3-72d6c12fbd5d.sorted_genome_alignments.bam,180567728,171787311,8780417,0.048626724
UNCID_1174863.5ae320b5-47ea-46bd-bfef-78023d8bf1ef.sorted_genome_alignments.bam,165525613,158625810,6899803,0.041684201
UNCID_1174920.4a57e198-40cf-4de1-adf6-a95d64cc54e7.sorted_genome_alignments.bam,190763928,185135416,5628512,0.029505117
UNCID_1174936.ff2558cb-1184-42fa-9333-503390fd220e.sorted_genome_alignments.bam,185262985,178819411,6443574,0.034780688
UNCID_1175005.922a7d50-da61-4f63-bdd2-d74f1dd3f32c.sorted_genome_alignments.bam,215132828,207206620,7926208,0.036843322
UNCID_1175180.b57fdec6-f477-4366-a707-e519a3518790.sorted_genome_alignments.bam,195460622,187396653,8063969,0.041256233
UNCID_1175193.748e25cf-36b6-40df-b0cd-1bcbb4ff6955.sorted_genome_alignments.bam,185929834,178964429,6965405,0.037462546
UNCID_1175559.66d68258-08fc-4527-ac06-101e4cab9c06.sorted_genome_alignments.bam,193561480,186239859,7321621,0.037825816
UNCID_1175821.12e77f5c-b52c-4bd7-992a-8e53cee96af9.sorted_genome_alignments.bam,100760436,96965435,3795001,0.037663602
UNCID_1175962.2495b5ae-f254-433e-a6a1-1fcab0b482e4.sorted_genome_alignments.bam,209451077,202371131,7079946,0.033802385
UNCID_1175971.de8fe4f1-5e2e-4a14-b029-fcd3ef16a9d6.sorted_genome_alignments.bam,174291668,168056147,6235521,0.035776357
UNCID_1175972.08c54c9c-195c-4754-83af-a97544d0eb12.sorted_genome_alignments.bam,186002327,173315198,12687129,0.068209518
UNCID_1176073.65334e64-43d0-4024-86af-72b68ef869a7.sorted_genome_alignments.bam,205253865,192887433,12366432,0.060249448
UNCID_1176093.da9b7c51-c544-4ead-93c9-39b334b6bef2.sorted_genome_alignments.bam,82159373,80155351,2004022,0.024391885
UNCID_1176116.f20b62d0-e85b-44dc-81eb-59b44821583a.sorted_genome_alignments.bam,151753391,147767620,3985771,0.02626479
UNCID_1176215.29739602-d94f-4341-849e-a5b8a4c342eb.sorted_genome_alignments.bam,205280822,196869166,8411656,0.040976336
UNCID_1176255.0164ecc1-16dd-42c8-814d-d787220f475e.sorted_genome_alignments.bam,121570693,117531390,4039303,0.03322596
UNCID_1176268.e81c09d9-63e8-49e6-9358-15067c165835.sorted_genome_alignments.bam,99770215,96710616,3059599,0.030666457
UNCID_1176451.b1984010-7ef5-4df4-abfc-d18502cf124c.sorted_genome_alignments.bam,82468840,80446340,2022500,0.024524414
UNCID_1176480.83454a4f-b4ab-479e-90d7-252985cca3bc.sorted_genome_alignments.bam,211424056,200849485,10574571,0.050015931
UNCID_1176487.84006838-c5f7-4cd2-88c6-342584e35319.sorted_genome_alignments.bam,140248622,135746608,4502014,0.032100237
UNCID_1176502.88fbed21-4eea-4d4d-85b4-99faa06078da.sorted_genome_alignments.bam,134930593,129452583,5478010,0.040598725
UNCID_1176524.9a417818-565f-4b35-800f-4ca427a54408.sorted_genome_alignments.bam,228927794,220599607,8328187,0.0363791
UNCID_1176565.0c67e691-0608-42f9-b554-d361a2d32dc3.sorted_genome_alignments.bam,129394139,125019440,4374699,0.033809097
UNCID_1176577.5231c5c8-f25b-4d0d-b7e3-14df112ccd7c.sorted_genome_alignments.bam,80613912,78826609,1787303,0.022171148
UNCID_1176640.2bdc311e-59cc-449f-b8dc-6662052678fd.sorted_genome_alignments.bam,91031657,89108828,1922829,0.021122641
UNCID_1176667.790fb55e-0277-4894-b6e3-754b7117480a.sorted_genome_alignments.bam,149918053,144809136,5108917,0.034078064
UNCID_1176670.36a95ee7-1822-4d07-8110-843792006625.sorted_genome_alignments.bam,85322557,83268144,2054413,0.024078193
UNCID_1176679.9908e01c-e3fc-451e-9df1-6e2fabf34a27.sorted_genome_alignments.bam,157938690,152989014,4949676,0.031339224
UNCID_1176710.488893ff-fbb6-4ca6-a8b5-7d45635a0ccf.sorted_genome_alignments.bam,200279447,193013548,7265899,0.036278805
UNCID_1176711.664cc5b1-91aa-45b4-8be2-3c78d086332e.sorted_genome_alignments.bam,160801969,156226342,4575627,0.028455043
UNCID_1176737.0aa40d64-48e9-4c10-919c-f76f398f3afb.sorted_genome_alignments.bam,171622716,165882335,5740381,0.033447676
UNCID_1176770.3c499f07-67e2-4032-a0b5-b9edd90035f7.sorted_genome_alignments.bam,89109860,86449005,2660855,0.029860388
UNCID_1176771.84fcacd8-e1b3-4ee4-897a-128e74dcd081.sorted_genome_alignments.bam,206925870,199010117,7915753,0.038254052
UNCID_1176789.c808f209-8527-4105-819b-610508d9d3b3.sorted_genome_alignments.bam,92461221,90261613,2199608,0.023789519
UNCID_1176878.db79a2d9-e3dc-40e8-b248-404df1ea91ce.sorted_genome_alignments.bam,213211189,205138293,8072896,0.037863379
UNCID_1177031.6f59075b-d162-4db4-ad9a-55e669635252.sorted_genome_alignments.bam,107919966,104207370,3712596,0.034401382
UNCID_1177130.20f18a89-bca9-4f97-98c5-7b58a4444823.sorted_genome_alignments.bam,99610447,97450228,2160219,0.021686671
UNCID_1177170.22e154de-0e3b-443b-8420-48d68d6c1ce4.sorted_genome_alignments.bam,92694587,87469851,5224736,0.05636506
UNCID_1177178.febead73-3b12-44e6-8bab-a7cfa7bf1129.sorted_genome_alignments.bam,79534048,77377029,2157019,0.027120699
UNCID_1177202.1d3af406-750e-4b1f-97e2-bd2979f78c5b.sorted_genome_alignments.bam,149558893,140299847,9259046,0.06190903
UNCID_1177277.d4a3d2d7-35c6-40b5-9e67-093f4f5834a4.sorted_genome_alignments.bam,102851118,100394199,2456919,0.023888112
UNCID_1177278.a2c80f8e-f08d-4574-90a0-f0651c0a9b1b.sorted_genome_alignments.bam,154055270,147317736,6737534,0.043734525
UNCID_1177328.3d7aafed-3205-47c6-9394-2a6a84d90a0a.sorted_genome_alignments.bam,170293712,164433719,5859993,0.034411094
UNCID_1177365.80cdd385-2a6a-4d59-81c7-f36786637323.sorted_genome_alignments.bam,90445117,87977376,2467741,0.027284403
UNCID_1177380.0e2a3a2c-173a-43b8-bd7d-0c09dfa8a2ae.sorted_genome_alignments.bam,244799169,230397894,14401275,0.058828937
UNCID_1177433.bf2b423a-5128-4b75-b3a7-2b7b9337c519.sorted_genome_alignments.bam,169078247,163262245,5816002,0.034398287
UNCID_1177509.9fc80857-fd99-4ba2-a058-48d4196f58d3.sorted_genome_alignments.bam,161771987,155793315,5978672,0.0369574
UNCID_1177532.5069faa2-491b-4d9a-8585-4f26a58e3bcc.sorted_genome_alignments.bam,168954108,163215125,5738983,0.033967703
UNCID_1177585.dfc4aacd-32b1-4cf8-91f9-3c865cf56ec9.sorted_genome_alignments.bam,100493686,98280605,2213081,0.02202209
UNCID_1177608.449fb25f-4449-4817-b182-ff246b4ffafe.sorted_genome_alignments.bam,127393928,122657651,4736277,0.037178201
UNCID_1177662.3cefcb0b-796f-4ef0-b50d-a6ed17e9be4d.sorted_genome_alignments.bam,97602961,95349564,2253397,0.023087384
UNCID_1177675.958520af-f270-49ab-8fb6-57e1ae8ae68f.sorted_genome_alignments.bam,90510245,87770431,2739814,0.030270761
UNCID_1177773.65552cf7-db47-42cc-82d0-bef958c46861.sorted_genome_alignments.bam,162205532,156147631,6057901,0.037347068
UNCID_1177776.9a505286-4aa4-4f56-b71e-ceddde413e52.sorted_genome_alignments.bam,126257163,121411006,4846157,0.038383224
UNCID_1177800.6f070e17-0521-4561-80c0-04975ca45853.sorted_genome_alignments.bam,173167042,166529117,6637925,0.038332496
UNCID_1177831.40ef4d3e-ff34-49d5-be2c-f7456331e1be.sorted_genome_alignments.bam,182867529,176202198,6665331,0.036448959
UNCID_1177852.da5862a3-a56b-4b67-9f53-3b36ac7f023f.sorted_genome_alignments.bam,189801613,183260022,6541591,0.034465413
UNCID_1177998.2f3c17f6-be91-4195-9aa7-e02298d118f3.sorted_genome_alignments.bam,127241030,124264949,2976081,0.023389319
UNCID_1178031.12c0b9eb-97fc-4fa1-8f64-49c0e3e171a2.sorted_genome_alignments.bam,110494911,108007159,2487752,0.02251463
UNCID_1178039.f9786d89-318d-44ef-b212-0b9dfaf52e75.sorted_genome_alignments.bam,183122181,175674948,7447233,0.04066811
UNCID_1178182.85f7337d-ec30-431b-b0f0-e404c7dbe770.sorted_genome_alignments.bam,167337061,161657575,5679486,0.033940395
UNCID_1178209.df7f6d58-cef2-4ecf-bdff-1a00a86822ae.sorted_genome_alignments.bam,167076011,161710193,5365818,0.032116029
UNCID_1178277.3f662a28-fdb6-484d-b4ba-860cff032461.sorted_genome_alignments.bam,181678341,176473166,5205175,0.028650498
UNCID_1178280.e7a81308-459f-4f7c-9238-00f114724fe8.sorted_genome_alignments.bam,137552548,131124908,6427640,0.046728615
UNCID_1178330.52a825e1-d035-43e2-9a91-92e478c37055.sorted_genome_alignments.bam,144883225,137658456,7224769,0.049866153
UNCID_1178331.cfb10485-b097-4470-bd7e-5ed2abd2e8ac.sorted_genome_alignments.bam,112812414,109456113,3356301,0.029751167
UNCID_1178344.66a8dca9-cbca-4123-856f-bad5d1402523.sorted_genome_alignments.bam,174412409,164678746,9733663,0.055808317
UNCID_1178365.bbc684dd-405e-4aaa-8b26-c5494ec2018a.sorted_genome_alignments.bam,143653355,139286680,4366675,0.030397306
UNCID_1178462.257b1ca1-26d1-4888-8bc0-6b30d14d4509.sorted_genome_alignments.bam,119041982,114738057,4303925,0.036154682
UNCID_1178488.53a10ec3-896e-4b22-a1c7-97ebf243c5b2.sorted_genome_alignments.bam,172977751,165983372,6994379,0.040435137
UNCID_1178506.667c209e-9b4a-474d-8f69-102cfaffddf2.sorted_genome_alignments.bam,191294465,180733639,10560826,0.05520717
UNCID_1178546.a2a51ba0-0e83-414a-977c-0124ad0d3603.sorted_genome_alignments.bam,105449103,98303512,7145591,0.067763412
UNCID_1178568.91af882b-385c-45f4-9ba6-8661e0dece38.sorted_genome_alignments.bam,159865486,154267570,5597916,0.035016414
UNCID_1178576.ca10d08d-3cc5-4171-9a70-66fdff3c0c3d.sorted_genome_alignments.bam,127400324,124040821,3359503,0.026369658
UNCID_1178587.747a3719-df28-41dc-8249-b5319fc47142.sorted_genome_alignments.bam,208134008,199587095,8546913,0.041064471
UNCID_1178611.9dfc38e8-ea6e-436e-bbd4-fb47cf30e143.sorted_genome_alignments.bam,181475246,174537092,6938154,0.038231958
UNCID_1178693.9195fcf1-8cba-4e90-9f20-c4a6897b8985.sorted_genome_alignments.bam,165572271,160379870,5192401,0.03136033
UNCID_1178694.c4e5b7ad-4b5e-4e34-a6e8-b67d53b0f7f9.sorted_genome_alignments.bam,202511606,194127065,8384541,0.041402768
UNCID_1178729.ba299dcf-8350-43f9-abaa-06f7e42c4457.sorted_genome_alignments.bam,191091542,185921417,5170125,0.02705575
UNCID_1178736.337214b1-e061-4789-a364-e894a74c4a6e.sorted_genome_alignments.bam,131352024,126989631,4362393,0.033211464
UNCID_1178867.445f363c-0c01-49d2-bc1e-72f5899d1e47.sorted_genome_alignments.bam,178281214,171276081,7005133,0.039292603
UNCID_1179047.0e104ca3-c25f-4393-88a2-887d84a03e87.sorted_genome_alignments.bam,188006992,183115366,4891626,0.02601832
UNCID_1179094.a9012068-49b5-4ae1-ab9e-c65cd0878055.sorted_genome_alignments.bam,187193367,182001495,5191872,0.027735342
UNCID_1179250.2b768c1c-c655-47e0-96f2-05bcd8daa73a.sorted_genome_alignments.bam,165889694,160565164,5324530,0.03209681
UNCID_1179294.fcfda8b7-66d0-4370-8686-af1dea375bf4.sorted_genome_alignments.bam,185731547,180390536,5341011,0.028756617
UNCID_1179386.7550fb8b-c3d1-47e2-b491-98878101919a.sorted_genome_alignments.bam,143596392,136680018,6916374,0.048165375
UNCID_1179475.f317553a-e27f-4d86-a785-5b2513acbd63.sorted_genome_alignments.bam,187844273,178518456,9325817,0.049646534
UNCID_1179717.61d82aab-e167-4c2a-ac94-d2cdf0f596cb.sorted_genome_alignments.bam,166602073,151922576,14679497,0.088111131
UNCID_1179737.0e959a22-7e2a-4cf8-92cc-ae13baee45b1.sorted_genome_alignments.bam,161838954,119235908,42603046,0.263243459
UNCID_1179752.64853fbc-c5c2-4ef3-b701-91cd9d6bdd78.sorted_genome_alignments.bam,165316689,156397801,8918888,0.053950318
UNCID_1179877.69700b66-571f-4c02-b8bb-cc1790fe2b3d.sorted_genome_alignments.bam,136235877,131505841,4730036,0.034719459
UNCID_1179911.da0f6a1a-6af3-4f05-847a-57fc1981c67e.sorted_genome_alignments.bam,153572707,148773208,4799499,0.031252291
UNCID_1179914.2504b3ac-2f7b-4608-8696-67870d4819d4.sorted_genome_alignments.bam,167632592,162950190,4682402,0.027932528
UNCID_1179985.a6fa5999-e4c2-4a09-9ead-8fa79e92ef3c.sorted_genome_alignments.bam,196103239,189893594,6209645,0.031665183
UNCID_1180040.ee671a6c-0560-42f5-9e03-49241e9a1e49.sorted_genome_alignments.bam,172229826,144367880,27861946,0.161771899
UNCID_1180064.bfe2a633-8c76-4b72-a807-fe986c35944f.sorted_genome_alignments.bam,161150149,154278499,6871650,0.042641289
UNCID_1180067.06f58c00-4b08-4d06-a3f8-eef3d67071f0.sorted_genome_alignments.bam,151233476,145735011,5498465,0.03635746
UNCID_1180068.09898301-3dac-4b86-af1b-6cbad9f2d380.sorted_genome_alignments.bam,111304698,108643239,2661459,0.02391147
UNCID_1180130.f2123145-b290-44b9-b8a5-425620d1124b.sorted_genome_alignments.bam,169447641,148837471,20610170,0.121631496
UNCID_1180180.b5697f7c-9507-4386-bd16-91b3a0b34b30.sorted_genome_alignments.bam,225207848,200596781,24611067,0.109281569
UNCID_1180293.e84a4171-7aff-4496-8442-abf9ed1ad229.sorted_genome_alignments.bam,180213471,173623518,6589953,0.036567483
UNCID_1180406.021f38df-d9cd-4b4b-8fd6-8fc2bc4eb3fc.sorted_genome_alignments.bam,200423798,192302892,8120906,0.040518671
UNCID_1180417.67a7b43d-fa7b-4f9a-a948-7d2214f28d03.sorted_genome_alignments.bam,174970247,163359154,11611093,0.066360385
UNCID_1180543.07319fab-b1e4-4954-ba4c-c2348f804b95.sorted_genome_alignments.bam,176087079,166473127,9613952,0.054597714
UNCID_1180834.7cad5c9a-00c7-4a75-9f04-292c61e68fab.sorted_genome_alignments.bam,161628543,154794695,6833848,0.042281195
UNCID_1180835.5ac835e6-34a1-4a41-8979-5f8888a91f17.sorted_genome_alignments.bam,222068291,215176270,6892021,0.031035593
UNCID_1180838.ad562f2f-71ec-4334-a08f-96f90b4b834c.sorted_genome_alignments.bam,192097611,186327960,5769651,0.030034996
UNCID_1180904.e7421840-5e51-4bb8-aefe-2843171b5bd0.sorted_genome_alignments.bam,203219644,196799926,6419718,0.031590046
UNCID_1180912.a90575a7-c09f-4d0c-b64d-c7696e923954.sorted_genome_alignments.bam,187752968,180879276,6873692,0.036610297
UNCID_1180951.98fd7f60-5aa5-4917-9dd7-58a2d0fd8ba5.sorted_genome_alignments.bam,168103292,161305642,6797650,0.04043734
UNCID_1181015.c2808392-116d-47bc-9065-21fc6d1b966d.sorted_genome_alignments.bam,225324474,218281886,7042588,0.031255318
UNCID_1181069.cc6591d4-7d72-4556-a23b-ba82afba82e0.sorted_genome_alignments.bam,119955954,114615444,5340510,0.044520591
UNCID_1181073.29eeeae4-a3c5-4008-a129-045485442021.sorted_genome_alignments.bam,122489638,118035090,4454548,0.036366733
UNCID_1181098.3b28157c-86f4-4adf-be89-f28a48196f24.sorted_genome_alignments.bam,182049702,175383746,6665956,0.036616132
UNCID_1181226.bbe4d7f0-1ed9-4d58-9b59-c71d144f73ab.sorted_genome_alignments.bam,109541031,102272140,7268891,0.066357701
UNCID_1181519.33fb74dc-e9cf-4cd1-b997-6e1b239fb9e4.sorted_genome_alignments.bam,90423531,81710123,8713408,0.096362174
UNCID_1181535.90e12e9e-fe3d-4e21-80ca-dfd7841f3708.sorted_genome_alignments.bam,209918909,202635844,7283065,0.034694659
UNCID_1181569.037a8797-3399-411b-892c-fd608c8e3987.sorted_genome_alignments.bam,167505057,160024233,7480824,0.044660287
UNCID_1181924.ebef2e65-aaa0-4f86-ada2-9bf6815daba9.sorted_genome_alignments.bam,165925249,156905396,9019853,0.054360943
UNCID_1181944.8e2abf7d-640e-47fa-8a27-819085b4d47b.sorted_genome_alignments.bam,248294746,233943578,14351168,0.057798919
UNCID_1182063.932f313c-d695-4061-9abb-b1402aed8030.sorted_genome_alignments.bam,200155862,191060734,9095128,0.045440228
UNCID_1182077.bf1699d0-1b74-4fbc-88e1-c433dd8e5c0f.sorted_genome_alignments.bam,211076131,205576899,5499232,0.026053311
UNCID_1182406.5f714b76-1ed1-4828-8b66-3627c5d78189.sorted_genome_alignments.bam,177536125,169700977,7835148,0.044132697
UNCID_1182554.c2b2c746-a20e-43a5-9e96-99dc98b5277b.sorted_genome_alignments.bam,204202487,195577693,8624794,0.042236479
UNCID_1182621.566516bc-af9e-4f1a-a8d6-8c2c6f1c60d1.sorted_genome_alignments.bam,202944166,196437552,6506614,0.032061104
UNCID_1182674.5cf8f64b-a9f4-4903-9e24-5d0be19e5d44.sorted_genome_alignments.bam,122357444,117513711,4843733,0.039586746
UNCID_1182944.43c53585-76cc-48a1-a9b1-fe0f96912ff1.sorted_genome_alignments.bam,178299837,166778211,11521626,0.064619386
UNCID_1182952.44bd10a8-c4c0-466c-8cd8-31a5da70ba0b.sorted_genome_alignments.bam,156809495,151067684,5741811,0.036616475
UNCID_1182996.a51e0415-c113-4a5e-b306-5b1076311928.sorted_genome_alignments.bam,205911448,193678166,12233282,0.059410402
UNCID_1183045.82f4729f-8e81-4e8c-a545-e6044ec3a197.sorted_genome_alignments.bam,229438009,219991704,9446305,0.041171491
UNCID_1183085.2c136297-484c-4cbc-aceb-a3c03ba05c86.sorted_genome_alignments.bam,201192748,193086452,8106296,0.040291194
UNCID_1183155.bb931f9d-802e-4e02-b503-a637aa369e8b.sorted_genome_alignments.bam,137959502,133288274,4671228,0.033859415
UNCID_1183156.8e70d12c-38fd-4da2-ad1e-b7f860959aa2.sorted_genome_alignments.bam,132110658,127682972,4427686,0.03351498
UNCID_1183172.4d605da9-57c9-4041-bb4c-af8e4e4eb918.sorted_genome_alignments.bam,144799821,137651909,7147912,0.049364094
UNCID_1183177.fd27fbf6-ceaf-4eef-9585-a84b7ad60453.sorted_genome_alignments.bam,186345726,114595564,71750162,0.385037873
UNCID_1183340.cd609b10-8909-4f86-b95d-88005881bc0d.sorted_genome_alignments.bam,207292545,200580462,6712083,0.032379761
UNCID_1183377.340b79dc-cb8c-4765-b9df-0b171d99250b.sorted_genome_alignments.bam,224186546,216350677,7835869,0.03495245
UNCID_1183418.8aa9969f-458c-401f-84a7-5cf76c68f790.sorted_genome_alignments.bam,188326645,181756018,6570627,0.034889524
UNCID_1183430.467314d6-f946-447f-920a-d33b60f66eb2.sorted_genome_alignments.bam,151837008,141766631,10070377,0.0663236
UNCID_1183437.92a7d385-0870-4675-b959-b69458f6acec.sorted_genome_alignments.bam,216081358,206724000,9357358,0.043304791
UNCID_1183472.f09be11c-694d-4ee8-9af6-0cb765ea795a.sorted_genome_alignments.bam,269486174,259790855,9695319,0.035977055
UNCID_1183567.6f1c59aa-6422-4bb7-96d0-2b49aeb1f647.sorted_genome_alignments.bam,256523341,246775334,9748007,0.038000468
UNCID_1183741.f43e7f8f-79e5-4d08-8d4d-33f0ed1082e2.sorted_genome_alignments.bam,148127007,141384933,6742074,0.045515495
UNCID_1183807.4b68ecb0-6827-4f72-8844-94dfeb02c6f9.sorted_genome_alignments.bam,259564955,231057234,28507721,0.109828852
UNCID_1183889.5358b794-b2db-4965-b87d-66c072ff6703.sorted_genome_alignments.bam,218993256,201976339,17016917,0.07770521
UNCID_1183920.f325c7a8-46b0-4d75-9228-db391c270c71.sorted_genome_alignments.bam,207700442,196556125,11144317,0.053655721
UNCID_1183992.cc81a899-9b05-4804-b180-f33f885f3908.sorted_genome_alignments.bam,242738662,233099870,9638792,0.039708516
UNCID_1184054.0d3d5230-7522-4e08-b470-748a04d544b3.sorted_genome_alignments.bam,180077904,173568397,6509507,0.036148283
UNCID_1184057.04a943a3-4942-482b-b70d-cc190bc2008c.sorted_genome_alignments.bam,154867069,149350737,5516332,0.035619787
UNCID_1184129.1b67f94d-6800-4284-b9ae-28132b643208.sorted_genome_alignments.bam,252135994,242402107,9733887,0.038605702
UNCID_1184140.a62572f8-bd89-491a-9bf4-1877a07da46e.sorted_genome_alignments.bam,298349185,286680721,11668464,0.039110092
UNCID_1184149.935d48d3-cdf0-4a9f-ab69-7efd31e2e719.sorted_genome_alignments.bam,177405185,170833665,6571520,0.037042435
UNCID_1184284.c850962f-dc1f-413d-b438-39ad283e9cf9.sorted_genome_alignments.bam,140724249,134829664,5894585,0.041887486
UNCID_1184369.94224425-4ec1-43ca-aea9-2220d86512fb.sorted_genome_alignments.bam,172987960,167726457,5261503,0.030415429
UNCID_1184423.a96a9ca8-fefa-42f9-b0bb-1bd238647513.sorted_genome_alignments.bam,145411516,139600424,5811092,0.03996308
UNCID_1184434.e4f89d3b-82e2-4269-a70a-7224a9601c18.sorted_genome_alignments.bam,136887554,132846220,4041334,0.02952302
UNCID_1184450.1bcba571-a2dc-4ef4-a776-5f85deacfa2c.sorted_genome_alignments.bam,170173892,164658738,5515154,0.032408931
UNCID_1184516.1684e9ef-f916-44ea-84bc-fc4be7066e3f.sorted_genome_alignments.bam,210875287,203908472,6966815,0.033037608
UNCID_1184538.85d40702-9e6c-4091-94b5-391c3f84bc5a.sorted_genome_alignments.bam,153588942,147025345,6563597,0.042734828
UNCID_1184559.36b6ca18-f7c3-478c-a431-63ab03e69c12.sorted_genome_alignments.bam,167040182,161304161,5736021,0.034339169
UNCID_1184730.dd88d1bb-37a6-4b6b-b0bb-e637452ea133.sorted_genome_alignments.bam,188497944,180781563,7716381,0.040936155
UNCID_1184818.0c949db4-d8a4-4a45-99a9-ab71f3afd47f.sorted_genome_alignments.bam,184461139,172875463,11585676,0.062808221
UNCID_1184829.997c5dc8-d105-4801-abdd-b5c200fa4b11.sorted_genome_alignments.bam,191769168,179388120,12381048,0.064562245
UNCID_1184977.ae363a64-41f5-4253-ac6a-ecf6fa4ec610.sorted_genome_alignments.bam,206764778,177912791,28851987,0.139540145
UNCID_1185109.8da87146-a8a4-4b2a-b25d-43cd0ac9d6e4.sorted_genome_alignments.bam,222537092,210542136,11994956,0.053900929
UNCID_1185116.897a3b5e-a0df-4e75-be8e-e6682d65baa6.sorted_genome_alignments.bam,188906851,182724108,6182743,0.032729057
UNCID_1185129.6dcfd83a-74cb-447c-ab0d-40894fa9d359.sorted_genome_alignments.bam,133772169,129114971,4657198,0.034814401
UNCID_1185154.49fd8047-1d25-4cf6-bc43-1bd1bb7d07d8.sorted_genome_alignments.bam,212954224,200222768,12731456,0.059784942
UNCID_1185211.c90c4c08-b038-4440-93df-10239a0516c1.sorted_genome_alignments.bam,198611790,189371350,9240440,0.046525133
UNCID_1185214.f9ad420b-6193-4978-b90d-514333a225d0.sorted_genome_alignments.bam,213030211,201650706,11379505,0.05341733
UNCID_1185251.3a78d184-5c65-40df-a4ac-139a71ddaa0f.sorted_genome_alignments.bam,158629371,140523976,18105395,0.114136461
UNCID_1185264.df1d6c48-b5c6-4a93-bcc5-a9f5b29593f7.sorted_genome_alignments.bam,196134859,187663745,8471114,0.043190252
UNCID_1185293.983fe342-3f35-4a2e-94c4-0c4978ffcf66.sorted_genome_alignments.bam,215269555,205794025,9475530,0.044017046
UNCID_1185305.0f8f1a3b-f7ed-4dc2-afc2-2a96e25172de.sorted_genome_alignments.bam,198769362,190226763,8542599,0.042977443
UNCID_1185367.abb072fe-25c3-49f2-83ca-b738e90850a6.sorted_genome_alignments.bam,154723039,142304688,12418351,0.080261809
UNCID_1185376.85344fe3-0087-4c61-b02b-96a311fa8034.sorted_genome_alignments.bam,220027543,209911884,10115659,0.045974512
UNCID_1185461.f5d4a071-0add-4b39-b480-33494f8dace6.sorted_genome_alignments.bam,237269722,225862765,11406957,0.048075907
UNCID_1185512.5bfe1570-1564-44f9-a996-e65b099b68c7.sorted_genome_alignments.bam,188307215,178051365,10255850,0.054463394
UNCID_1185641.68d3a682-fa80-4766-8d4a-dd120e10249c.sorted_genome_alignments.bam,264059770,244845251,19214519,0.072765795
UNCID_1185681.7f47cd71-b62a-4f65-8479-ceec8261aaa9.sorted_genome_alignments.bam,179873407,155876317,23997090,0.133410994
UNCID_1185684.a1c18b8b-3195-47bb-9d79-e08871317e15.sorted_genome_alignments.bam,195593168,180839437,14753731,0.075430707
UNCID_1185685.1bd8b565-ba7e-4fff-8fd8-2b7b4d71106f.sorted_genome_alignments.bam,193258568,182184892,11073676,0.057299793
UNCID_1185722.1676db36-01d5-4338-aabe-5e92f4fca1c8.sorted_genome_alignments.bam,225123001,211261332,13861669,0.061573757
UNCID_1185736.87a76195-5000-4976-8a5e-c2875cb9f486.sorted_genome_alignments.bam,190885347,182111915,8773432,0.045961789
UNCID_1185754.3914574f-7787-4846-9799-231fd9666e9f.sorted_genome_alignments.bam,185397626,157766029,27631597,0.149039648
UNCID_1185819.7da7f984-be2f-42bf-b78c-1b34d43fb914.sorted_genome_alignments.bam,212524809,198595876,13928933,0.065540268
UNCID_1185829.95225ce4-18d6-4c4d-a742-30a769cdbcfd.sorted_genome_alignments.bam,223024080,213296989,9727091,0.043614533
UNCID_1185969.ffbf81f1-b5a5-4739-9f35-716169650023.sorted_genome_alignments.bam,161902451,155359282,6543169,0.040414268
UNCID_1186395.5d41239a-7e24-4d75-b4e7-21eb4a48dc4d.sorted_genome_alignments.bam,190308136,181551052,8757084,0.04601529
UNCID_1186448.809b49c6-f80b-471e-aa68-918f5c2f6f21.sorted_genome_alignments.bam,124362394,118448675,5913719,0.047552309
UNCID_1186480.5513eb8f-2d59-438b-a1b1-d2f758d2f7e0.sorted_genome_alignments.bam,176091932,166592976,9498956,0.053943164
UNCID_1186595.5dfb0514-3f93-446c-80be-1c964744dbb8.sorted_genome_alignments.bam,193551460,184553552,8997908,0.046488453
UNCID_1186612.4a035077-d2b3-44d5-84ca-1e908b697ccc.sorted_genome_alignments.bam,248780240,237212167,11568073,0.046499163
UNCID_1186766.b2348f00-e51f-48e7-8815-78b709f7ec9e.sorted_genome_alignments.bam,205773150,200085957,5687193,0.027638169
UNCID_1186829.0a0a4e25-c733-4882-acc1-a617a052853a.sorted_genome_alignments.bam,170518958,163956383,6562575,0.038485897
UNCID_1186864.3feeaba3-8d99-45d2-b6ca-39fd130f74f3.sorted_genome_alignments.bam,155752643,149919217,5833426,0.037453143
UNCID_1186878.fbeec4cf-0ad3-4e9e-bfc1-d112b1e51b3a.sorted_genome_alignments.bam,162160754,156131528,6029226,0.03718055
UNCID_1186892.278030c0-cf38-4aee-bdb2-b918f009a658.sorted_genome_alignments.bam,180006403,173550105,6456298,0.035867046
UNCID_1186898.34e6f8a1-5e41-4f7d-a34d-a6759819d8de.sorted_genome_alignments.bam,187361464,180638776,6722688,0.035880847
UNCID_1186927.3cb8daa1-6cb3-4baa-bb97-38e82d73bf0d.sorted_genome_alignments.bam,165272402,158386475,6885927,0.041664107
UNCID_1186931.352ef342-b5b3-47cf-85c3-e0e01754c11b.sorted_genome_alignments.bam,199285275,186587540,12697735,0.063716373
UNCID_1187048.cd8bfd82-6e40-4849-97d5-5ae59e962b96.sorted_genome_alignments.bam,182985616,177371365,5614251,0.030681379
UNCID_1187073.d5261ff1-e2ae-4a72-83c7-df812cf9a947.sorted_genome_alignments.bam,186033620,180059350,5974270,0.032113927
UNCID_1187077.84b85f9f-2496-4539-aa1d-1053b98476d3.sorted_genome_alignments.bam,252810595,241111263,11699332,0.046277064
UNCID_1187100.8323ca35-b940-456e-a344-f2b0acdfd70b.sorted_genome_alignments.bam,186473219,175180662,11292557,0.0605586
UNCID_1187123.e6235816-bce0-4daf-b1ee-3aade6592470.sorted_genome_alignments.bam,200724858,184468227,16256631,0.080989625
UNCID_1187132.baf74825-1139-4fc4-b650-3059a1106a7f.sorted_genome_alignments.bam,260007323,248311750,11695573,0.044981706
UNCID_1187213.f45f0712-638d-43dc-b2f0-528e8ebb60ba.sorted_genome_alignments.bam,241179690,229646492,11533198,0.047819939
UNCID_1187218.2738c180-bd2d-47af-9809-4ab4e313ce15.sorted_genome_alignments.bam,166604140,155837396,10766744,0.064624709
UNCID_1187257.3c992d40-8fda-436d-90b4-fea0325dadf4.sorted_genome_alignments.bam,196485067,178797258,17687809,0.090021136
UNCID_1187264.920f6f9b-c7d2-4c60-b4e8-7cb74c0b26fb.sorted_genome_alignments.bam,143289247,134357009,8932238,0.062337113
UNCID_1187272.20d6834b-5766-4f4a-b30d-8c14195ec7ed.sorted_genome_alignments.bam,188032498,182507941,5524557,0.029380863
UNCID_1187309.17809084-c723-4445-aa49-3292c500d5be.sorted_genome_alignments.bam,143251636,136348036,6903600,0.04819212
UNCID_1187312.a1055581-3a54-4375-8cd6-81741d114995.sorted_genome_alignments.bam,187028548,174702672,12325876,0.065903714
UNCID_1187358.774e91b9-ebdb-4fa8-91da-4770028348f8.sorted_genome_alignments.bam,164094145,155870121,8224024,0.050117717
UNCID_1187397.e1437c87-6524-47c2-b123-32699e5a7bb7.sorted_genome_alignments.bam,185093968,172914777,12179191,0.065800043
UNCID_1187456.8f050361-4d5f-4256-8014-b7d3a1cf501d.sorted_genome_alignments.bam,246013519,233253382,12760137,0.051867625
UNCID_1187542.241dddc6-7972-4f13-9fc4-b07389eb29ef.sorted_genome_alignments.bam,190749547,184233626,6515921,0.034159562
UNCID_1187635.82de3eb7-80be-40dd-b0b7-cfaf8de56340.sorted_genome_alignments.bam,128414822,112047549,16367273,0.12745626
UNCID_1187722.aba042e2-9619-4fc9-9c57-e67af40e3a16.sorted_genome_alignments.bam,174050606,163590471,10460135,0.060098239
UNCID_1187725.4e36da0f-b0b3-482f-bdb3-32dc79720a54.sorted_genome_alignments.bam,225351109,210257247,15093862,0.066979311
UNCID_1187858.64221b4f-16e3-4f49-8eb6-4ad8674ed8c6.sorted_genome_alignments.bam,218852882,205022399,13830483,0.063195343
UNCID_1187919.6ee58b87-3c73-402c-8eb7-3d49d38168b3.sorted_genome_alignments.bam,144142797,139059150,5083647,0.035268131
UNCID_1187967.dc8c26a2-7b71-4409-b56f-03f9049db03c.sorted_genome_alignments.bam,115004470,80535919,34468551,0.299714881
UNCID_1188208.038e0d7b-8f46-40fb-bfec-74dab7a6fe59.sorted_genome_alignments.bam,164793801,159417127,5376674,0.032626676
UNCID_1188304.df055051-3ef5-4e71-8a45-c64df7a27950.sorted_genome_alignments.bam,166897474,158239401,8658073,0.051876597
UNCID_1188406.0a6270b6-a8a3-4a36-9f40-82f4196987ec.sorted_genome_alignments.bam,165725445,130018093,35707352,0.215460891
UNCID_1188445.61955d5a-b9cd-4c91-957b-1be1f1e68d9f.sorted_genome_alignments.bam,205330087,197954584,7375503,0.035920225
UNCID_1188498.c71a4961-b4a0-4736-b986-8c95e86f1876.sorted_genome_alignments.bam,156625788,151419479,5206309,0.033240433
UNCID_1188528.cca8d66c-a538-40ee-ac28-6d90d12edf26.sorted_genome_alignments.bam,163251784,154818327,8433457,0.051659203
UNCID_1188579.cac2d2e8-28df-4fb2-89a1-af69dd7364f3.sorted_genome_alignments.bam,151995481,144156841,7838640,0.051571533
UNCID_1188613.186a9b74-4d34-43d5-a0e9-e69958f39eba.sorted_genome_alignments.bam,233821108,219124977,14696131,0.062852029
UNCID_1188620.7265ce4f-d385-4478-97cd-4fdafafed3cd.sorted_genome_alignments.bam,141506499,102411765,39094734,0.276275184
UNCID_1188726.8764f098-42b1-404e-b1de-93a3a3998a19.sorted_genome_alignments.bam,235774127,223405103,12369024,0.052461329
UNCID_1188744.4d49b039-f1fa-4892-8439-4155e72dd7c5.sorted_genome_alignments.bam,164573102,159046680,5526422,0.033580348
UNCID_1188759.9b865921-f30e-4c3f-85c0-088def67c17d.sorted_genome_alignments.bam,158373641,145825887,12547754,0.079228803
UNCID_1188795.fc338903-8318-40e4-8652-26b116ad394a.sorted_genome_alignments.bam,267995221,255506226,12488995,0.046601559
UNCID_1188814.26493c7e-4d5a-4c7d-9d2e-c3b7e92d2d3d.sorted_genome_alignments.bam,205266671,194662391,10604280,0.051660993
UNCID_1188836.94d2c38a-27fa-4058-a0d8-deb6090f1cac.sorted_genome_alignments.bam,170419480,164330649,6088831,0.035728492
UNCID_1188874.500ee741-b6df-437b-8852-c21371f0212f.sorted_genome_alignments.bam,155375310,141627683,13747627,0.088480126
UNCID_1188880.27fc767b-a79b-4d0a-9daa-869f1c05a928.sorted_genome_alignments.bam,153151283,129261007,23890276,0.155991354
UNCID_1188957.7f7f9fd5-c020-4fb7-9f26-c759ace77119.sorted_genome_alignments.bam,211338532,199995299,11343233,0.053673284
UNCID_1188965.8fd23c34-d9f3-4968-90ee-64565b36ade6.sorted_genome_alignments.bam,186915491,175276677,11638814,0.062267787
UNCID_1188990.50b89155-4264-47b0-b883-6c132aee6835.sorted_genome_alignments.bam,200308457,188651915,11656542,0.05819296
UNCID_1189023.6c3615c1-1507-49c8-aa06-1671a0cea3f1.sorted_genome_alignments.bam,215505629,205545279,9960350,0.046218514
UNCID_1189024.69ae6dda-ec99-4a28-a952-f3115989f265.sorted_genome_alignments.bam,209563777,200555122,9008655,0.042987653
UNCID_1189027.de741d7b-594e-4167-bf35-09fc4f6753ab.sorted_genome_alignments.bam,169914294,139369147,30545147,0.179767966
UNCID_1189186.8453bed2-371f-47f4-b1aa-b29552f4571c.sorted_genome_alignments.bam,153555248,115556975,37998273,0.247456687
UNCID_1189211.9ab4ed5d-c8db-423e-9eb1-1fa2e305df3a.sorted_genome_alignments.bam,186930659,180770599,6160060,0.032953717
UNCID_1189214.08dc8bd5-4ae2-456f-858c-df61c89e654e.sorted_genome_alignments.bam,175642615,167629674,8012941,0.045620711
UNCID_1189242.129313c8-6ff4-48c8-bda5-7e0b3678713d.sorted_genome_alignments.bam,241560302,216716698,24843604,0.102846386
UNCID_1189255.c5dd35f0-bbf0-4835-807a-f6beb72dd23a.sorted_genome_alignments.bam,226402764,212780646,13622118,0.060167631
UNCID_1189258.2371d694-15b2-411a-92e5-637aa810efb8.sorted_genome_alignments.bam,185172272,175338376,9833896,0.053106742
UNCID_1189410.65c2eee5-e7bb-40db-9a59-43c6f9bf2220.sorted_genome_alignments.bam,152644619,135407370,17237249,0.112924053
UNCID_1189412.728ca970-8824-4ee7-bac1-35a7c66b8842.sorted_genome_alignments.bam,238895776,226907777,11987999,0.050180875
UNCID_1189477.f47c8d1e-0cc6-4686-8913-80b6f0372293.sorted_genome_alignments.bam,179087250,172300439,6786811,0.037896673
UNCID_1189484.1cf6a04b-d795-4528-9a6d-fdf52c9a4a95.sorted_genome_alignments.bam,256397113,243005596,13391517,0.052229594
UNCID_1189562.16592e29-3237-46fc-9829-42bd338944f8.sorted_genome_alignments.bam,271156350,257612035,13544315,0.049950204
UNCID_1189575.19fdc607-970e-4ff5-a272-228a4a5e47de.sorted_genome_alignments.bam,239674757,226807822,12866935,0.053684982
UNCID_1189793.cf354f28-63b6-462a-aa6c-d0750739f0ae.sorted_genome_alignments.bam,197791402,186225773,11565629,0.058473871
UNCID_1189852.44f00cac-2554-4b46-83a6-95fac5691128.sorted_genome_alignments.bam,221815013,211903356,9911657,0.044684338
UNCID_1189918.d6795dae-ac48-4a43-a30e-0c79abbe45fc.sorted_genome_alignments.bam,176160389,158133614,18026775,0.102331603
UNCID_1189932.f3a4a31c-ec26-4d81-a721-616a7a22f780.sorted_genome_alignments.bam,197684301,182397443,15286858,0.077329651
UNCID_1189965.ab23b4c6-429a-4f15-9161-17367e0f3090.sorted_genome_alignments.bam,173107692,165549898,7557794,0.043659493
UNCID_1190005.6e670abc-e39c-4d3c-8fec-f304aebff18f.sorted_genome_alignments.bam,263747138,243935172,19811966,0.075117274
UNCID_1190047.c11a0048-d970-4633-8342-4b34d04a3a13.sorted_genome_alignments.bam,190367422,174576179,15791243,0.082951394
UNCID_1190060.70f6fa46-a451-44df-b684-5f252172d508.sorted_genome_alignments.bam,232713490,208004411,24709079,0.106178112
UNCID_1190093.c2a91bce-7cd7-4e3d-9905-db95cdb8fcea.sorted_genome_alignments.bam,233288723,220418879,12869844,0.055167022
UNCID_1190112.150bf636-24f4-4e75-b2b9-1fe8e15c3a8e.sorted_genome_alignments.bam,235471858,224082056,11389802,0.04837012
UNCID_1190273.f9de238c-577d-4b5e-b538-703f2f8d7d0f.sorted_genome_alignments.bam,227638255,204754132,22884123,0.100528459
UNCID_1190350.c9fe1e72-5413-41c6-a387-569b7edc7c1a.sorted_genome_alignments.bam,175581034,166901123,8679911,0.049435356
UNCID_1190394.88016c0c-cd18-426e-884f-e29e88bd2185.sorted_genome_alignments.bam,169695915,162390063,7305852,0.04305261
UNCID_1190415.3178484a-1651-4e2a-95ec-5c3ff91bf1f8.sorted_genome_alignments.bam,132972055,126923593,6048462,0.045486715
UNCID_1190606.f3c8d441-c3ca-40f8-99d6-f13a301b0848.sorted_genome_alignments.bam,211943472,194630757,17312715,0.081685531
UNCID_1190675.45849f05-6030-4a39-a4d1-2dc7642f0a89.sorted_genome_alignments.bam,198166114,188414013,9752101,0.049211749
UNCID_1190681.13e2f589-9847-45f4-a49f-20bd73d2b761.sorted_genome_alignments.bam,143962986,137396094,6566892,0.045615142
UNCID_1190690.4150a24d-4127-424e-8031-8459cb3dc2ec.sorted_genome_alignments.bam,171572065,159980403,11591662,0.067561476
UNCID_1190725.a2adfb0d-eee7-4400-b252-1f782e5a31ff.sorted_genome_alignments.bam,213883538,195695772,18187766,0.085035839
UNCID_1190795.e85b8500-9030-412b-abd3-d17d443ed1fc.sorted_genome_alignments.bam,175750350,169359635,6390715,0.03636246
UNCID_1190888.c6591d10-a67b-45b4-a893-81f395388535.sorted_genome_alignments.bam,178484716,143195384,35289332,0.197716268
UNCID_1190912.8236c198-1836-47e3-8766-ad19de805fd6.sorted_genome_alignments.bam,179610740,171210758,8399982,0.046767704
UNCID_1190920.05ee2da4-e22f-4cf0-911c-ca089ceba8f0.sorted_genome_alignments.bam,189800299,182238521,7561778,0.039840706
UNCID_1190932.a2fcd6c7-44d1-4070-b009-df912485d485.sorted_genome_alignments.bam,184705066,175410928,9294138,0.050318804
UNCID_1190989.b9f96e2c-1901-4167-8205-cfb3acc5ee88.sorted_genome_alignments.bam,208169795,198721075,9448720,0.045389486
UNCID_1191024.f2b83833-c94a-4fc1-ae6a-7caf4f3a1353.sorted_genome_alignments.bam,128404307,123723511,4680796,0.036453575
UNCID_1191074.48997d33-baf4-499d-9931-fa552d7fc313.sorted_genome_alignments.bam,129702780,97812037,31890743,0.245875555
UNCID_1191112.2c3cd302-e8f5-428e-bfa5-aaac33bb93e8.sorted_genome_alignments.bam,147857344,112045122,35812222,0.242207935
UNCID_1191134.08987013-c189-4816-af55-7ecb3d67ffda.sorted_genome_alignments.bam,134638918,130025143,4613775,0.034267766
UNCID_1191145.52917ca9-123b-4366-a852-99bcb5982284.sorted_genome_alignments.bam,208998857,200665696,8333161,0.039871802
UNCID_1191159.97b82ef4-290b-418c-a69d-f447d58686bb.sorted_genome_alignments.bam,185701767,177846466,7855301,0.042300626
UNCID_1191176.52d8cab6-af14-4311-af92-9b02eff8f665.sorted_genome_alignments.bam,160363796,143646333,16717463,0.104247114
UNCID_1191207.627e1c9b-194b-4bd8-aa60-57400a2682a6.sorted_genome_alignments.bam,266415691,254448993,11966698,0.044917392
UNCID_1191314.9bac7609-03e9-4f5a-8b88-48ffb1411a04.sorted_genome_alignments.bam,134089818,121087010,13002808,0.096970883
UNCID_1191330.a09990d3-3a16-4fad-b5d5-c45e9e4bc8b8.sorted_genome_alignments.bam,160456532,145232723,15223809,0.094878088
UNCID_1191368.43c73c50-4c72-4ab3-b2bd-793a512e5d0b.sorted_genome_alignments.bam,231000343,215971407,15028936,0.065060232
UNCID_1191397.b5cb608a-52e5-4ae3-93d3-ba512faca794.sorted_genome_alignments.bam,156184624,127482427,28702197,0.183770952
UNCID_1191570.a917a34c-dc6a-410a-8063-fed4a94dfbff.sorted_genome_alignments.bam,180663635,169891833,10771802,0.059623521
UNCID_1191684.acc16412-f539-46ab-bf42-d5188c026ca8.sorted_genome_alignments.bam,191635765,182549682,9086083,0.047413295
UNCID_1191803.11492c5b-441e-4461-b47b-f3802f580c58.sorted_genome_alignments.bam,209354287,200448195,8906092,0.042540767
UNCID_1191832.7694eaf3-732e-4b23-b8fe-ce713c1a4b18.sorted_genome_alignments.bam,197962474,178790619,19171855,0.096845905
UNCID_1192188.f5f7987f-dc7d-40b1-8959-10969abb2b1d.sorted_genome_alignments.bam,174478200,153646919,20831281,0.119391884
UNCID_1192343.37d223e3-aa7e-41dc-b530-bd3c8365ddd5.sorted_genome_alignments.bam,258057645,245309331,12748314,0.049401032
UNCID_1192365.af274b1f-57cf-43a1-8ae2-3eb8b868ecda.sorted_genome_alignments.bam,134740288,129282461,5457827,0.040506274
UNCID_1192448.68387300-716c-4a6b-920f-9b663750a376.sorted_genome_alignments.bam,206393403,198408846,7984557,0.038686106
UNCID_1192482.5fd3a24b-6c3a-426c-a647-c2cb711a497b.sorted_genome_alignments.bam,246796059,233507837,13288222,0.053842926
UNCID_1192518.691a4719-d360-4145-84ad-85baf023d92f.sorted_genome_alignments.bam,197146612,188058470,9088142,0.046098393
UNCID_1192537.0f380c26-38fb-41ff-880f-2490b4259695.sorted_genome_alignments.bam,154715228,138845287,15869941,0.102575171
UNCID_1192553.6bb98c7f-6a92-4947-86d7-06b65e0dfc73.sorted_genome_alignments.bam,173369957,165631833,7738124,0.044633592
UNCID_1192630.ca067004-231d-4d11-8cc9-211e73b2d2e4.sorted_genome_alignments.bam,171399339,157824204,13575135,0.079201793
UNCID_1192631.629a955f-252f-45f5-9289-59349e0b23f3.sorted_genome_alignments.bam,148028769,125743095,22285674,0.150549614
UNCID_1192792.54ef8e19-fd0b-417a-a083-3892bb8d651b.sorted_genome_alignments.bam,217191078,207838535,9352543,0.043061359
UNCID_1192835.99bee4e6-789c-4cd9-84e4-f15f1408480d.sorted_genome_alignments.bam,167159578,152660743,14498835,0.08673649
UNCID_1192866.a9a2d1bf-8296-440d-92a3-d4115e1482ba.sorted_genome_alignments.bam,190386519,179400412,10986107,0.057704227
UNCID_1192867.d44bd908-b2b4-4f7e-8d10-7719d866b9df.sorted_genome_alignments.bam,166893251,160441098,6452153,0.038660359
UNCID_1192868.5a4ad263-7126-42f8-a2b2-f534dfaf50f9.sorted_genome_alignments.bam,150885817,142096621,8789196,0.058250644
UNCID_1192884.84645ee1-832e-4dcc-8e77-6aa55130f280.sorted_genome_alignments.bam,214138606,200534050,13604556,0.063531543
UNCID_1192914.c60635ad-1fc5-4262-b549-1e60e3df1f63.sorted_genome_alignments.bam,120270910,115905222,4365688,0.036298786
UNCID_1192973.e74353da-287f-4f4f-abf4-28361407e470.sorted_genome_alignments.bam,169280271,146991862,22288409,0.131665721
UNCID_1192974.2a83812c-0319-45c7-9e17-0849b9dc77ec.sorted_genome_alignments.bam,117459957,109846153,7613804,0.064820422
UNCID_1193013.b75bc28e-b611-4edc-b5fa-ffc842a2b596.sorted_genome_alignments.bam,149176342,131669794,17506548,0.117354721
UNCID_1193021.14c027ea-836d-4402-b0c4-9feb68e523fa.sorted_genome_alignments.bam,166509569,154599267,11910302,0.071529234
UNCID_1193152.9deea671-7443-45bd-a45f-97fde279c948.sorted_genome_alignments.bam,150254805,137310572,12944233,0.086148546
UNCID_1193279.48c6075a-684e-4229-9c89-d96f5cd56465.sorted_genome_alignments.bam,215408778,205977718,9431060,0.043782153
UNCID_1193451.df706c43-0d65-49aa-9277-3e43bc7aa35d.sorted_genome_alignments.bam,198903054,191645750,7257304,0.036486639
UNCID_1193462.19c97e3d-f5af-4301-92f4-be8ac9e27427.sorted_genome_alignments.bam,132387467,127547040,4840427,0.036562577
UNCID_1193529.ac6cafa5-1275-4dde-8927-83095f115919.sorted_genome_alignments.bam,204734049,197402477,7331572,0.035810223
UNCID_1193547.3df74d09-4b20-44f3-88cc-42bfb24892eb.sorted_genome_alignments.bam,168441371,142085124,26356247,0.15647134
UNCID_1193578.039a7b01-3a1f-40d4-a636-09e2819db256.sorted_genome_alignments.bam,223075104,194257462,28817642,0.129183587
UNCID_1193638.017b8d94-3c24-4bb0-9aff-f8bc623d2f4b.sorted_genome_alignments.bam,176208488,158304426,17904062,0.101607262
UNCID_1193744.b7896fd3-9fc0-47cc-aecf-c1ab6d7ded37.sorted_genome_alignments.bam,280351826,265722489,14629337,0.052182064
UNCID_1193763.d55ddb42-bf9f-45a0-82f4-1a952895cc48.sorted_genome_alignments.bam,212481225,204237127,8244098,0.038799183
UNCID_1193796.e1fcddbc-f890-4098-b1a4-bbac561ddf54.sorted_genome_alignments.bam,143849500,131812888,12036612,0.083675035
UNCID_1193970.7191a1d9-317b-465b-992b-4f84163ad8a0.sorted_genome_alignments.bam,95139061,89541375,5597686,0.058836885
UNCID_1194020.1315b6cb-2252-48d6-b2dc-446b472cf4b9.sorted_genome_alignments.bam,150100354,98752656,51347698,0.34208912
UNCID_1194026.8b3062fd-dd51-4bc0-a858-6783b3b5fe08.sorted_genome_alignments.bam,177578829,169266622,8312207,0.046808547
UNCID_1194301.176143e0-adb3-4791-8075-2cbc16601cd5.sorted_genome_alignments.bam,109155062,105365474,3789588,0.034717474
UNCID_1194335.fe66d7a7-c591-4dbb-9e05-12c5fa3fa814.sorted_genome_alignments.bam,116736931,108630574,8106357,0.069441238
UNCID_1194412.b8e62048-d0a6-4b0f-8e57-e406b783f698.sorted_genome_alignments.bam,139655674,134971265,4684409,0.033542561
UNCID_1194680.3f4b75cc-f573-4ee1-87b6-d9176aed25e8.sorted_genome_alignments.bam,169863451,162117138,7746313,0.045603177
UNCID_1194728.d9d35aa6-5185-4da7-b794-6f0b07242b61.sorted_genome_alignments.bam,147313262,141614625,5698637,0.038683802
UNCID_1194908.77144430-5eb5-4ac4-9e08-460911d9a614.sorted_genome_alignments.bam,165863592,161011302,4852290,0.029254702
UNCID_1195190.ae10b2d3-93c1-44ed-866f-456bc56bdbde.sorted_genome_alignments.bam,118631629,114064042,4567587,0.03850227
UNCID_1195205.971e703e-937d-44e2-bbd5-d897664c387a.sorted_genome_alignments.bam,197504839,188072983,9431856,0.047755063
UNCID_1195241.011f1e57-18d7-4cb0-8cb4-af7b151496b9.sorted_genome_alignments.bam,186051607,177531671,8519936,0.045793402
UNCID_1195321.a687e665-43b5-49ef-9dbf-cac4a8adf2ad.sorted_genome_alignments.bam,118263149,114244153,4018996,0.033983502
UNCID_1195371.ba669795-a69d-4266-888b-65b70d92c233.sorted_genome_alignments.bam,155714380,149567475,6146905,0.039475513
UNCID_1195405.c43207c0-edd2-4a86-a8c0-afc179996389.sorted_genome_alignments.bam,253023807,235936485,17087322,0.067532467
UNCID_1195597.bcab2c32-2220-4d3f-920f-81af3a7df7eb.sorted_genome_alignments.bam,205157679,191730833,13426846,0.065446471
UNCID_1195686.d42b6c18-2a0a-42b2-946b-cc304a1619c2.sorted_genome_alignments.bam,172937311,163206389,9730922,0.056268494
UNCID_1195697.76fe3be8-302c-420c-88a6-fe6cedd501b4.sorted_genome_alignments.bam,140385706,135512049,4873657,0.034716191
UNCID_1195876.8d7fdc1d-55f9-435b-8ecb-5dd94b484580.sorted_genome_alignments.bam,129406466,125846640,3559826,0.027508873
UNCID_1195973.7aeb99af-b170-4aa4-bef6-a44f3804e0a9.sorted_genome_alignments.bam,148835805,141853623,6982182,0.046911978
UNCID_1196048.48001fdd-8904-4ce7-a52c-519fdee5e246.sorted_genome_alignments.bam,119062545,115387768,3674777,0.030864257
UNCID_1196100.290f7ce8-0c18-49bf-b702-8759f7de5c41.sorted_genome_alignments.bam,178705770,169863994,8841776,0.049476724
UNCID_1196127.d7ce364d-1a7b-4126-b378-41b46ee55477.sorted_genome_alignments.bam,114579479,109633198,4946281,0.043168995
UNCID_1196169.f7d99218-d737-4034-b989-6af2da33508e.sorted_genome_alignments.bam,248032249,234395115,13637134,0.054981294
UNCID_1196302.ac4b7704-ac9b-4f01-8cbe-a2fe0315f66c.sorted_genome_alignments.bam,216440856,204479920,11960936,0.055261914
UNCID_1196356.92fed6cd-4439-4c1f-af25-97ed083b9499.sorted_genome_alignments.bam,164683386,158368575,6314811,0.038345161
UNCID_1196444.77508c31-ef21-4595-9d31-68b4ef466213.sorted_genome_alignments.bam,134864900,130722238,4142662,0.030717125
UNCID_1196453.281f0aba-c594-489a-bcfb-acefeee31e95.sorted_genome_alignments.bam,157499974,151655464,5844510,0.037108006
UNCID_1196454.583c86e8-7fc1-432e-9c42-76efb62c0cee.sorted_genome_alignments.bam,138932117,134188950,4743167,0.034140177
UNCID_1196504.ae6f4f2a-e9b9-4004-9e56-1450afa6f3c7.sorted_genome_alignments.bam,196234304,189874779,6359525,0.032407815
UNCID_1196510.9f81bec3-d63d-4fd5-af05-462099662682.sorted_genome_alignments.bam,225836333,213116881,12719452,0.056321549
UNCID_1196625.57d1a8bf-3b98-4bd6-98cc-4bbd48a0ed2d.sorted_genome_alignments.bam,144617429,139925848,4691581,0.032441325
UNCID_1196698.a002b797-4896-4ed3-8725-0e59e3f993c6.sorted_genome_alignments.bam,153221119,147594715,5626404,0.036720813
UNCID_1196736.12a59c4a-fb09-4063-9bb5-6161b10240e0.sorted_genome_alignments.bam,196048159,186679377,9368782,0.047788166
UNCID_1196741.723b1149-f2eb-41d5-bcf9-cd30d6a0ed38.sorted_genome_alignments.bam,168379072,161089029,7290043,0.043295422
UNCID_1196832.3097579d-f791-4677-a115-0fb1389b0274.sorted_genome_alignments.bam,123479067,116727440,6751627,0.054678312
UNCID_1196932.d77d4850-de1b-4cff-93a1-3accc6a0cb46.sorted_genome_alignments.bam,166829353,151374000,15455353,0.092641689
UNCID_1196933.9b7edbf2-ea59-4387-b556-82d0f57a46d4.sorted_genome_alignments.bam,258621142,244730185,13890957,0.053711606
UNCID_1197001.a22eb94b-5118-4eea-85f2-b0343112af62.sorted_genome_alignments.bam,142908414,138542385,4366029,0.030551238
UNCID_1197025.a618a270-ce31-4b9c-914a-3a44a1ede588.sorted_genome_alignments.bam,142036104,137132661,4903443,0.034522511
UNCID_1197035.4d14a99c-0231-417e-9d5b-66763fe3fd4c.sorted_genome_alignments.bam,214388768,207229008,7159760,0.033396153
UNCID_1197053.f8942f2d-b5aa-4648-bd7c-9a4e79d843fb.sorted_genome_alignments.bam,169070602,154091670,14978932,0.088595722
UNCID_1197103.628f0d31-99d8-4519-859a-84ae5dd327a7.sorted_genome_alignments.bam,136728240,131509438,5218802,0.038169159
UNCID_1197145.4e89f83e-833f-4478-a7b4-5b4faf5cfeb4.sorted_genome_alignments.bam,133089783,128490465,4599318,0.03455801
UNCID_1197176.12ecf406-9bce-4813-84a5-46819c48265b.sorted_genome_alignments.bam,171834914,164734953,7099961,0.041318501
UNCID_1197204.2d67443d-14ec-48f7-93e0-e409b1729587.sorted_genome_alignments.bam,139164423,132488724,6675699,0.047969868
UNCID_1197219.0a78bfd7-a00c-447f-b5f4-f3111a0f67af.sorted_genome_alignments.bam,225839259,214538122,11301137,0.050040622
UNCID_1197232.f9b475ac-3fe7-40ac-be42-3d1d2572137d.sorted_genome_alignments.bam,174810357,166869086,7941271,0.04542792
UNCID_1197252.a054d780-7ac0-4c63-bcb7-4f2a8ea8a6f7.sorted_genome_alignments.bam,254169480,238539725,15629755,0.061493437
UNCID_1197392.e912621f-4803-46d2-a056-378dc3fcf8b4.sorted_genome_alignments.bam,164369646,156529007,7840639,0.047701259
UNCID_1197406.181ba652-f81f-4077-88d7-02a4a7fe2312.sorted_genome_alignments.bam,214071218,203017566,11053652,0.051635395
UNCID_1197433.f66ad0c1-2663-4f0d-80b0-fbdb6a94e607.sorted_genome_alignments.bam,142737974,132642515,10095459,0.070727212
UNCID_1197489.861d5a46-37e6-4860-96d0-e5edc6d79230.sorted_genome_alignments.bam,111059398,105204495,5854903,0.052718663
UNCID_1197509.9d0b7c48-b1ce-4f72-9b1d-38cdc08abaab.sorted_genome_alignments.bam,124957168,117941995,7015173,0.056140621
UNCID_1197577.4cfe91dd-92ea-489c-ac47-66ee0bbbeab5.sorted_genome_alignments.bam,120726103,115857486,4868617,0.040327791
UNCID_1197705.3497c0d8-c7b0-43ca-92a2-30ea6cd61bde.sorted_genome_alignments.bam,119358976,115271716,4087260,0.034243424
UNCID_1197798.469f052a-477e-498a-ba3b-f288dcbc306f.sorted_genome_alignments.bam,145887343,137951153,7936190,0.054399442
UNCID_1197905.9cb6df63-9eb5-47ef-a56c-ea1ec9d25f31.sorted_genome_alignments.bam,168387581,161647539,6740042,0.040026954
UNCID_1198198.61de326f-12b9-47b4-948e-c84c75e6231f.sorted_genome_alignments.bam,107774684,103285588,4489096,0.041652602
UNCID_1198235.d6751801-aadf-461d-9cdd-2dd810ca951f.sorted_genome_alignments.bam,189345209,182662092,6683117,0.035295939
UNCID_1198289.7ea95d05-854f-40b3-b308-a6df97f5c805.sorted_genome_alignments.bam,133579220,128213698,5365522,0.04016734
UNCID_1198435.331fc3b5-9168-4626-948d-726a440b2de7.sorted_genome_alignments.bam,209730912,200867204,8863708,0.042262287
UNCID_1198565.efae5d84-edd3-41ec-940c-36651747147c.sorted_genome_alignments.bam,148423498,143814205,4609293,0.031055009
UNCID_1198568.09b4506e-729d-47fd-a08b-fef5f191b380.sorted_genome_alignments.bam,153451712,148058249,5393463,0.035147624
UNCID_1198873.507264df-eae4-4e84-8ba6-b883190665e9.sorted_genome_alignments.bam,186575299,179225342,7349957,0.039394052
UNCID_1198897.cebcf9cc-ba52-4e68-8e20-0f9d0914f640.sorted_genome_alignments.bam,155554914,150742852,4812062,0.030934812
UNCID_1198946.09b99edb-804b-4df5-bae6-9b192f9345ce.sorted_genome_alignments.bam,207147323,195784734,11362589,0.054852695
UNCID_1198969.759ef11a-b0fa-431e-93f9-250bc7f33045.sorted_genome_alignments.bam,163833411,158551164,5282247,0.032241574
UNCID_1199012.aafaf3c4-9f80-40ab-af90-03f2ceda4e87.sorted_genome_alignments.bam,130346004,124808321,5537683,0.042484486
UNCID_1199017.8f94529e-99ea-4c86-935f-898cba73b13d.sorted_genome_alignments.bam,103075074,99005728,4069346,0.039479438
UNCID_1199053.1e7a1b9c-d1eb-4156-baea-bd70a03927f0.sorted_genome_alignments.bam,160608484,156539496,4068988,0.025334826
UNCID_1199080.c0520da1-6999-4dec-b750-06dbec9237dc.sorted_genome_alignments.bam,177567940,162976013,14591927,0.082176585
UNCID_1199129.70544bed-6e2a-45f0-9b7c-e4f44705935f.sorted_genome_alignments.bam,119832312,115796896,4035416,0.033675525
UNCID_1199154.4ddde480-db18-4320-926b-6b846347deeb.sorted_genome_alignments.bam,134918246,128263121,6655125,0.049327094
UNCID_1199257.22ea48ec-bba0-43cf-81ce-b6977f06c8c1.sorted_genome_alignments.bam,113504626,108230961,5273665,0.046462115
UNCID_1199268.338fe759-3976-4d63-98fa-7de1c7aeef0b.sorted_genome_alignments.bam,132824358,127253071,5571287,0.041944769
UNCID_1199289.b0d47e92-693d-41af-8df1-1c762ae35251.sorted_genome_alignments.bam,139893733,134675641,5218092,0.037300399
UNCID_1199300.4fb0c748-a026-4ef6-bce8-4c1568721a37.sorted_genome_alignments.bam,174984725,168256839,6727886,0.038448419
UNCID_1199325.67c91ebf-e8c6-4ec8-a8be-4aa3064332db.sorted_genome_alignments.bam,152230288,146718514,5511774,0.036206816
UNCID_1199358.a5702ea5-2ed9-40c9-881e-f20dcdc904a1.sorted_genome_alignments.bam,175208939,169416354,5792585,0.033061013
UNCID_1199447.c62df097-1c46-4da1-a61f-ea521ed57808.sorted_genome_alignments.bam,124829257,119760344,5068913,0.040606771
UNCID_1199475.b8681080-c173-4ba5-9739-46a21117a723.sorted_genome_alignments.bam,122718271,116802489,5915782,0.048206204
UNCID_1199476.9a28384b-79ee-4fc6-a9a8-4b3df2cdd966.sorted_genome_alignments.bam,131287488,125615335,5672153,0.043204064
UNCID_1199518.d758addf-a866-45b6-819a-159f814206cb.sorted_genome_alignments.bam,168613111,160022474,8590637,0.050948808
UNCID_1199519.6e211a6f-4427-459e-880f-de9e32da39fe.sorted_genome_alignments.bam,114792003,109918041,4873962,0.042459073
UNCID_1199563.d5135d27-eb15-4547-ba2f-b8a58e771ee1.sorted_genome_alignments.bam,137702333,132288622,5413711,0.039314592
UNCID_1199592.890fcbee-5720-4a9e-8d71-bb623705e71b.sorted_genome_alignments.bam,166755020,160514964,6240056,0.037420499
UNCID_1199623.ad98ce63-0a5d-46cc-b1cc-ee2aebe8ae59.sorted_genome_alignments.bam,177545024,168273555,9271469,0.052220382
UNCID_1199648.7fa313da-8602-4476-b33c-8a84bcdff739.sorted_genome_alignments.bam,129312334,123227914,6084420,0.047052124
UNCID_1199671.2400f684-652a-4e12-b62f-0af54ef44423.sorted_genome_alignments.bam,167424235,162573706,4850529,0.028971487
UNCID_1199672.8a1167d8-5eb6-48e4-9fe9-b75cc51c56de.sorted_genome_alignments.bam,123033782,117911337,5122445,0.041634459
UNCID_1199673.c188f518-1725-4629-93d3-faf1bacc609c.sorted_genome_alignments.bam,134787737,127911755,6875982,0.051013409
UNCID_1199699.c2d8f73a-7e62-4d75-98fc-9813beb72cd2.sorted_genome_alignments.bam,130008121,124959639,5048482,0.038832051
UNCID_1199765.1bf736fc-ad3f-40f0-9b95-2bf2e774f5fc.sorted_genome_alignments.bam,159921824,153465021,6456803,0.040374746
UNCID_1199793.e91714b9-a646-4690-a1ca-1354d40dd2bf.sorted_genome_alignments.bam,134717721,129270668,5447053,0.040433085
UNCID_1199794.961472b2-ef4f-43c9-9027-06cd2d39610c.sorted_genome_alignments.bam,160644841,153165544,7479297,0.046557966
UNCID_1199840.f5de2436-f768-42ab-8a59-245407f26b24.sorted_genome_alignments.bam,129618565,124430172,5188393,0.040028163
UNCID_1200065.f50c8533-64d4-467b-b05e-01fdb6562853.sorted_genome_alignments.bam,146861870,138590472,8271398,0.056320936
UNCID_1200097.d9b3816c-55ff-4765-983a-2376a450a9b8.sorted_genome_alignments.bam,156977323,151702819,5274504,0.03360042
UNCID_1200102.406a5a39-e56d-4141-8c6e-cba3e85f579c.sorted_genome_alignments.bam,146229951,141828386,4401565,0.030100297
UNCID_1200144.b934a7ef-afb8-4c82-8c80-51cdfe9fbad7.sorted_genome_alignments.bam,122831652,118663052,4168600,0.033937507
UNCID_1200145.e05df2b0-72ea-4ffe-b37f-fc69c6abf4c7.sorted_genome_alignments.bam,184055029,177768080,6286949,0.034157985
UNCID_1200155.79a2af2f-2582-4ebb-9ee5-0c20daa90fd8.sorted_genome_alignments.bam,173890035,168212100,5677935,0.032652446
UNCID_1200192.810cbf0c-2c8c-419a-9fa0-780552841ac2.sorted_genome_alignments.bam,153604358,148017844,5586514,0.036369502
UNCID_1200226.33512525-de21-49d1-ad79-f1e284b0b3a2.sorted_genome_alignments.bam,125412395,110004117,15408278,0.122860886
UNCID_1200349.485298b8-9432-4f8b-ac0f-20073cf82dfd.sorted_genome_alignments.bam,152466396,147405614,5060782,0.03319277
UNCID_1200400.3e7ca8b8-31a0-4343-8ff3-1f2ba431de11.sorted_genome_alignments.bam,152233376,146983201,5250175,0.034487674
UNCID_1200419.c5ef0a62-11d2-4e8b-8ac0-106ab530d35e.sorted_genome_alignments.bam,126397744,117647855,8749889,0.069225041
UNCID_1200590.4956b898-4f6c-4acd-ae5a-a85964073ba0.sorted_genome_alignments.bam,174699731,168448585,6251146,0.03578223
UNCID_1200826.a284bc7d-ad6b-4122-9aac-7268297e8704.sorted_genome_alignments.bam,154928358,149103233,5825125,0.03759883
UNCID_1200833.fd2f5ac4-4119-491b-bcc6-7cd5d70922b9.sorted_genome_alignments.bam,85484168,81518752,3965416,0.046387724
UNCID_1200883.cc541704-0f6c-413e-8049-77eaba992844.sorted_genome_alignments.bam,190698611,183057150,7641461,0.040070879
UNCID_1201026.5a775e87-c4e5-4875-bc64-e2e2a59376e8.sorted_genome_alignments.bam,65403218,63335914,2067304,0.031608598
UNCID_1201029.7c4ee68b-d39f-4762-b39f-a40787413af6.sorted_genome_alignments.bam,177645785,171518888,6126897,0.034489403
UNCID_1201076.3a02dae1-49a3-430d-9075-2d9d4bad6593.sorted_genome_alignments.bam,172761743,166253848,6507895,0.037669769
UNCID_1201141.3d563365-c563-4fba-b67b-8aad1af89eab.sorted_genome_alignments.bam,64429185,60256261,4172924,0.064767605
UNCID_1201155.7ee4963f-9682-46b1-8946-4c726fd81c39.sorted_genome_alignments.bam,71885927,68442596,3443331,0.047899932
UNCID_1201162.aed585d4-f5ff-4de3-a405-64c6c057d52e.sorted_genome_alignments.bam,156909776,151314440,5595336,0.035659575
UNCID_1201223.d6cb14d4-1ee1-4d83-ad3f-efa19969c00f.sorted_genome_alignments.bam,175846904,169090006,6756898,0.03842489
UNCID_1201386.32b0cb14-af29-4f2e-a1c9-3510c8a03c97.sorted_genome_alignments.bam,206466558,198683370,7783188,0.037697088
UNCID_1201519.821a5315-e4a2-4005-b5fc-572b32a2386a.sorted_genome_alignments.bam,69646703,62626384,7020319,0.100799014
UNCID_1201524.17340b58-dd83-4a86-8a17-1bfd7de839bf.sorted_genome_alignments.bam,177352743,167042909,10309834,0.058131799
UNCID_1201619.988e9e29-398e-45af-a4da-b6e7d119b776.sorted_genome_alignments.bam,66269388,63213666,3055722,0.046110611
UNCID_1201851.ad99e8c5-a7a3-4558-99fd-2dd1e3b2a17d.sorted_genome_alignments.bam,182711096,176590145,6120951,0.033500708
UNCID_1202158.0ab304f8-0976-4637-8955-199e1782ab16.sorted_genome_alignments.bam,69290974,62726177,6564797,0.094742455
UNCID_1202177.ab215c47-4678-4ca9-8cd3-ac6e3e804c05.sorted_genome_alignments.bam,69427997,67038481,2389516,0.034417182
UNCID_1202215.e3958992-3206-4cdd-8bc9-38fd43853800.sorted_genome_alignments.bam,68288751,65349915,2938836,0.043035433
UNCID_1202301.7fc439bd-83b5-45e5-809d-76aad04fe545.sorted_genome_alignments.bam,148809010,142474313,6334697,0.042569311
UNCID_1202449.f9faf081-c497-44a3-9df1-da2be95e41d0.sorted_genome_alignments.bam,91446627,80533704,10912923,0.119336528
UNCID_1202585.0cfbefba-24ff-474b-8bfa-b44a1f71b48c.sorted_genome_alignments.bam,76038945,69475778,6563167,0.086313231
UNCID_1202589.8d895d3d-9598-459b-813e-3fc84dd3efe8.sorted_genome_alignments.bam,85011519,82067049,2944470,0.03463613
UNCID_1202652.d41fd6e3-f45d-40df-86bc-7fb9d2e3cdd3.sorted_genome_alignments.bam,98735537,90482174,8253363,0.083590602
UNCID_1202961.5dd07bce-4395-4665-bed7-5b90d049867b.sorted_genome_alignments.bam,201136610,194065247,7071363,0.035157016
UNCID_1203090.900735b7-3870-421e-8c87-3f4e86fc8dae.sorted_genome_alignments.bam,71770384,68479120,3291264,0.045858247
UNCID_1203137.13e20aec-d506-4fa0-a6e1-121e76dcedc4.sorted_genome_alignments.bam,67658650,62596981,5061669,0.074811853
UNCID_1203355.aa1dfe29-6e97-4b20-b439-1d06455dfc56.sorted_genome_alignments.bam,69667215,64153310,5513905,0.079146339
UNCID_1203612.66b0fb5a-0587-4d01-8960-29c19c0b0b20.sorted_genome_alignments.bam,72171302,65752276,6419026,0.08894153
UNCID_1203851.44205bf0-b593-4c0d-9aeb-4e604314e10f.sorted_genome_alignments.bam,98073099,95367292,2705807,0.027589696
UNCID_1203884.fb59e5ad-650a-4620-af05-9e8cb6c402ea.sorted_genome_alignments.bam,125216193,110917010,14299183,0.114195957
UNCID_1204604.5eae1d0f-5ca1-499b-963f-2fce4807ccc6.sorted_genome_alignments.bam,70357888,68349859,2008029,0.028540211
UNCID_1204662.57f72fed-dcb9-4bba-8810-30c254f4635c.sorted_genome_alignments.bam,73868995,67145241,6723754,0.091022681
UNCID_1204675.96ce80fe-0e77-4db4-b038-b73beb66a22c.sorted_genome_alignments.bam,269570686,261442213,8128473,0.030153401
UNCID_1204758.274a99f3-1b61-48f3-afab-11088c63f488.sorted_genome_alignments.bam,131208561,119906277,11302284,0.086139837
UNCID_1204807.db278ebc-bf83-43c0-8a60-a863786ea973.sorted_genome_alignments.bam,147759636,132988402,14771234,0.099967991
UNCID_1204966.68f75980-9246-46b2-82d2-41abd9a72998.sorted_genome_alignments.bam,164086064,156780564,7305500,0.044522367
UNCID_1204998.cdc81d17-1d85-42e5-a3ec-f458e6ab83f6.sorted_genome_alignments.bam,66605783,64481616,2124167,0.03189163
UNCID_1205100.bbf4c600-a4c5-4ad6-8842-d90639aab690.sorted_genome_alignments.bam,85403961,82584733,2819228,0.033010506
UNCID_1205114.29f0cffb-22a7-40a7-964d-9b84d7c5b442.sorted_genome_alignments.bam,107319679,97489304,9830375,0.091598997
UNCID_1205868.9ae0702d-672e-44c0-b548-25e11c198887.sorted_genome_alignments.bam,71443536,69227317,2216219,0.031020567
UNCID_1206017.4a74dbdf-f817-47ce-a162-415535183bf4.sorted_genome_alignments.bam,18903156,17980329,922827,0.048818673
UNCID_1206100.2f11f003-9c39-46ba-990f-10d326953f1b.sorted_genome_alignments.bam,172326719,154690184,17636535,0.10234359
UNCID_1206168.f5a01f2f-247a-42a0-a713-ba6f8bb8d03e.sorted_genome_alignments.bam,82578511,75066770,7511741,0.09096484
UNCID_1206686.ea55c131-97f8-49cc-a445-87523ce1f075.sorted_genome_alignments.bam,57848777,54900852,2947925,0.050959159
UNCID_1207082.5e45c9ab-f5fe-497b-b919-72b0d8dec83d.sorted_genome_alignments.bam,80158176,73521127,6637049,0.082799402
UNCID_1207136.af2f26d9-617a-42f3-a083-352d5e576460.sorted_genome_alignments.bam,69660952,67503894,2157058,0.030965095
UNCID_1207173.190cca34-43f6-4d87-93fc-e36220f1782f.sorted_genome_alignments.bam,77279905,71848571,5431334,0.070281323
UNCID_1207202.44d80508-53d8-4ba3-b263-8c31e4b58096.sorted_genome_alignments.bam,91103911,85968917,5134994,0.056364144
UNCID_1207257.3cc3fe41-c7e8-4dcf-99a0-a488f7763e93.sorted_genome_alignments.bam,86813836,78215992,8597844,0.099037716
UNCID_1207258.c019f320-2e0e-4f00-a393-2e5717d64cc0.sorted_genome_alignments.bam,85189934,81433008,3756926,0.044100586
UNCID_1207290.013f7a4f-eec9-4ba8-8473-6515cdc9be68.sorted_genome_alignments.bam,84971178,75929236,9041942,0.106411871
UNCID_1207366.e9c07b6c-0a18-44ff-90cd-d39ae6c47fd6.sorted_genome_alignments.bam,101768992,97136859,4632133,0.045516153
UNCID_1207423.472518f5-c62b-4e50-9ea9-077a44a8f117.sorted_genome_alignments.bam,111277956,106787543,4490413,0.040353123
UNCID_1207439.987c7eea-648f-4feb-8239-0b9151a74331.sorted_genome_alignments.bam,105756706,96293087,9463619,0.089484812
UNCID_1207480.29af0307-5d76-462d-beee-18e8c4f179b8.sorted_genome_alignments.bam,117336207,109000553,8335654,0.071040766
UNCID_1207487.8d78dad5-81bc-41d5-83db-10bec2cf114e.sorted_genome_alignments.bam,95588730,91167523,4421207,0.046252388
UNCID_1207521.e2a7336c-5262-433a-ad52-8834eaee2e1e.sorted_genome_alignments.bam,95341910,91805391,3536519,0.037093016
UNCID_1207544.90f81e56-e1db-4c5d-9a59-02b765362cd3.sorted_genome_alignments.bam,66957970,64497015,2460955,0.036753728
UNCID_1207583.fa7ae96d-aa85-4328-8806-abed43d7d561.sorted_genome_alignments.bam,74624282,72161401,2462881,0.033003748
UNCID_1207627.2ef846b1-a0f9-412e-a72e-6dab6543d41f.sorted_genome_alignments.bam,144609597,137348886,7260711,0.050209054
UNCID_1207634.80032260-febc-4069-9897-e36cf1118e68.sorted_genome_alignments.bam,143350186,136512090,6838096,0.047702038
UNCID_1207635.912bb19e-3ac4-4f39-be62-d583d2af893b.sorted_genome_alignments.bam,113945888,109387188,4558700,0.040007587
UNCID_1207649.597e959c-bab8-4234-b57b-1b8413de7955.sorted_genome_alignments.bam,206059990,199127165,6932825,0.033644692
UNCID_1207670.220d4f21-012b-4e06-aabf-a32d23f28a78.sorted_genome_alignments.bam,152952719,145669856,7282863,0.047615126
UNCID_1207938.006eb1bc-b058-49b9-8c2d-3c50f2427d95.sorted_genome_alignments.bam,215066014,209128654,5937360,0.027607151
UNCID_1207956.c18d4714-5af9-4370-8b6d-f86b0c43b285.sorted_genome_alignments.bam,140290131,128527234,11762897,0.083846931
UNCID_1207972.0f8cdcd1-bcf6-4591-97f1-43202071326b.sorted_genome_alignments.bam,231546108,218894938,12651170,0.0546378
UNCID_1207973.bba9333a-09f7-4585-b22e-e4ae4049f7da.sorted_genome_alignments.bam,170040613,162116744,7923869,0.046599861
UNCID_1207980.847f00ce-5f09-4e12-90c5-ebdf7612d707.sorted_genome_alignments.bam,156313289,147749980,8563309,0.054782988
UNCID_1208084.bfad522f-6130-424d-8497-99cac9714966.sorted_genome_alignments.bam,169791831,154634249,15157582,0.089271562
UNCID_1208091.38574f35-5845-4a7d-8657-da3d8757a0eb.sorted_genome_alignments.bam,178773698,174340244,4433454,0.024799252
UNCID_1208108.c63e6cf3-936d-4d14-ab87-11aa4ef51242.sorted_genome_alignments.bam,171259078,162234967,9024111,0.052692745
UNCID_1208152.3d86f6ec-741c-4da5-836e-28b029b32706.sorted_genome_alignments.bam,205235078,198898758,6336320,0.030873475
UNCID_1208229.9d983613-1588-48a2-a515-7afae7aafc92.sorted_genome_alignments.bam,162937491,153850418,9087073,0.055770302
UNCID_1208314.fa3183f2-b71c-4837-8b1e-5e29336caf62.sorted_genome_alignments.bam,190498765,180536073,9962692,0.052297935
UNCID_1208479.4bf69802-8bd2-4463-8c33-cf5360bf0262.sorted_genome_alignments.bam,158050883,153739286,4311597,0.027279803
UNCID_1208596.325c6503-12a1-4985-99a0-b968850f9d92.sorted_genome_alignments.bam,136904583,133010874,3893709,0.028441042
UNCID_1208764.77e1b878-fcff-4541-9cb5-85e0dce7b721.sorted_genome_alignments.bam,79143179,74188836,4954343,0.062599747
UNCID_1208864.0ca8b8b7-f805-4c2a-834d-01790c9d7504.sorted_genome_alignments.bam,155519095,151296662,4222433,0.027150576
UNCID_1208983.d9f5e680-b72e-4a64-942b-191154d8012a.sorted_genome_alignments.bam,180441271,169096966,11344305,0.062869791
UNCID_1209022.d1a8d88d-1708-4959-9695-6f2e67853bd5.sorted_genome_alignments.bam,180474202,172101156,8373046,0.046394697
UNCID_1209060.e6a101b9-61f9-4ed1-a59f-d9db3fdb4555.sorted_genome_alignments.bam,186956859,178984905,7971954,0.042640607
UNCID_1209178.2f1c17bf-53ac-4537-af66-0d5253a53355.sorted_genome_alignments.bam,102518229,94605776,7912453,0.077180937
UNCID_1209239.020f448b-0242-4ff7-912a-4598d0b49055.sorted_genome_alignments.bam,153694644,149541498,4153146,0.027022061
UNCID_1209266.102d50cb-a421-42d3-b417-be1e96a85ec8.sorted_genome_alignments.bam,78266524,71948288,6318236,0.080727183
UNCID_1209270.9caa440e-a8a6-4851-b62e-4ebb09412fad.sorted_genome_alignments.bam,80764224,76720240,4043984,0.050071477
UNCID_1209363.7ddfe620-b0a4-4b06-8568-1e6e03ba3f76.sorted_genome_alignments.bam,118475239,114303398,4171841,0.035212767
UNCID_1209414.ad22630d-693d-46c9-b785-5343b08679b5.sorted_genome_alignments.bam,94346502,91744533,2601969,0.02757886
UNCID_1209438.d785b32a-686a-43d6-9e0b-0b63cfd63772.sorted_genome_alignments.bam,162698373,152284201,10414172,0.064009073
UNCID_1209594.89d28931-1552-4274-8abb-9fba776c06f7.sorted_genome_alignments.bam,163595290,158682165,4913125,0.030032191
UNCID_1209597.47039a8f-de54-4ff9-84e2-6c1cdcd97dc0.sorted_genome_alignments.bam,166058799,156500963,9557836,0.057556938
UNCID_1209695.61a9951d-6005-4d5a-a7ac-1146399de61c.sorted_genome_alignments.bam,168468453,161958093,6510360,0.038644386
UNCID_1209795.400b226d-d5a5-444a-9b0e-33c6c7252d1e.sorted_genome_alignments.bam,176364099,170490914,5873185,0.033301477
UNCID_1209803.968143b4-2bc1-4c77-88e7-a907a7cd018c.sorted_genome_alignments.bam,176017032,170184074,5832958,0.0331386
UNCID_1209889.6c390573-7472-441d-956b-9f4747a18f2b.sorted_genome_alignments.bam,165331556,159548595,5782961,0.034977963
UNCID_1209985.e9cf2488-2eb5-4187-97a5-9dd98971a015.sorted_genome_alignments.bam,180300602,173534362,6766240,0.037527551
UNCID_1210120.f659e8f2-3d29-4170-bd40-84e54c70fcd4.sorted_genome_alignments.bam,124775248,118578372,6196876,0.049664305
UNCID_1210162.9846d55d-971d-4e69-b6ea-ce8c48cafede.sorted_genome_alignments.bam,198466270,191842290,6623980,0.033375848
UNCID_1210217.3d9ba7bd-ff22-44cf-ae6a-7588f5aa857f.sorted_genome_alignments.bam,104668796,99953360,4715436,0.04505102
UNCID_1210380.d6d7412b-5ec2-413e-a85d-7f765c67afa3.sorted_genome_alignments.bam,178293995,171798314,6495681,0.036432416
UNCID_1210455.743ad0e2-903e-4438-a575-1f06c286c079.sorted_genome_alignments.bam,113365196,107201081,6164115,0.054373963
UNCID_1210558.59173676-8eca-4a03-b37c-c726208a961a.sorted_genome_alignments.bam,110655476,103299091,7356385,0.066480081
UNCID_1210637.d0617c13-ba48-44d9-807f-29a9ee7ebf39.sorted_genome_alignments.bam,106848242,103208427,3639815,0.034065277
UNCID_1210692.47faa91b-1bfa-4283-bc9d-dfa958252d6f.sorted_genome_alignments.bam,99214720,93651600,5563120,0.056071518
UNCID_1210763.dc1b5145-85ca-4e21-9896-2216924019bb.sorted_genome_alignments.bam,289229384,280997583,8231801,0.02846115
UNCID_1210802.063f416b-291b-4242-acb4-9587a2dc3244.sorted_genome_alignments.bam,118632414,113397223,5235191,0.044129516
UNCID_1210807.f398c31b-c947-4ba7-84c0-6d3b36daaf3f.sorted_genome_alignments.bam,202444680,197251323,5193357,0.025653215
UNCID_1210808.c32574a0-5f85-4053-bb98-8472b496975e.sorted_genome_alignments.bam,206206848,201387286,4819562,0.023372463
UNCID_1210812.b3797921-4b9a-43c4-8904-6fb80fc80c08.sorted_genome_alignments.bam,200096802,192847636,7249166,0.036228295
UNCID_1210995.639c8d3c-8719-49ca-8812-af6480b164ae.sorted_genome_alignments.bam,122306688,118030045,4276643,0.034966551
UNCID_1210996.bc993392-5f2f-4cb8-8d27-26f3df2b3583.sorted_genome_alignments.bam,182435171,178616017,3819154,0.020934308
UNCID_1211034.30642287-a06f-46e0-8e37-839935a2d3dc.sorted_genome_alignments.bam,237928802,231110380,6818422,0.028657405
UNCID_1211291.4b4f4cc6-011c-4ff3-a6a9-16f9cf99b4f1.sorted_genome_alignments.bam,128588857,124594319,3994538,0.031064418
UNCID_1211362.24b64a2a-72d2-49a7-b6ac-33654632b85a.sorted_genome_alignments.bam,211196930,204884553,6312377,0.029888583
UNCID_1211451.8d88024d-1da6-4497-be57-1bb50e18a9a4.sorted_genome_alignments.bam,186668357,182829424,3838933,0.020565526
UNCID_1211507.ec025dfd-0c20-478f-babb-51c16aab8cf2.sorted_genome_alignments.bam,145548563,142739918,2808645,0.019296961
UNCID_1211539.c6c8c326-92f3-4226-8816-43b257b3ec9f.sorted_genome_alignments.bam,154392272,150173484,4218788,0.027325124
UNCID_1211566.789ad7d7-2428-4ca2-a05f-0930b093e1d8.sorted_genome_alignments.bam,197589864,193196778,4393086,0.022233357
UNCID_1211567.c88d608d-79c7-41af-a3b3-e27b413cba28.sorted_genome_alignments.bam,150645370,146557926,4087444,0.027132888
UNCID_1211609.1fbac9dc-90e1-4421-a65d-292ddbad0b4e.sorted_genome_alignments.bam,220545534,216139193,4406341,0.01997928
UNCID_1211610.b8876a0e-9937-41d5-b01e-273b038031d5.sorted_genome_alignments.bam,152907436,136641044,16266392,0.106380647
UNCID_1211819.ec79139b-a1a8-4c38-9db6-b8570fb49a88.sorted_genome_alignments.bam,183279205,179273789,4005416,0.021854176
UNCID_1211902.3bc1fe5d-5eff-46f2-adf6-e6bc8b7e8f90.sorted_genome_alignments.bam,205949357,199348265,6601092,0.032052016
UNCID_1211903.fec63465-f926-4fce-a88a-898cac637305.sorted_genome_alignments.bam,198118842,191084819,7034023,0.035504059
UNCID_1211908.1b08c8c9-5739-409d-9cbc-3b06ad1f60e6.sorted_genome_alignments.bam,237725874,232300847,5425027,0.022820516
UNCID_1211931.f684abbc-ff21-4042-a5d8-2a0f3e22bd59.sorted_genome_alignments.bam,192728870,187564501,5164369,0.026796032
UNCID_1211934.f4463436-536d-412e-824c-0c623a244da5.sorted_genome_alignments.bam,113323825,109105790,4218035,0.037221079
UNCID_1211980.619741f2-4f5e-41ab-9033-bfc0dd525750.sorted_genome_alignments.bam,145127925,97848942,47278983,0.32577454
UNCID_1212016.3d39fcd3-b37d-47be-8693-d9afbb6a3648.sorted_genome_alignments.bam,165766552,159172870,6593682,0.039776915
UNCID_1212134.c862a72f-d317-4419-905f-bf42adb784d9.sorted_genome_alignments.bam,194178452,189379907,4798545,0.024712037
UNCID_1212272.2f5e513a-8cda-4e87-ba97-845b78c8853f.sorted_genome_alignments.bam,98195515,95098890,3096625,0.0315353
UNCID_1212273.69db99f3-ba66-4d76-9067-d3d09149d4a2.sorted_genome_alignments.bam,146377596,142869512,3508084,0.02396599
UNCID_1212274.524f5e5e-2e33-491f-9b08-4320397e778b.sorted_genome_alignments.bam,144874749,140657487,4217262,0.02910971
UNCID_1212300.7e9d858a-10ed-4a90-b7da-b13958393555.sorted_genome_alignments.bam,117913855,115053076,2860779,0.024261602
UNCID_1212405.7c372899-4ca8-4f06-9d2c-058f9a859e4a.sorted_genome_alignments.bam,180337013,173606917,6730096,0.037319549
UNCID_1212419.47ae6c78-8a07-4298-b97c-f3744df297d3.sorted_genome_alignments.bam,152331136,128832621,23498515,0.154259435
UNCID_1212432.1a07f820-bac6-445d-a2ae-e07f7a87e47e.sorted_genome_alignments.bam,163323145,159524244,3798901,0.023260028
UNCID_1212439.87f41e4d-4b34-472f-a776-0a23a99f1c7f.sorted_genome_alignments.bam,162459757,157546751,4913006,0.030241372
UNCID_1212469.330a29fe-e4ec-458b-8d1f-05f147ac98d9.sorted_genome_alignments.bam,124809042,112071686,12737356,0.102054753
UNCID_1212558.26490a5f-6d48-4864-a1ab-7caa14924c73.sorted_genome_alignments.bam,161593780,152031825,9561955,0.059172791
UNCID_1212572.8143b9c8-6ab2-48c4-88ab-a4aea81ad8fe.sorted_genome_alignments.bam,151467994,141616399,9851595,0.06504077
UNCID_1212586.6cfad57a-8d1c-4819-8027-41a91469d193.sorted_genome_alignments.bam,158804060,154958079,3845981,0.024218405
UNCID_1212680.9d615067-038e-4ed5-9e49-c490347d2a78.sorted_genome_alignments.bam,165009095,152997101,12011994,0.072795951
UNCID_1212743.f8cdc431-ee4c-4337-975f-eb380faebb8c.sorted_genome_alignments.bam,175240299,167963115,7277184,0.041526886
UNCID_1212756.e46fd0f4-896f-4a4f-ac4d-b03303e464cb.sorted_genome_alignments.bam,187288791,183095927,4192864,0.022387159
UNCID_1212810.525589a6-6bb6-4736-aa49-4f06deb503d2.sorted_genome_alignments.bam,176912100,159470975,17441125,0.098586388
UNCID_1212966.c687adc4-afe5-4db9-a488-ff52735ab090.sorted_genome_alignments.bam,181874029,168743760,13130269,0.072194304
UNCID_1212967.7ce14f35-6404-4adc-8929-4d5cd3c85697.sorted_genome_alignments.bam,247870906,238304886,9566020,0.03859275
UNCID_1213082.b769a631-6c4c-43aa-821b-b10cd4bba51b.sorted_genome_alignments.bam,163554525,158405996,5148529,0.031478976
UNCID_1213133.7bf6ccc1-5c04-4ae6-9f92-af14171cdf89.sorted_genome_alignments.bam,181848581,177878666,3969915,0.021830882
UNCID_1213171.3739f699-5aef-4152-a918-36dc138c432e.sorted_genome_alignments.bam,252118754,242821158,9297596,0.036877844
UNCID_1213190.297fecfd-e9b8-4882-8a55-312f2a04c3f6.sorted_genome_alignments.bam,258621000,250433807,8187193,0.031657108
UNCID_1213242.fd2fccb4-ea5c-4139-9dc3-25213f5345e4.sorted_genome_alignments.bam,171456616,166209111,5247505,0.030605439
UNCID_1213347.d854dced-2ce0-415a-90b2-54d54ca31702.sorted_genome_alignments.bam,169207906,164150156,5057750,0.029890743
UNCID_1213348.b99e1ad8-15ec-4a57-bf8f-8aea5333975c.sorted_genome_alignments.bam,168938832,162326228,6612604,0.039142001
UNCID_1213441.3267f325-3689-4fe6-b539-44678ba7dd84.sorted_genome_alignments.bam,178529029,173771194,4757835,0.026650204
UNCID_1213447.8536a0fb-4aed-4db0-80b0-994606c87ace.sorted_genome_alignments.bam,174154742,168632980,5521762,0.031706067
UNCID_1213525.3b1656d9-4c14-4b73-be31-bf71c569c52a.sorted_genome_alignments.bam,114128246,111277388,2850858,0.024979425
UNCID_1213670.d73edb10-76fc-4bb0-83c4-ac35f73da627.sorted_genome_alignments.bam,187135425,181788740,5346685,0.028571207
UNCID_1213708.b8cc1fb1-5944-431c-aeec-a4301721f667.sorted_genome_alignments.bam,177648610,169976336,7672274,0.04318792
UNCID_1213738.9b900191-bbf3-4c2a-9901-1f28c6db0f65.sorted_genome_alignments.bam,174608171,169970441,4637730,0.026560784
UNCID_1213784.fcd2ab38-57e9-43bc-83f6-70234c91ca89.sorted_genome_alignments.bam,130726314,125864553,4861761,0.037190378
UNCID_1213900.f4c92878-5451-496e-abbc-b5df8e1c0ca1.sorted_genome_alignments.bam,114775130,109838630,4936500,0.043010189
UNCID_1214123.c5b44824-5b58-40eb-80a3-1604fefef04e.sorted_genome_alignments.bam,156969576,152869850,4099726,0.026117966
UNCID_1214139.b1d3e9ee-f0d0-4efd-a505-ea1a9f7fa6df.sorted_genome_alignments.bam,171517923,162761678,8756245,0.051051487
UNCID_1214387.c438f605-641a-4e89-937e-7f63c176f20c.sorted_genome_alignments.bam,204653251,183140118,21513133,0.105119918
UNCID_1214394.f1441277-65a1-486c-b8e1-2b947734cb17.sorted_genome_alignments.bam,208049188,202463079,5586109,0.026849944
UNCID_1214408.4000adba-115e-40bf-afbb-35ad20c4e416.sorted_genome_alignments.bam,210236095,204932291,5303804,0.025227847
UNCID_1214463.194ed685-060c-4577-99b9-86238e24c17c.sorted_genome_alignments.bam,203511238,198556457,4954781,0.024346474
UNCID_1214506.f47f3279-6265-4d85-89f2-d11501672ec0.sorted_genome_alignments.bam,146449061,141171266,5277795,0.036038435
UNCID_1214509.edb1e3a1-d48c-42cb-a0fd-87e956373585.sorted_genome_alignments.bam,118617559,115224461,3393098,0.02860536
UNCID_1214541.34555f18-e818-4ac7-92ee-72dd09cfb811.sorted_genome_alignments.bam,193822016,189308526,4513490,0.023286777
UNCID_1214562.1fcad7a0-4e7b-47ec-a302-7b3fe1180060.sorted_genome_alignments.bam,174318525,169652702,4665823,0.026766077
UNCID_1214567.e8fb125c-3249-44f4-9bc7-5cd086011d89.sorted_genome_alignments.bam,265790666,246145642,19645024,0.07391164
UNCID_1214568.414c5291-4482-4e71-88df-a9b868cff950.sorted_genome_alignments.bam,198787257,194288617,4498640,0.022630424
UNCID_1214634.373d657b-4708-4548-9495-6e12fb099d10.sorted_genome_alignments.bam,209589815,200949526,8640289,0.041224756
UNCID_1214678.fa546225-ad76-4726-8900-17ea3904f7c1.sorted_genome_alignments.bam,202213036,197062638,5150398,0.025470158
UNCID_1214826.613d06d9-597d-4027-9978-2673b93b67d9.sorted_genome_alignments.bam,200231400,195051005,5180395,0.025872041
UNCID_1214881.132fbce2-00f3-4ae7-ba18-03bd55529d5a.sorted_genome_alignments.bam,224794416,219518295,5276121,0.023470872
UNCID_1214889.1c978cf4-7ec1-4769-843b-1f83449e5918.sorted_genome_alignments.bam,210237667,192170484,18067183,0.085936946
UNCID_1214941.c5ab56d9-3ebb-406d-9633-9f44be041ad9.sorted_genome_alignments.bam,189800313,186005948,3794365,0.019991353
UNCID_1214969.0db9c1c6-7061-49d6-b60e-9f48b857299c.sorted_genome_alignments.bam,178982181,174855889,4126292,0.023054206
UNCID_1215052.8974350a-0e8b-4094-9ca5-72b61fe3b5a6.sorted_genome_alignments.bam,196236869,190219186,6017683,0.030665405
UNCID_1215118.6f708e1d-c6f7-4166-ac1f-0a686d95ae39.sorted_genome_alignments.bam,217511491,211135256,6376235,0.029314474
UNCID_1215119.bfdc11be-a30b-498b-bdf6-4b98ec4f1ea1.sorted_genome_alignments.bam,192823878,187520709,5303169,0.027502657
UNCID_1215213.2bd35c12-2701-45c4-a6ea-981667028597.sorted_genome_alignments.bam,201822979,196307837,5515142,0.027326631
UNCID_1215216.39eb513d-1951-4b02-a6a9-09cfc3bca8a3.sorted_genome_alignments.bam,136463488,131283795,5179693,0.037956622
UNCID_1215247.5c2bec57-d1a5-4929-9cb8-eb3cb46f2ff5.sorted_genome_alignments.bam,205243234,196835435,8407799,0.040965048
UNCID_1215498.8835ae28-831e-49da-a046-a1a43b626a4e.sorted_genome_alignments.bam,295656520,280807327,14849193,0.050224473
UNCID_1215636.8d250084-d374-4ec4-994b-6c5f9c0f1a14.sorted_genome_alignments.bam,224033018,212933547,11099471,0.049543907
UNCID_1215671.86973b83-4077-414a-ad8d-dbf32b6707d1.sorted_genome_alignments.bam,261153780,244670781,16482999,0.063116065
UNCID_1215841.912946d6-1149-4dac-a01f-36793f9ab0c9.sorted_genome_alignments.bam,99153888,96151138,3002750,0.030283734
UNCID_1215849.90c1c52d-0d8b-41d3-82c7-e4773c95a22c.sorted_genome_alignments.bam,138767633,133521765,5245868,0.037803253
UNCID_1215850.90a1abbc-6287-48f9-a669-10033380c9db.sorted_genome_alignments.bam,118114698,114162569,3952129,0.033460095
UNCID_1215851.f2d8ec72-3f79-4cc4-9999-935bc74d7f72.sorted_genome_alignments.bam,179542283,174144348,5397935,0.030064979
UNCID_1215946.94e30a68-5933-4da6-a436-169cc08502bb.sorted_genome_alignments.bam,185829049,178796601,7032448,0.037843642
UNCID_1216035.e898c733-ab9c-4bc1-b46b-0fe8c5e663d0.sorted_genome_alignments.bam,167194429,161727191,5467238,0.032699881
UNCID_1216113.2170c29a-1256-45eb-b08e-e1192dad3560.sorted_genome_alignments.bam,162234274,156835889,5398385,0.033275244
UNCID_1216204.a4f282c0-b938-44b1-a34d-bd7e2ece4dc5.sorted_genome_alignments.bam,195524799,190826108,4698691,0.024031177
UNCID_1216552.5f3c72b6-7e67-4c19-8782-5f4bd801210c.sorted_genome_alignments.bam,160764606,155850686,4913920,0.030565932
UNCID_1216591.9ce68048-e231-4927-9e33-c057a897f929.sorted_genome_alignments.bam,183924649,178663307,5261342,0.028605965
UNCID_1216727.403d9944-652b-4aa4-9669-dbdd319f4f39.sorted_genome_alignments.bam,195340228,189970067,5370161,0.027491321
UNCID_1216739.523635dd-1fcb-4dbb-9405-2397c00b02be.sorted_genome_alignments.bam,180019628,174231044,5788584,0.032155294
UNCID_1216760.598985df-5dac-49cf-869d-8ded7e8c88b5.sorted_genome_alignments.bam,164556573,160114380,4442193,0.026994929
UNCID_1216761.2a2472eb-3407-495a-b7c0-d4a73c99e669.sorted_genome_alignments.bam,216899387,211792164,5107223,0.023546507
UNCID_1217082.f86950ae-1ac2-4794-83f1-541920a0b002.sorted_genome_alignments.bam,195963385,190381424,5581961,0.028484714
UNCID_1217572.e19479cc-ab66-4398-9733-ff15a9b52af1.sorted_genome_alignments.bam,175658957,171095610,4563347,0.025978448
UNCID_1217733.f879b84d-a2e7-4189-bcf6-9286b52e19dd.sorted_genome_alignments.bam,202798432,196516160,6282272,0.030977912
UNCID_1217745.30e65995-e4e6-40c0-a8af-823cc6fde4a8.sorted_genome_alignments.bam,166368363,162430132,3938231,0.023671754
UNCID_1217767.ca847ef0-eec6-4781-81f4-8d6d08c33b68.sorted_genome_alignments.bam,217877439,212042027,5835412,0.026783003
UNCID_1217798.f42e83c8-9260-4cfd-a233-d96bc3dd2c20.sorted_genome_alignments.bam,233070970,225359782,7711188,0.03308515
UNCID_1217977.cd06bdaa-b595-4ba5-a4d6-fad32e1f77de.sorted_genome_alignments.bam,195444072,190292366,5151706,0.026358978
UNCID_1217980.cc556dfb-6bd4-4d53-a33b-6dae9407d7c4.sorted_genome_alignments.bam,182483297,177353920,5129377,0.028108748
UNCID_1218176.89a750e5-c923-4f77-a889-74cbe2e4bf60.sorted_genome_alignments.bam,189070602,184202567,4868035,0.025747181
UNCID_1218467.175e3a6e-b748-4db8-982c-02abb8c23991.sorted_genome_alignments.bam,167753427,161943182,5810245,0.034635626
UNCID_1218532.2bad2998-4066-4796-8569-1de516cb0d36.sorted_genome_alignments.bam,190261653,185810228,4451425,0.023396333
UNCID_1218555.5355bc61-3358-4261-9a6a-cd9950b91ee5.sorted_genome_alignments.bam,185793025,181637080,4155945,0.022368681
UNCID_1218730.fdac9082-f772-4ea3-84f9-bb58ce79ea75.sorted_genome_alignments.bam,188486847,183899503,4587344,0.024337741
UNCID_1218762.926ac720-e414-4e84-ae09-9df5a7359cfb.sorted_genome_alignments.bam,155229591,151429093,3800498,0.024483077
UNCID_1218815.7cb4c793-df92-4168-86f3-b0a89f4ae248.sorted_genome_alignments.bam,192990259,188223010,4767249,0.024702019
UNCID_1218827.33f43961-b32d-46fc-ba11-264f1101e78d.sorted_genome_alignments.bam,176929170,173026596,3902574,0.022057267
UNCID_1218847.1fd474c9-0ccd-44f3-bf7b-9bb6a2a1e297.sorted_genome_alignments.bam,165930714,161538464,4392250,0.026470386
UNCID_1218881.5eb1264b-f257-4b2e-8078-9baaefd51b7a.sorted_genome_alignments.bam,171899957,168159882,3740075,0.021757277
UNCID_1218890.48540acb-3cf7-45a7-91dd-1fa2deccbe03.sorted_genome_alignments.bam,196079793,191381297,4698496,0.023962163
UNCID_1218903.2b5d833d-fd64-47a1-b90a-6a1eba839e1c.sorted_genome_alignments.bam,177059428,172886090,4173338,0.023570267
UNCID_1218904.5f104bd0-e54a-4896-805e-7c51024fb826.sorted_genome_alignments.bam,149017048,145683970,3333078,0.022367092
UNCID_1218930.7c9fd31d-7fea-4178-be9f-75619ff9ff08.sorted_genome_alignments.bam,180306185,176598454,3707731,0.020563526
UNCID_1218941.08997d9f-db88-4f45-9d76-772cb9acc75d.sorted_genome_alignments.bam,175456610,171410836,4045774,0.023058544
UNCID_1218996.3c8801a6-e38d-43bd-a9d4-7bc5186f0617.sorted_genome_alignments.bam,198802424,193873602,4928822,0.024792565
UNCID_1219028.55ad742e-cc71-4ebe-9f91-8242d60b46e0.sorted_genome_alignments.bam,195303146,190467606,4835540,0.024759151
UNCID_1219117.3669c448-0958-458b-a4f8-6fe064deb817.sorted_genome_alignments.bam,138267750,135226061,3041689,0.021998543
UNCID_1219164.faa7c094-e5c2-4ae7-b984-7377fcfff9ac.sorted_genome_alignments.bam,195628134,191213577,4414557,0.022566064
UNCID_1219295.da271fcc-72b4-442e-9ce2-c03b68947003.sorted_genome_alignments.bam,161006554,154864778,6141776,0.038146124
UNCID_1219436.6b3cfa2d-5fe6-43d6-b032-2938f83cbf21.sorted_genome_alignments.bam,185272160,180890377,4381783,0.02365052
UNCID_1219463.aad6bc48-5020-41e4-a2d0-f994c08170a9.sorted_genome_alignments.bam,193153549,185567634,7585915,0.039274013
UNCID_1219517.e42f3ef2-94ff-4661-8926-1c01b0d60211.sorted_genome_alignments.bam,181586998,177003988,4583010,0.025238646
UNCID_1219538.3c377bc7-e299-437b-89b5-62ae8a82675d.sorted_genome_alignments.bam,174297827,169835451,4462376,0.025602017
UNCID_1219870.78eb93c7-0300-4f16-ab32-7489715e3353.sorted_genome_alignments.bam,93232968,91112900,2120068,0.022739467
UNCID_1219912.5a1a1f96-bf4f-415d-b2a2-4481a72914cf.sorted_genome_alignments.bam,87260267,85325945,1934322,0.022167271
UNCID_1219913.6e4145d0-e417-4690-8956-c5d1c1194fe3.sorted_genome_alignments.bam,178572068,174192675,4379393,0.024524513
UNCID_1219956.6cff6851-4d3c-479d-a83a-e579953f6b18.sorted_genome_alignments.bam,75302434,73337525,1964909,0.026093566
UNCID_1219957.5b37433a-6415-497f-bf36-0f0b5c2ad21e.sorted_genome_alignments.bam,92716592,90718112,1998480,0.021554718
UNCID_1219963.ba72262f-9361-4d4c-8fa0-cc44e26320f6.sorted_genome_alignments.bam,70769989,68314001,2455988,0.034703806
UNCID_1219999.485b184d-15f1-4858-9e06-330d5258cfff.sorted_genome_alignments.bam,93556572,91783557,1773015,0.018951261
UNCID_1220008.5da8b83f-c43b-46c3-9667-022d7e0a6f2b.sorted_genome_alignments.bam,81712579,80028423,1684156,0.020610731
UNCID_1220048.62a6d38d-34a2-4d06-962f-95cc89d582d4.sorted_genome_alignments.bam,76584674,74868838,1715836,0.02240443
UNCID_1220109.bb55462c-2475-4a92-98e4-9119b26c0c82.sorted_genome_alignments.bam,106930647,104894938,2035709,0.019037657
UNCID_1220110.108f1509-bd7e-4a10-8989-f20f7b45bb09.sorted_genome_alignments.bam,85985423,83728555,2256868,0.0262471
UNCID_1220204.5453b1a0-b5c0-4d85-95b4-4591fdf05874.sorted_genome_alignments.bam,124652089,121179511,3472578,0.027858161
UNCID_1220274.4e8c2054-b8f7-4754-b42d-4714edcee3c7.sorted_genome_alignments.bam,122083178,119368196,2714982,0.022238789
UNCID_1220385.32cf555c-9de8-4de4-ba4a-a729ac88e8ba.sorted_genome_alignments.bam,116324616,113336200,2988416,0.025690315
UNCID_1220428.0148a96e-972e-4762-9a75-ee2791dc3d95.sorted_genome_alignments.bam,128136773,124285366,3851407,0.030057
UNCID_1220453.b8a63774-db74-4cd6-9ac0-065f1126448d.sorted_genome_alignments.bam,118727755,115363711,3364044,0.028334099
UNCID_1220710.7f8bad33-c92b-48f6-99b1-2165784efd8f.sorted_genome_alignments.bam,112066730,109382955,2683775,0.023948008
UNCID_1221060.62a9e3ff-39a3-4a87-ae5b-9f5b0bd312a5.sorted_genome_alignments.bam,139095947,135159485,3936462,0.028300336
UNCID_1221100.634e6e3a-bbfa-4be9-bcde-b8d0c53b22d9.sorted_genome_alignments.bam,129554403,125981971,3572432,0.027574763
UNCID_1221131.c96ea91e-37ce-479c-85d9-a85a8ce92fab.sorted_genome_alignments.bam,129083278,125198890,3884388,0.030092108
UNCID_1221183.c063e297-0583-4b7c-b1b9-3aaaae108aa6.sorted_genome_alignments.bam,137145625,134294275,2851350,0.020790674
UNCID_1221471.34049292-a4b9-4a3a-94be-e1febcecc848.sorted_genome_alignments.bam,132216240,128664450,3551790,0.026863493
UNCID_1221597.d964a3c5-aa6c-431c-b179-7e0b70e26e2d.sorted_genome_alignments.bam,160405394,155181724,5223670,0.032565426
UNCID_1221672.ab9918f6-7417-47ec-aaf7-0e30a40e2bdc.sorted_genome_alignments.bam,122422939,119390771,3032168,0.024767973
UNCID_1221696.9d2aecbe-06b9-43ae-bdcc-ae8c9f896fdb.sorted_genome_alignments.bam,170785812,165418674,5367138,0.031426135
UNCID_1222049.c4b1fa78-db04-4352-92cd-ba94589424c3.sorted_genome_alignments.bam,132281640,128889505,3392135,0.025643279
UNCID_1222153.58d8d333-2db3-414a-b8c6-22e28d79403b.sorted_genome_alignments.bam,157919249,154371823,3547426,0.022463544
UNCID_1222618.6428af76-433c-4a0a-b295-b2a37d11d93a.sorted_genome_alignments.bam,207277172,201796425,5480747,0.026441633
UNCID_1222806.d48f5bc7-1cca-4435-8f59-d802fde708a8.sorted_genome_alignments.bam,134236937,131258678,2978259,0.022186583
UNCID_1222839.c80f99bf-d66e-4d50-8185-24d133315d3d.sorted_genome_alignments.bam,199114426,192813339,6301087,0.031645557
UNCID_1223428.44ba29fa-b4d1-461b-86b4-fb9730e701f4.sorted_genome_alignments.bam,147114230,142087933,5026297,0.034165947
UNCID_1223598.58fd742d-535c-494e-bb28-1bb908bfa294.sorted_genome_alignments.bam,130775896,127210688,3565208,0.027261966
UNCID_1223721.b548a64b-0275-4beb-9b67-ce8bad3ccd63.sorted_genome_alignments.bam,143402995,136393851,7009144,0.04887725
UNCID_1223826.42369f63-d51b-481e-867b-d0b398cf4c88.sorted_genome_alignments.bam,182951221,174189213,8762008,0.047892591
UNCID_1223846.5df3d0b7-2531-4e68-b076-8780763dd6cc.sorted_genome_alignments.bam,140228420,136936255,3292165,0.02347716
UNCID_1223856.7c23f39f-6b3f-41d8-bb17-c35788b2b060.sorted_genome_alignments.bam,144746090,141094745,3651345,0.025225863
UNCID_1224092.e5db7986-223c-4ee2-a4c8-c4e8bbb510f3.sorted_genome_alignments.bam,171590712,166568346,5022366,0.029269451
UNCID_1224107.1898ace6-5eda-42da-a355-5e55203d7e13.sorted_genome_alignments.bam,172447222,166994465,5452757,0.03161986
UNCID_1224338.381f4721-580b-4b93-9988-862780e177bb.sorted_genome_alignments.bam,160331246,153028626,7302620,0.045547079
UNCID_1224366.eb5b988d-308e-4afb-b21b-8bdd45010c72.sorted_genome_alignments.bam,129002326,124955713,4046613,0.031368527
UNCID_1224386.91c8d1c3-1afe-4c4c-ae81-7d1f989e0139.sorted_genome_alignments.bam,129542244,124504020,5038224,0.038892518
UNCID_1224393.21a2d09c-5447-4a58-b6eb-b4d167d7b370.sorted_genome_alignments.bam,155758887,150846346,4912541,0.031539395
UNCID_1224394.0b0a2e4a-d939-426b-ba2f-71ad4fcb2565.sorted_genome_alignments.bam,170101551,165864356,4237195,0.024909796
UNCID_1224466.b8ecfb28-27d0-4ad4-b73c-cc21be41af31.sorted_genome_alignments.bam,157808846,151517051,6291795,0.039869723
UNCID_1224515.80e9793f-4e30-45ad-8660-3686685f2db9.sorted_genome_alignments.bam,188697855,183336116,5361739,0.028414414
UNCID_1224633.862b334e-5cdd-4e05-b2db-8a5cbe64b097.sorted_genome_alignments.bam,130134473,126682287,3452186,0.026527836
UNCID_1224653.4806a9ce-6f74-4e66-a45f-1ff7bbe39aea.sorted_genome_alignments.bam,156096781,151851454,4245327,0.027196762
UNCID_1224715.3cce17b1-469d-4eae-98d1-e20b472c4176.sorted_genome_alignments.bam,174826559,169463881,5362678,0.030674275
UNCID_1224740.ebd47503-5ea0-4c00-bd06-9b011fc5efb5.sorted_genome_alignments.bam,186825737,181538852,5286885,0.028298483
UNCID_1224785.40cd8ac3-db5e-4295-9dbd-d891885cead5.sorted_genome_alignments.bam,187185256,183014787,4170469,0.022279901
UNCID_1224854.d17f1df8-d3de-4a01-930c-a066942e9fe4.sorted_genome_alignments.bam,195618166,191065540,4552626,0.023273023
UNCID_1224900.fac8f7fd-3e80-410a-a281-2b564862b335.sorted_genome_alignments.bam,173352071,166853128,6498943,0.037489849
UNCID_1224933.3628e70e-e657-4c7c-a2ba-e3781a3b2c96.sorted_genome_alignments.bam,152871299,148161890,4709409,0.030806365
UNCID_1225002.30e19950-9bbe-4952-8308-41689e57430c.sorted_genome_alignments.bam,195055575,189755275,5300300,0.027173281
UNCID_1225019.c55d0f65-fa13-4bb5-a556-2bd78bac2ccf.sorted_genome_alignments.bam,168063769,162709655,5354114,0.031857634
UNCID_1225058.7c6a1de1-d5d2-43b7-97fa-b5018cc31114.sorted_genome_alignments.bam,194305766,174127305,20178461,0.103849008
UNCID_1225169.5ed0de42-f949-4046-895b-f97853201a8d.sorted_genome_alignments.bam,167327533,162168307,5159226,0.030833097
UNCID_1225170.3458d1fe-d159-4522-a627-70c5cc180daa.sorted_genome_alignments.bam,190928054,185348795,5579259,0.029221787
UNCID_1225262.e0881b2c-c095-4742-ba07-71286ed84d93.sorted_genome_alignments.bam,176376474,170936121,5440353,0.030845117
UNCID_1225332.5d1230b6-ab63-417c-bf40-de9316043024.sorted_genome_alignments.bam,189187372,184684212,4503160,0.023802646
UNCID_1225343.b295bda8-db61-49c4-912c-5c1f987e9d53.sorted_genome_alignments.bam,182695606,177708609,4986997,0.027296754
UNCID_1225399.e129e211-8237-4842-a5f5-c3dc05607527.sorted_genome_alignments.bam,185574861,177871735,7703126,0.041509534
UNCID_1225409.7d27cfbf-870f-45e8-80a9-7e3848f414dc.sorted_genome_alignments.bam,68539984,66598488,1941496,0.028326473
UNCID_1225440.1cc49a56-ee39-4fd1-bf80-a6b71695c1f1.sorted_genome_alignments.bam,216894233,209587509,7306724,0.033687959
UNCID_1225485.0fce8c31-15af-4558-9c50-341d447ff5d5.sorted_genome_alignments.bam,211523741,205463916,6059825,0.028648439
UNCID_1225571.3bb181ee-960f-488b-b04b-c2acb7cfb127.sorted_genome_alignments.bam,73739467,71991322,1748145,0.023707047
UNCID_1225636.3cafb1e5-9de0-4ced-8b87-d2299a207b97.sorted_genome_alignments.bam,86942435,83842585,3099850,0.035654051
UNCID_1225644.73b2e2ac-aafd-40e7-8759-ffa226f04a3b.sorted_genome_alignments.bam,189341456,183455172,5886284,0.031088194
UNCID_1225671.0f3ce1eb-6393-4c42-bd47-2cf67ba378ca.sorted_genome_alignments.bam,175723733,171159523,4564210,0.025973782
UNCID_1225674.5545eb61-9b5e-4a93-964a-480597237267.sorted_genome_alignments.bam,185782347,179814237,5968110,0.032124204
UNCID_1225720.f51ff2e2-bc0a-4cdd-b008-933a8f7fa8fc.sorted_genome_alignments.bam,97265084,94816813,2448271,0.025171119
UNCID_1225727.67816085-c038-4c4f-86f0-b03e6da18aee.sorted_genome_alignments.bam,181849405,176390235,5459170,0.03002028
UNCID_1225740.12fc6374-32ac-45d4-a09a-8fb71d69d953.sorted_genome_alignments.bam,209138373,203320072,5818301,0.027820342
UNCID_1225743.2a49e3c0-0263-422e-9fb9-6eea8727353e.sorted_genome_alignments.bam,198652230,193306534,5345696,0.026909821
UNCID_1225744.eb210789-9eb4-4def-a83d-3f0254b3c6dd.sorted_genome_alignments.bam,252628666,247458880,5169786,0.020463972
UNCID_1225768.3baa2420-61dc-4896-85d2-035be9927bd1.sorted_genome_alignments.bam,194575136,189896977,4678159,0.024042943
UNCID_1225808.149e2d5d-3d6c-410e-b435-7e37b3f96661.sorted_genome_alignments.bam,80426155,77490099,2936056,0.036506234
UNCID_1225853.0569af63-9a1d-4f03-9a67-1269c7973677.sorted_genome_alignments.bam,93822341,91245800,2576541,0.027461913
UNCID_1225858.81e8d16b-1a9b-4156-a438-07d89807f652.sorted_genome_alignments.bam,90641612,88590811,2050801,0.022625381
UNCID_1225879.16568b2b-562c-4f74-b1b9-a3888d6dfc04.sorted_genome_alignments.bam,200430195,193841671,6588524,0.032871913
UNCID_1225888.a0c2dedc-803a-4097-8225-653262fbf394.sorted_genome_alignments.bam,100463397,97564499,2898898,0.028855266
UNCID_1225898.5798deb1-2248-474f-b0cd-20c966128d9d.sorted_genome_alignments.bam,187388268,181502273,5885995,0.031410691
UNCID_1226044.69d106c0-b3e7-4918-a442-d142dce3adab.sorted_genome_alignments.bam,87670058,85171822,2498236,0.028495886
UNCID_1226075.7390099e-8926-4ae0-a0cd-99426c6e4a1d.sorted_genome_alignments.bam,207822006,201871297,5950709,0.028633681
UNCID_1226238.478d662b-3ca6-48ba-85ce-efd70fa86f92.sorted_genome_alignments.bam,190667061,184710887,5956174,0.03123861
UNCID_1226256.d74355d5-c8f1-4657-ac5c-5f76a4e47467.sorted_genome_alignments.bam,202685236,197878641,4806595,0.023714579
UNCID_1226297.b74b611d-7090-4beb-ae34-13086884a7e3.sorted_genome_alignments.bam,86713863,84297158,2416705,0.027869881
UNCID_1226326.23f183f4-735e-4361-940c-e09edd6f2d2a.sorted_genome_alignments.bam,156376533,152950470,3426063,0.021909061
UNCID_1226368.64995aa9-6bc3-4518-8694-4fa5a8d9b081.sorted_genome_alignments.bam,213892778,207795676,6097102,0.028505413
UNCID_1226501.2988e553-2978-4d25-b6b0-0c2d2147c5d8.sorted_genome_alignments.bam,196985129,192274246,4710883,0.023914917
UNCID_1226639.2e8a5454-24d7-4059-ac17-595dcfccaf0b.sorted_genome_alignments.bam,65152516,63162824,1989692,0.030538989
UNCID_1226640.9a28482f-36a7-490f-9d22-a69f82fbfc05.sorted_genome_alignments.bam,91189182,87279360,3909822,0.042875941
UNCID_1226682.a1510fc9-aff1-4cc2-8d8e-9aafce9319f7.sorted_genome_alignments.bam,86738442,84069081,2669361,0.030774832
UNCID_1226694.4b57bac2-6b38-435f-b935-8eb6a3369d1c.sorted_genome_alignments.bam,111659867,108658247,3001620,0.026881816
UNCID_1226742.40c411e7-c0cb-4aff-8418-fd7400562bad.sorted_genome_alignments.bam,206205402,199434421,6770981,0.032836099
UNCID_1226760.15be34fa-d099-42d0-98ca-e66c83a16790.sorted_genome_alignments.bam,78232675,75706187,2526488,0.032294537
UNCID_1226784.dbe34afe-ea16-4faa-adab-9106a92dfde6.sorted_genome_alignments.bam,105323776,102481086,2842690,0.026990012
UNCID_1226786.82b154a5-b4d5-4737-8f79-10d252741963.sorted_genome_alignments.bam,84281800,81978405,2303395,0.027329684
UNCID_1226787.10c6a96f-b119-43a8-8dfa-9af13bce53b9.sorted_genome_alignments.bam,82460257,80357403,2102854,0.025501424
UNCID_1226886.7f9f381e-edb1-4a5e-b5f7-c31b2a769912.sorted_genome_alignments.bam,127923892,124407275,3516617,0.027489916
UNCID_1226927.6047b848-8fe8-4aab-81a7-2df3f31f7392.sorted_genome_alignments.bam,79414067,74070364,5343703,0.067289124
UNCID_1226973.6c12591a-55fa-4a7e-8eed-da9d698afb35.sorted_genome_alignments.bam,82848747,79072815,3775932,0.045576211
UNCID_1226982.e9de50a5-d753-40f8-bb1f-3602ad9627ca.sorted_genome_alignments.bam,238474159,209330465,29143694,0.122209023
UNCID_1227024.ccf84703-a5c7-4995-a1c2-b3e4e15d99b7.sorted_genome_alignments.bam,94102591,91771551,2331040,0.024771263
UNCID_1227128.b598c4fd-14e6-476e-852a-83d396ec2d0f.sorted_genome_alignments.bam,251909165,244893131,7016034,0.027851444
UNCID_1227357.554a301f-fbc8-41f2-96e9-5da2ee943727.sorted_genome_alignments.bam,95125545,92098408,3027137,0.031822546
UNCID_1227929.891aefa4-e7f1-482f-a2f5-b2d5c7d9e179.sorted_genome_alignments.bam,119566568,113112292,6454276,0.053980608
UNCID_1227972.5deb51ff-a271-4fc4-90b6-3bdb0c508967.sorted_genome_alignments.bam,167248387,162200904,5047483,0.030179562
UNCID_1227996.8eb57b3e-64eb-408d-ad2d-1ff2c0e69506.sorted_genome_alignments.bam,338421033,329789200,8631833,0.025506195
UNCID_1228161.f1503f33-421a-4d7b-8e87-d73f5cbcc760.sorted_genome_alignments.bam,188833020,183401894,5431126,0.028761527
UNCID_1228338.a91960e0-f237-419e-aa57-f90ceb12fcde.sorted_genome_alignments.bam,197753803,191151199,6602604,0.033388
UNCID_1228347.479528a6-12ed-4e7b-8ca6-cf9fe6baa6de.sorted_genome_alignments.bam,200894848,195219894,5674954,0.02824838
UNCID_1228366.193873d4-f0ad-4e8d-918b-9beb83965483.sorted_genome_alignments.bam,194562541,188871593,5690948,0.029249967
UNCID_1228462.2d1f10dd-a834-4c64-919c-2d9eea15c37a.sorted_genome_alignments.bam,236062047,230021982,6040065,0.025586769
UNCID_1228601.ff74b4c6-e938-4a40-ab1a-84525349a62e.sorted_genome_alignments.bam,206232548,201008667,5223881,0.025330051
UNCID_1228694.84c8990e-7656-4c48-8e5a-b03e2013013d.sorted_genome_alignments.bam,217553642,210299168,7254474,0.033345679
UNCID_1228818.2cbd77bd-dece-4177-ace2-98d9d545b575.sorted_genome_alignments.bam,209624681,202757977,6866704,0.032757135
UNCID_1228853.9334a61d-eb4f-4504-9f4d-b9d55a8733de.sorted_genome_alignments.bam,231480643,225027565,6453078,0.027877398
UNCID_1228878.ca296fb4-2d1e-4ce9-acc8-81bd4cd11e58.sorted_genome_alignments.bam,173971246,167555623,6415623,0.036877491
UNCID_1229046.f338175a-fa1e-4b98-91e2-f4f0ee349e8e.sorted_genome_alignments.bam,222026394,214193926,7832468,0.035277193
UNCID_1229078.f118c45b-544d-45eb-8acd-a4c8cfcab3fd.sorted_genome_alignments.bam,238935353,231433809,7501544,0.031395706
UNCID_1229094.d5da6fea-e0ee-4da5-8f4a-45d850fead0c.sorted_genome_alignments.bam,402661103,391045788,11615315,0.02884638
UNCID_1229184.80ee8813-997d-48b9-9853-520080e22e05.sorted_genome_alignments.bam,390100847,371117395,18983452,0.048662935
UNCID_1229292.47bb130b-c5cc-40ba-b72f-7d337080c62f.sorted_genome_alignments.bam,412904238,387020102,25884136,0.062687988
UNCID_1229404.0c0cfdfb-107b-4a20-bfda-7922453c041e.sorted_genome_alignments.bam,238321078,231453257,6867821,0.028817514
UNCID_1229477.20c29e50-f961-465c-aa22-12e9ab187e71.sorted_genome_alignments.bam,215107364,196850055,18257309,0.084875332
UNCID_1229528.09a88dca-7503-4fcb-b42a-ac5af9fdbca7.sorted_genome_alignments.bam,265755897,258755919,6999978,0.026339878
UNCID_1229558.1566ebf2-801e-42da-a0d2-3ff69e1c7e4b.sorted_genome_alignments.bam,188259704,181330379,6929325,0.036807266
UNCID_1229575.ee665717-a903-44bc-8eaa-afb46bd4edf0.sorted_genome_alignments.bam,198059282,187700323,10358959,0.052302315
UNCID_1229603.005a0c90-a762-4df7-8b44-b4facd06e9b1.sorted_genome_alignments.bam,208265263,200228258,8037005,0.038590233
UNCID_1229645.8b0a1ab6-e7ea-45f9-9e3a-bd98b3f59972.sorted_genome_alignments.bam,289919617,277932270,11987347,0.04134714
UNCID_1229656.e21484e9-d9c3-463f-89bd-82f09cc2579a.sorted_genome_alignments.bam,428717442,407037837,21679605,0.050568516
UNCID_1230015.79c9b3a4-0239-4f3f-86fa-2b3bd4e02b09.sorted_genome_alignments.bam,398361397,386127934,12233463,0.030709459
UNCID_1233163.5bd95b46-d04b-49a9-964a-dd49570f4960.sorted_genome_alignments.bam,73095269,69067298,4027971,0.055105769
UNCID_1233286.2bc25263-18b8-4ed5-b986-e9b54f734596.sorted_genome_alignments.bam,104033921,98481059,5552862,0.053375495
UNCID_1233325.3c286a47-d3f3-4ef8-acb5-203a6e75881c.sorted_genome_alignments.bam,107273834,104143720,3130114,0.029178728
UNCID_1233371.c49698bf-315a-4809-b88b-452765b455c6.sorted_genome_alignments.bam,105337770,101588806,3748964,0.035589931
UNCID_1233392.d4c152fe-3931-47d0-8ed2-df40c8cd4cd0.sorted_genome_alignments.bam,117966696,110312930,7653766,0.064880735
UNCID_1233425.c3bf2363-4bb5-4de7-ac82-0c4fa11eee7b.sorted_genome_alignments.bam,112893281,108767256,4126025,0.036548012
UNCID_1233512.1536079a-dbfd-48c2-8e9f-4069f9c30ceb.sorted_genome_alignments.bam,120719875,115856392,4863483,0.040287343
UNCID_1233531.6320daab-3fdb-45d2-bbc8-bbba33e4af37.sorted_genome_alignments.bam,130073841,125234423,4839418,0.037205159
UNCID_1233557.1b970dc3-8bf2-4b48-8631-d9d61b05535d.sorted_genome_alignments.bam,128381636,124170585,4211051,0.032801039
UNCID_1233651.8ba98907-ab03-4c9e-a900-e31aa16ff810.sorted_genome_alignments.bam,119061846,112667501,6394345,0.05370608
UNCID_1233705.471aa847-0e7e-4ec5-bb50-c0df66260f91.sorted_genome_alignments.bam,138723424,134027854,4695570,0.033848429
UNCID_1233718.9c14ff17-4b8d-448f-acac-6dd769559bed.sorted_genome_alignments.bam,133721102,129157169,4563933,0.034130238
UNCID_1233744.eea5dc11-94fe-4ebf-b352-f70c2d358236.sorted_genome_alignments.bam,127524343,120404145,7120198,0.05583403
UNCID_1233754.1059fbc0-46bf-4135-99d0-080ec225391b.sorted_genome_alignments.bam,127140107,119920148,7219959,0.056787423
UNCID_1233759.bbcc0f70-85ae-409a-a108-1cabc60d2532.sorted_genome_alignments.bam,136812143,131364114,5448029,0.039821239
UNCID_1233771.bb36bff9-44fd-4f93-a82f-8c23658c335c.sorted_genome_alignments.bam,141919394,132508863,9410531,0.066308985
UNCID_1233772.8a2f149d-34a9-4be2-8bc5-d3d25f1df7e3.sorted_genome_alignments.bam,144640489,137858827,6781662,0.046886332
UNCID_1233775.a35f9f2f-2378-4825-812e-b55a9f21317f.sorted_genome_alignments.bam,138676985,133941031,4735954,0.034150973
UNCID_1233798.40eb0b4a-3863-403f-a90b-919bfa24237e.sorted_genome_alignments.bam,137445719,128488857,8956862,0.06516654
UNCID_1233816.26c39f49-cf54-41d6-8c46-c089f4a57002.sorted_genome_alignments.bam,145269195,138996444,6272751,0.043180187
UNCID_1233867.7e81cb8c-9d91-4679-8a96-12365c19119b.sorted_genome_alignments.bam,139732127,133763096,5969031,0.042717671
UNCID_1233873.2d12fd80-ba3f-49c3-aa15-1f67b9bbd443.sorted_genome_alignments.bam,138423811,130991034,7432777,0.053695798
UNCID_1233877.376614bb-480e-4a7f-9539-da6ce053988a.sorted_genome_alignments.bam,157941383,150586182,7355201,0.046569182
UNCID_1233878.a57841bb-fa68-4d84-85e0-2d5e4f3ce828.sorted_genome_alignments.bam,166860322,160263515,6596807,0.039534905
UNCID_1233887.86961468-9e93-469a-b812-03ef327bf5fb.sorted_genome_alignments.bam,139279110,132360050,6919060,0.049677658
UNCID_1233888.c970e2a6-4393-4641-9eea-33a022e23c53.sorted_genome_alignments.bam,157060982,152683035,4377947,0.027874186
UNCID_1233959.71c7d343-4528-450f-b743-b8e7988714ea.sorted_genome_alignments.bam,161192222,157264363,3927859,0.024367547
UNCID_1233990.2c685f5e-c907-48f1-aec9-ff4fa365823c.sorted_genome_alignments.bam,166264277,162226509,4037768,0.024285241
UNCID_1233995.6a2c4d22-f7b6-4e0a-bd71-a669786da5b1.sorted_genome_alignments.bam,114146705,106897765,7248940,0.063505469
UNCID_1234040.0a664c34-94cf-490a-8f3e-e735a75af74c.sorted_genome_alignments.bam,171508601,164935044,6573557,0.038327856
UNCID_1234064.0f785f8d-8c49-4940-9c60-31ad29c844d5.sorted_genome_alignments.bam,156485436,150029250,6456186,0.041257424
UNCID_1234096.75838292-c5fe-45f1-8fa5-94403cfc3bdf.sorted_genome_alignments.bam,152468840,145776632,6692208,0.0438923
UNCID_1234110.c0e841a4-6638-4e17-a3eb-5a900f616b0c.sorted_genome_alignments.bam,155357602,149883857,5473745,0.035233197
UNCID_1234171.7085dbbb-eb5b-4aa9-af1f-280c9dbc98e5.sorted_genome_alignments.bam,165466544,158560487,6906057,0.041736878
UNCID_1234187.30fbb6c0-c79f-493b-b5c7-d8f820da9821.sorted_genome_alignments.bam,135870718,131186194,4684524,0.034477804
UNCID_1234203.a8b63750-fd87-4129-98e8-54e778671520.sorted_genome_alignments.bam,182400369,178147303,4253066,0.023317201
UNCID_1234204.cfc5a7ec-fd48-4944-85f8-40f755b4111e.sorted_genome_alignments.bam,186325025,181737278,4587747,0.02462228
UNCID_1234212.8d91b55d-0a51-44d3-bcc7-d6d95027683a.sorted_genome_alignments.bam,151703109,141859220,9843889,0.064889171
UNCID_1234223.55f50a7b-5448-4895-81bc-578eecbd7680.sorted_genome_alignments.bam,159099499,155148007,3951492,0.024836609
UNCID_1234234.8fba87be-9062-49e8-ab5d-95b4c4c6a721.sorted_genome_alignments.bam,155135416,150024342,5111074,0.032945888
UNCID_1234298.5f9b87f7-a92d-49c6-b84e-b84b92a637cf.sorted_genome_alignments.bam,162155711,156235324,5920387,0.036510506
UNCID_1234300.4673424c-68f8-4ee3-aacc-926e4a32c2be.sorted_genome_alignments.bam,171959650,168032289,3927361,0.022838852
UNCID_1234324.487c555b-81bb-4b70-8219-9abac8394b9f.sorted_genome_alignments.bam,167015024,154913171,12101853,0.072459667
UNCID_1234327.98f08cdf-bfca-480d-80ed-bb83b74fb738.sorted_genome_alignments.bam,160731989,152745022,7986967,0.04969121
UNCID_1234342.3bdd32fc-608b-4559-b219-bd57548cb29a.sorted_genome_alignments.bam,162975390,157656352,5319038,0.032637063
UNCID_1234454.ec82193f-8c29-4486-aa5d-0c1912608727.sorted_genome_alignments.bam,174161525,170443421,3718104,0.021348596
UNCID_1234525.b966ca07-fd34-4428-a460-1ba57a3e519d.sorted_genome_alignments.bam,176352083,159075326,17276757,0.097967411
UNCID_1234535.e1be8377-176c-4f4c-b3aa-86bbb6cd0f3a.sorted_genome_alignments.bam,139127451,133712024,5415427,0.038924216
UNCID_1234543.2031e5cb-18c3-421e-b8af-d5dab73e3a89.sorted_genome_alignments.bam,148676977,140216183,8460794,0.056907224
UNCID_1234550.cde6162b-199e-42f0-a0fb-547bed209e8b.sorted_genome_alignments.bam,180037953,173500780,6537173,0.036309972
UNCID_1234573.36ef1cbb-f448-464b-9727-4d3f2f63d76c.sorted_genome_alignments.bam,179931618,174353016,5578602,0.031004012
UNCID_1234596.b477c725-8d74-40ed-b4ee-27341a354fd1.sorted_genome_alignments.bam,192042931,185770922,6272009,0.032659411
UNCID_1234650.10892e71-cd86-4bcf-9da9-5faa081d1b0a.sorted_genome_alignments.bam,157209514,153216565,3992949,0.025398902
UNCID_1234654.e92d3c82-1aea-48da-97fd-bf6325d5c51b.sorted_genome_alignments.bam,165628551,160917031,4711520,0.028446303
UNCID_1234702.c07b7746-e340-4679-99bb-531c2d93b4e5.sorted_genome_alignments.bam,175638474,169379828,6258646,0.035633685
UNCID_1234726.dc6e5a42-6613-41cb-af1e-7d7fa1904b62.sorted_genome_alignments.bam,167003705,162805831,4197874,0.025136412
UNCID_1234731.518085b3-f993-4346-bb4d-b7244e9435d6.sorted_genome_alignments.bam,174785148,170176011,4609137,0.026370301
UNCID_1234759.55ef7beb-1c9f-47e4-805a-900b935a5d8c.sorted_genome_alignments.bam,183707491,178938822,4768669,0.025957945
UNCID_1234826.30861ba6-6539-47a5-82df-5f89d8101d05.sorted_genome_alignments.bam,174337469,168390420,5947049,0.034112283
UNCID_1234867.a292e3ff-5e63-4d77-8398-f3afa5c880cc.sorted_genome_alignments.bam,173240849,157360043,15880806,0.091668946
UNCID_1234900.58b46ddc-3b28-4b48-a981-27ac9ef23283.sorted_genome_alignments.bam,172204033,168043939,4160094,0.024157936
UNCID_1234916.03b25565-6f06-410e-96fc-cd7cfc59ba72.sorted_genome_alignments.bam,165339145,159997371,5341774,0.032307981
UNCID_1234971.5ad500eb-a97f-42cf-b0cd-1d5ce0f3584d.sorted_genome_alignments.bam,175040203,169206757,5833446,0.033326321
UNCID_1235021.386af7d3-6cfb-458e-a451-1faece442b9e.sorted_genome_alignments.bam,190168534,185032814,5135720,0.02700615
UNCID_1235023.5f75a7a1-a36b-4ddc-adc7-7de26854f0b2.sorted_genome_alignments.bam,190963644,185773520,5190124,0.027178597
UNCID_1235025.c72a1f85-6eb7-45ef-ac30-f695d87226ed.sorted_genome_alignments.bam,175387593,168010083,7377510,0.042064036
UNCID_1235112.b6a8b608-8bf6-4d57-a720-bd4aaced4591.sorted_genome_alignments.bam,167740909,162719346,5021563,0.029936424
UNCID_1235181.390a7d6b-023d-4895-9b5c-f65bbb628ff1.sorted_genome_alignments.bam,173846447,169807210,4039237,0.02323451
UNCID_1235231.67bb0e7f-a5f6-44c4-b5d4-6566094de00a.sorted_genome_alignments.bam,185422553,181159868,4262685,0.022989032
UNCID_1235439.7aa49ecf-9e25-4166-9ed2-487c41f1066c.sorted_genome_alignments.bam,168434736,160446341,7988395,0.047427242
UNCID_1235450.7f385a18-a567-4386-99b8-4f54f13d325e.sorted_genome_alignments.bam,202673559,188310892,14362667,0.070866013
UNCID_1236175.a4a2d2e8-d2cd-4551-942d-8cc066d332a6.sorted_genome_alignments.bam,190931385,186742556,4188829,0.021938923
UNCID_1236399.284fadfc-0c63-44ef-a464-0a62f1173e6b.sorted_genome_alignments.bam,194219921,189074444,5145477,0.026493044
UNCID_1236447.cc38cfd7-4ade-4834-812d-109d152a45b8.sorted_genome_alignments.bam,211724484,205173860,6550624,0.030939379
UNCID_1236738.a835c374-32b1-491b-811e-e3a0c5012818.sorted_genome_alignments.bam,166174469,157805168,8369301,0.050364542
UNCID_1236806.92767f50-7543-4312-93ff-f17a084bda26.sorted_genome_alignments.bam,215818766,210073026,5745740,0.026622986
UNCID_1236923.5c8adf9a-05bc-4690-a057-4638de231d93.sorted_genome_alignments.bam,215069070,209014758,6054312,0.028150547
UNCID_1236929.9d3eb977-6020-42db-804b-a1139511a979.sorted_genome_alignments.bam,214299480,208617427,5682053,0.026514544
UNCID_1236971.8f097693-4c17-42f4-b319-dd3b4ae93005.sorted_genome_alignments.bam,170521738,166401379,4120359,0.024163248
UNCID_1237046.e7b0528c-6ca5-45ae-9b9e-4bdf472ef15a.sorted_genome_alignments.bam,198182100,193774746,4407354,0.022238911
UNCID_1237136.f313d8ac-14aa-4171-b649-942458529230.sorted_genome_alignments.bam,192500885,184129038,8371847,0.043489914
UNCID_1237283.fa5354d8-ce4c-4b8d-b7cc-e4708e6eae5f.sorted_genome_alignments.bam,173983300,169786633,4196667,0.024121091
UNCID_1237316.ad775597-406f-4470-894a-e37d0666761b.sorted_genome_alignments.bam,201362726,196376375,4986351,0.024763029
UNCID_1237382.ce894d3c-c781-4e3a-a32c-1b3f85c84df3.sorted_genome_alignments.bam,141731378,133644134,8087244,0.057060364
UNCID_1237439.84ba6854-4027-4301-ad03-95444ccc0ff7.sorted_genome_alignments.bam,229257488,222849294,6408194,0.027951951
UNCID_1237505.312ea080-3831-453d-aa8c-e466192c8309.sorted_genome_alignments.bam,201386847,195663044,5723803,0.028421931
UNCID_1237767.c3a60103-efb6-4553-bb36-917fcb21d811.sorted_genome_alignments.bam,208183574,203649547,4534027,0.021778985
UNCID_1237898.766eb893-3bc9-4a17-9b66-7eed2b1c01c3.sorted_genome_alignments.bam,61066090,58705289,2360801,0.03865977
UNCID_1237941.cc0cd3e6-a133-4796-ab06-5adb905d5184.sorted_genome_alignments.bam,196436760,191521070,4915690,0.025024288
UNCID_1238041.5d4390cc-c091-4844-b40c-f936ab881e61.sorted_genome_alignments.bam,203085354,197980231,5105123,0.02513782
UNCID_1238085.c209a152-e7e3-4960-8ad6-781f9da74542.sorted_genome_alignments.bam,200754208,195835243,4918965,0.024502425
UNCID_1238212.30f9edcc-a7d4-40fd-82d9-238fcd6c08b0.sorted_genome_alignments.bam,181149383,176802432,4346951,0.023996499
UNCID_1239099.83e1f144-8970-4d50-961d-51493ba417f3.sorted_genome_alignments.bam,184992321,179732506,5259815,0.028432613
UNCID_1239137.a6d27c0b-24c5-4633-a6d1-3f7f6c8525fd.sorted_genome_alignments.bam,180615627,176410834,4204793,0.023280339
UNCID_1239500.8b6f7af8-e41f-47d8-8cc3-dad528776ccf.sorted_genome_alignments.bam,140979217,136084024,4895193,0.034722799
UNCID_1239768.03903d4c-2420-49e3-bdb0-8e452333af62.sorted_genome_alignments.bam,237639844,231401943,6237901,0.02624939
UNCID_1239899.275c0be2-e74b-4926-8490-cc5ad687b240.sorted_genome_alignments.bam,196672815,190258204,6414611,0.032615646
UNCID_1239940.6881e2cc-96b3-4d5b-a0b5-852b4d94bfea.sorted_genome_alignments.bam,206579094,199480744,7098350,0.034361415
UNCID_1240024.27532782-f61f-466c-9758-d693eeecc86f.sorted_genome_alignments.bam,148467451,140554569,7912882,0.053297083
UNCID_1240222.12c5149b-7fd8-4031-9d10-f8efc6247726.sorted_genome_alignments.bam,140271206,136410101,3861105,0.027525998
UNCID_1240402.290dfcee-d35e-4ab2-9925-f6839ff65fdb.sorted_genome_alignments.bam,150522633,145723655,4798978,0.031882102
UNCID_1240470.2fb46da1-3190-4ab7-a6e2-67f7ac1466dd.sorted_genome_alignments.bam,151810132,146736511,5073621,0.033420833
UNCID_1240751.70779173-6a72-45e4-bf43-91ee9baba55f.sorted_genome_alignments.bam,133889664,127447622,6442042,0.048114558
UNCID_1240926.55cb57c2-be44-4e16-94b7-aa58307b12b8.sorted_genome_alignments.bam,236777853,229736038,7041815,0.029740176
UNCID_1241098.2931c2f4-3095-4eda-be5f-76b6763a590c.sorted_genome_alignments.bam,147554631,142662851,4891780,0.033152331
UNCID_1241222.1ba7877e-fd4e-452d-8eed-20fc9fb39698.sorted_genome_alignments.bam,160903352,147744908,13158444,0.081778557
UNCID_1241548.f3a29451-e125-4894-9d9a-c45d31e4d999.sorted_genome_alignments.bam,262119906,256339084,5780822,0.022054113
UNCID_1241765.18bfebc6-f546-4154-ad8d-b65706af6547.sorted_genome_alignments.bam,169396007,164246147,5149860,0.030401307
UNCID_1241905.8000da33-0855-41b1-8ff8-503c8a7293a0.sorted_genome_alignments.bam,173815688,167573341,6242347,0.035913599
UNCID_1242014.fd452f28-1ef9-4582-b31b-9ce98dc7a114.sorted_genome_alignments.bam,182626748,177907901,4718847,0.025838751
UNCID_1242286.1e4be071-ebc0-4eba-b66f-abd178f60ea1.sorted_genome_alignments.bam,246112618,231875457,14237161,0.057848156
UNCID_1242560.9ff4d588-da73-4e26-975d-2b098fe74984.sorted_genome_alignments.bam,182882606,177455191,5427415,0.029677043
UNCID_1242683.b854167d-42a2-4144-92ee-0229536d4cea.sorted_genome_alignments.bam,131768109,125675071,6093038,0.046240612
UNCID_1243148.fa7aa15e-c39b-47ad-b80b-b24c4532b20e.sorted_genome_alignments.bam,198651334,191502706,7148628,0.035985804
UNCID_1243547.c8ab76f4-ea65-40d3-94d8-42be5477641e.sorted_genome_alignments.bam,167807648,161345379,6462269,0.038509979
UNCID_1243711.9434a419-0eeb-4952-a60c-a8afe98a0347.sorted_genome_alignments.bam,169531074,164821161,4709913,0.027782004
UNCID_1243748.b918679c-600e-4cdb-a2df-40bea373a836.sorted_genome_alignments.bam,123298698,117649619,5649079,0.04581621
UNCID_1243827.d1883aba-565e-487f-a240-4dac9d5bc50e.sorted_genome_alignments.bam,181880461,177055617,4824844,0.026527555
UNCID_1244420.f44cdc06-35ed-42dc-b4b2-fdd19399c7d3.sorted_genome_alignments.bam,169970836,161690748,8280088,0.048714757
UNCID_1244595.b3698d91-98dd-4336-a83d-206641a4037d.sorted_genome_alignments.bam,167409870,163579908,3829962,0.022877755
UNCID_1244657.641b06e6-a787-4ad1-9bfa-ea27eb675829.sorted_genome_alignments.bam,166324807,160779416,5545391,0.033340733
UNCID_1245254.dfdbba8f-c811-4881-81e5-3ca233071a03.sorted_genome_alignments.bam,173882343,167867315,6015028,0.034592518
UNCID_1245724.7ef09c3e-1bd5-48c9-81ae-6da842739027.sorted_genome_alignments.bam,188316089,180396856,7919233,0.042052875
UNCID_1246481.d217afe9-268f-4b7b-9e93-a31e3b4221c1.sorted_genome_alignments.bam,161854757,157050531,4804226,0.029682328
UNCID_1246496.f3fe7192-c115-4c74-927b-b3d824995205.sorted_genome_alignments.bam,202281829,197145035,5136794,0.025394243
UNCID_1246882.e67b3b01-fdd5-49de-8829-84298c131a5f.sorted_genome_alignments.bam,178243441,170444022,7799419,0.043757116
UNCID_1247371.b971d290-ba1f-46f3-8605-31e1502adf69.sorted_genome_alignments.bam,187908599,182653801,5254798,0.027964649
UNCID_1247728.b304cf7b-274d-4617-9830-459601eedc10.sorted_genome_alignments.bam,162187801,155533174,6654627,0.041030379
UNCID_1247803.bb7b6ff1-29df-4d89-b11e-1b83f5dc1c41.sorted_genome_alignments.bam,186459577,179695081,6764496,0.036278619
UNCID_1248026.71b37147-df4c-40ef-b57a-57c2f692de06.sorted_genome_alignments.bam,171212228,166043960,5168268,0.030186325
UNCID_1248128.8105c994-1a91-4514-a22e-64a2bdc5fec2.sorted_genome_alignments.bam,195761513,188859310,6902203,0.035258223
UNCID_1248483.ad4a6ae8-63bb-4890-9b31-314a2fa81d1b.sorted_genome_alignments.bam,290405324,273076723,17328601,0.059670397
UNCID_1249548.1e140ddc-259f-4f83-b5c5-5cbeb3617fb3.sorted_genome_alignments.bam,290721665,283104569,7617096,0.026200648
UNCID_1249639.50c829d7-c1cb-46dc-a17d-f2cdcfa8e8a6.sorted_genome_alignments.bam,267595910,259185938,8409972,0.031427879
UNCID_1249760.a60b88ff-4c3b-4da1-b071-b16d13ded954.sorted_genome_alignments.bam,291877777,282635935,9241842,0.031663397
UNCID_1249960.78808f76-820b-439f-8223-38f2899cad5f.sorted_genome_alignments.bam,182039147,175247802,6791345,0.037307058
UNCID_1250679.589feea4-d8ea-4c3f-9d63-367ba1488465.sorted_genome_alignments.bam,183453228,179675541,3777687,0.020592099
UNCID_1252462.9d120ffc-51e1-496f-87e0-298ec882691b.sorted_genome_alignments.bam,206630126,200074681,6555445,0.031725505
UNCID_1252638.5edc8af3-4e05-4ef5-933c-6b2c48cc7469.sorted_genome_alignments.bam,119939754,115440066,4499688,0.037516235
UNCID_1253876.e59deb12-6554-4a53-80ee-ebebe64e851c.sorted_genome_alignments.bam,86835435,82803152,4032283,0.046435916
UNCID_1254226.6a279cfe-e09e-4508-95aa-1f2f51a82bf8.sorted_genome_alignments.bam,98533643,95007273,3526370,0.035788487
UNCID_1254457.c50e1f9f-6059-4609-876d-938efb8a784e.sorted_genome_alignments.bam,69805639,66019479,3786160,0.054238598
UNCID_1254602.d9296b9a-bdca-49b4-b458-40e0305822b2.sorted_genome_alignments.bam,144876866,136284267,8592599,0.059309669
UNCID_1254611.71a6367e-a876-4f1e-b80c-0e2d7d02e7cd.sorted_genome_alignments.bam,76417445,71498751,4918694,0.064366114
UNCID_1255327.df5061ca-929b-4e23-89fb-6d05c1a9ffa4.sorted_genome_alignments.bam,74804796,70167429,4637367,0.06199291
UNCID_1255541.f109e380-99e8-42f3-a0c3-d3f459f71ae8.sorted_genome_alignments.bam,285424779,275428048,9996731,0.035024047
UNCID_1255645.95b5e301-f942-43bb-8211-d992948e8136.sorted_genome_alignments.bam,84559804,79043136,5516668,0.065239839
UNCID_1255690.670eab31-e873-4404-bbff-1b427e7b80c1.sorted_genome_alignments.bam,132095232,121784719,10310513,0.078053635
UNCID_1256299.986964bc-b680-4fc1-8f93-20772f0a8949.sorted_genome_alignments.bam,129708126,124804102,4904024,0.037808148
UNCID_1256441.beb2f2cc-8893-4db2-a527-50a7a40d6d4f.sorted_genome_alignments.bam,107543821,101815813,5728008,0.053262084
UNCID_1256499.9cbe4eef-89aa-453e-b22b-1c1256bf3c51.sorted_genome_alignments.bam,124606852,121223664,3383188,0.027150899
UNCID_1256541.4ffff9ea-3386-47d5-8974-722037f31849.sorted_genome_alignments.bam,93546177,87778398,5767779,0.061657025
UNCID_1256684.e866475d-4919-4bf6-920e-5390720d15bf.sorted_genome_alignments.bam,146972239,137033708,9938531,0.067621825
UNCID_1257214.6aa1a643-013f-43d4-a3e6-a4a946ac3678.sorted_genome_alignments.bam,103994173,97804900,6189273,0.059515575
UNCID_1257304.8a23348d-3371-431e-a6c8-b031cde82279.sorted_genome_alignments.bam,107798783,101794094,6004689,0.055702753
UNCID_1257357.d848ad65-9261-4854-a6bd-e76484c6a337.sorted_genome_alignments.bam,78767816,73668490,5099326,0.0647387
UNCID_1258140.3e71718b-3ab9-4b0d-a92b-52c46e6f1670.sorted_genome_alignments.bam,108247875,102394212,5853663,0.05407647
UNCID_1258486.2a276a7e-a3e3-48df-b427-f32f70606152.sorted_genome_alignments.bam,175146517,167947938,7198579,0.041100326
UNCID_1258607.9543095d-b05b-43e0-8b8d-74bd916b510b.sorted_genome_alignments.bam,200722359,189972608,10749751,0.053555324
UNCID_1258750.e5aeb7a3-1454-4605-a924-d4b1ed082e87.sorted_genome_alignments.bam,102110680,96282771,5827909,0.057074431
UNCID_1258939.9f693816-6957-413c-a100-54f7bc0eddf9.sorted_genome_alignments.bam,122957000,116614110,6342890,0.051586246
UNCID_1259261.7a72bd47-7504-4a59-ae95-096c32f70965.sorted_genome_alignments.bam,133540555,126616790,6923765,0.051847658
UNCID_1259266.cc92e983-2367-4353-ac01-88851fd0f71e.sorted_genome_alignments.bam,199520530,188568455,10952075,0.05489197
UNCID_1259664.2f2fe990-f8f6-4904-b3d5-083e17a7a29d.sorted_genome_alignments.bam,144877025,138133633,6743392,0.046545627
UNCID_1260588.9dcee6b2-ff25-4db1-be9a-9ac5e6e49c90.sorted_genome_alignments.bam,110740206,108176580,2563626,0.023149912
UNCID_1261418.3b02644e-4b3e-44be-9b5c-f9583559b7c3.sorted_genome_alignments.bam,170434510,166408610,4025900,0.02362139
UNCID_1261862.a0fee8d8-7db3-447e-a3d4-019f8cba4631.sorted_genome_alignments.bam,223116051,217949817,5166234,0.023154919
UNCID_1262399.365b57ee-a9a1-4165-ab1d-c24bebc87962.sorted_genome_alignments.bam,225909960,211523163,14386797,0.063683766
UNCID_1262804.8a91ad45-592a-4539-90ed-2dddf33b10a4.sorted_genome_alignments.bam,210590741,202997677,7593064,0.03605602
UNCID_1263133.aabc18c1-ba2e-40a8-b564-eb97b2a188f8.sorted_genome_alignments.bam,185465983,178712331,6753652,0.036414505
UNCID_1263233.09f4aed2-c85e-4e72-9e04-c6a2e02e5d76.sorted_genome_alignments.bam,172851466,167845484,5005982,0.028961178
UNCID_1264355.9499982c-311d-40cd-8353-dd21c6b18d0d.sorted_genome_alignments.bam,227638830,220249931,7388899,0.032458869
UNCID_1264630.f1647dd0-3eda-473f-9902-12d0817ee165.sorted_genome_alignments.bam,191221997,186380252,4841745,0.025320021
UNCID_1265174.8854ee68-24a7-4ff1-b411-50e9141404d9.sorted_genome_alignments.bam,172034869,166474953,5559916,0.032318541
UNCID_1265559.c55bb0b8-3417-4142-97f8-c43f1ec56496.sorted_genome_alignments.bam,156894055,149598901,7295154,0.046497326
UNCID_1265718.04821584-22a4-4717-98f4-328d953719ef.sorted_genome_alignments.bam,162345386,157213560,5131826,0.031610544
UNCID_1265851.89296277-231a-4808-bcd9-380af991cbf6.sorted_genome_alignments.bam,251959766,240954461,11005305,0.043678819
UNCID_1265853.9584ae14-c30b-421b-8975-b5b1bb94a465.sorted_genome_alignments.bam,165501002,159262117,6238885,0.037696962
UNCID_1266433.ac1953f4-a6d8-40c8-9ba8-b5a38726c6e7.sorted_genome_alignments.bam,177400522,173082990,4317532,0.024337764
UNCID_1266473.ab016062-694f-4925-934e-0ea8b62bc2a9.sorted_genome_alignments.bam,183307549,178823696,4483853,0.02446082
UNCID_1266526.05d7b56b-e588-42f8-8bd4-4b966e7258d1.sorted_genome_alignments.bam,247039796,240271798,6767998,0.027396388
UNCID_1267380.e22f47b8-5c7b-4b38-be5e-1d19f004b111.sorted_genome_alignments.bam,226888507,221466060,5422447,0.02389917
UNCID_1267977.12e60329-5243-46a0-a3ea-4d0a6e6b0392.sorted_genome_alignments.bam,198661776,191771233,6890543,0.034684795
UNCID_1268063.e4d13a24-fbba-4167-af93-94c4b0b3bb48.sorted_genome_alignments.bam,242223383,234868219,7355164,0.03036521
UNCID_1268070.2f9bd820-0ddc-449a-b528-6e4ab823a39a.sorted_genome_alignments.bam,220285710,215082646,5203064,0.023619617
UNCID_1268329.5c437a0d-7e14-4864-8408-98c9028c9d1e.sorted_genome_alignments.bam,202383279,194864863,7518416,0.037149393
UNCID_1268693.f2a2319f-6233-4a3a-bb2f-673cd9145686.sorted_genome_alignments.bam,179225958,173203403,6022555,0.03360314
UNCID_1269150.8c98ce69-de64-4774-a664-b5d1a924b0f3.sorted_genome_alignments.bam,170550501,166102643,4447858,0.026079419
UNCID_1269186.74690cfa-ad39-4876-86cc-6b82062add1c.sorted_genome_alignments.bam,193114340,189017927,4096413,0.021212371
UNCID_1269249.f2ad4c22-c476-44af-a8ca-dffcae313ae2.sorted_genome_alignments.bam,165837755,160400589,5437166,0.032786056
UNCID_1269642.febae3ce-225b-4414-bc02-4538b062d76e.sorted_genome_alignments.bam,287242465,277938836,9303629,0.032389462
UNCID_1269657.f913d61f-70f0-4dd3-a9f9-384133734d43.sorted_genome_alignments.bam,182985077,175361057,7624020,0.041664709
UNCID_1269993.912e1936-9538-44c4-b2da-d553a06bb61f.sorted_genome_alignments.bam,246193022,234448503,11744519,0.047704516
UNCID_1270212.15f3d37e-ccb8-4739-91c4-9fda63aa70ea.sorted_genome_alignments.bam,194600882,189089147,5511735,0.028323279
UNCID_1270488.08919a76-5d54-46f7-84ac-9f04838ea0ed.sorted_genome_alignments.bam,263028690,243887232,19141458,0.07277327
UNCID_1270864.14f1d95e-473a-4b72-9ba2-8a1e3e3a0d5e.sorted_genome_alignments.bam,300144130,288454420,11689710,0.038946989
UNCID_1270871.f2675b47-1187-4dad-a53d-60179daa7c88.sorted_genome_alignments.bam,215842613,210873959,4968654,0.023019801
UNCID_1271217.4d5b1224-0569-4d67-b072-64b6185ec5cc.sorted_genome_alignments.bam,163544356,160254181,3290175,0.020117937
UNCID_1271250.3ac3fcc8-857d-43f4-8038-8af00584373c.sorted_genome_alignments.bam,173777130,168853806,4923324,0.028331254
UNCID_1271844.3caa0680-0883-4b8e-a92f-cdd6096688c5.sorted_genome_alignments.bam,229282762,223612640,5670122,0.024729822
UNCID_1271998.e5f5e07f-145b-437d-ab1c-c629b7afce27.sorted_genome_alignments.bam,174521937,170478101,4043836,0.023170932
UNCID_1272142.12e19460-da9a-4ff4-8664-801e7f8829b7.sorted_genome_alignments.bam,196956206,192253622,4702584,0.023876293
UNCID_1272457.938046b4-330f-49e1-99b3-4cc4a1a1e48d.sorted_genome_alignments.bam,168559321,162673913,5885408,0.034915945
UNCID_1272848.0dfea89c-6c93-4a07-82db-598c8aa9d0d6.sorted_genome_alignments.bam,225157291,219926024,5231267,0.023233833
UNCID_1273149.011453b6-9736-4ea4-8845-bbe4416783d3.sorted_genome_alignments.bam,187168825,182908165,4260660,0.022763727
UNCID_1273448.5ff01070-167d-43b6-bb87-88b2f82b99ba.sorted_genome_alignments.bam,243416917,237853301,5563616,0.022856324
UNCID_1273510.f92e4800-911b-4603-aff1-8af07649763d.sorted_genome_alignments.bam,216412521,212043909,4368612,0.020186503
UNCID_1273913.74513700-4bf3-478d-8f30-05c1d51ec246.sorted_genome_alignments.bam,228013806,219490067,8523739,0.037382557
UNCID_1274309.7c2a68eb-25a5-4c78-929e-6331fda46ee6.sorted_genome_alignments.bam,163761505,159901550,3859955,0.023570588
UNCID_1275080.197d081a-c438-40f0-83ab-d2f5adaba583.sorted_genome_alignments.bam,238081810,232611029,5470781,0.022978576
UNCID_1275178.db64f570-6041-468c-8639-f20cee05d331.sorted_genome_alignments.bam,226633886,221575205,5058681,0.022320938
UNCID_1275542.ffbb3fd8-1a6b-4a41-8a1c-69153ff2f054.sorted_genome_alignments.bam,204210010,199813039,4396971,0.021531613
UNCID_1275986.627700fa-7b16-44cd-bf0c-0e503d70e9dd.sorted_genome_alignments.bam,334164138,308540095,25624043,0.076681008
UNCID_1276189.5e09af58-8416-41da-8c99-91761f3e0bf1.sorted_genome_alignments.bam,214807244,210086364,4720880,0.021977285
UNCID_1277103.4fe55069-e1b6-4d85-a51a-03a10c6116e2.sorted_genome_alignments.bam,171220956,162901610,8319346,0.048588363
UNCID_1277782.047160f7-3727-4915-b02d-61557350d88b.sorted_genome_alignments.bam,182631143,173131183,9499960,0.052017196
UNCID_1277800.c4da93be-10bb-4236-b765-b6522f591856.sorted_genome_alignments.bam,134725007,112182968,22542039,0.167318893
UNCID_1278711.675ebba3-8b36-4c28-b6c2-9e22633ecceb.sorted_genome_alignments.bam,183033973,175454151,7579822,0.041412104
UNCID_1278913.22ec0a34-74ad-48d6-80f4-b88ef082101d.sorted_genome_alignments.bam,139008023,134873924,4134099,0.029740003
UNCID_1279660.22cf19a1-e3a8-4c26-aa7f-76690c0c56f3.sorted_genome_alignments.bam,232790066,209472308,23317758,0.100166465
UNCID_1279691.02438862-cd89-48db-a2d0-1f07678d5673.sorted_genome_alignments.bam,166313680,161702057,4611623,0.027728465
UNCID_1279918.ec2ac902-f5ca-45a5-a72a-1b266360410a.sorted_genome_alignments.bam,195446785,186559763,8887022,0.04547029
UNCID_1279925.a9f38299-4624-4dc3-bc11-d91ffda21cb0.sorted_genome_alignments.bam,204779004,195731000,9048004,0.044184237
UNCID_1279997.15c8af47-df6a-4cb5-a389-4ef6c2eb3501.sorted_genome_alignments.bam,228173683,217349448,10824235,0.047438578
UNCID_1280276.fc251d7a-291c-4244-a8e9-76471eddb4dc.sorted_genome_alignments.bam,212125758,204017655,8108103,0.038223095
UNCID_1280546.736e48e2-901c-441c-8336-d63e1451682e.sorted_genome_alignments.bam,184324151,176412679,7911472,0.042921516
UNCID_1280626.ee9fecf0-91d4-4ff2-8a88-a59f6208d4b2.sorted_genome_alignments.bam,170244784,166974708,3270076,0.019208083
UNCID_1280815.70682749-62b2-4516-8e22-4b0b0aac8984.sorted_genome_alignments.bam,184482976,178139003,6343973,0.034387851
UNCID_1281052.461cbf67-a11d-4411-95b5-cf83ecf05d02.sorted_genome_alignments.bam,189716945,180977331,8739614,0.046066597
UNCID_1281327.7c03a305-f07b-4bbc-937f-8ec0dfdb2731.sorted_genome_alignments.bam,142947937,138831702,4116235,0.028795344
UNCID_1281529.2c08d3bc-c5f6-4077-86b5-633ed85818ec.sorted_genome_alignments.bam,159361900,151535005,7826895,0.049113966
UNCID_1281643.02334a5d-c3a2-4ea6-8e4e-d603a8fbc43c.sorted_genome_alignments.bam,118029541,114265886,3763655,0.031887398
UNCID_1281705.d02d5b10-3d8e-4ecb-a644-b8fb547e6cf4.sorted_genome_alignments.bam,221324186,212212033,9112153,0.041171067
UNCID_1281820.d4c47b15-bf2c-42b4-9aa1-c26f9ddbe4da.sorted_genome_alignments.bam,183029473,178639250,4390223,0.023986426
UNCID_1281830.52df7d5d-7236-464f-9394-7c20f8726280.sorted_genome_alignments.bam,139498329,132550036,6948293,0.049809149
UNCID_1282131.36973833-7245-444f-94e9-062e6b83df14.sorted_genome_alignments.bam,147041449,142231600,4809849,0.032710838
UNCID_1282414.4af17296-dc40-45f6-8bef-0bb5af55406f.sorted_genome_alignments.bam,247695085,238219979,9475106,0.038253105
UNCID_1282806.94bd0768-0e03-4387-b980-09b5efcd21c5.sorted_genome_alignments.bam,107215683,104444229,2771454,0.025849334
UNCID_1283084.6eb0d270-797d-49ab-9bda-a5f0a70a6695.sorted_genome_alignments.bam,255359007,249831532,5527475,0.021645898
UNCID_1283115.3663854a-fbf6-4734-a968-7a64b16b63b0.sorted_genome_alignments.bam,131988763,127641724,4347039,0.032934917
UNCID_1283286.098ef6ce-5605-407d-90ca-e5ce9c27878f.sorted_genome_alignments.bam,151657622,147960543,3697079,0.024377799
UNCID_1283421.ade35c8d-30dd-4e45-9f7c-9818072a02db.sorted_genome_alignments.bam,163390267,159774324,3615943,0.022130712
UNCID_1283570.a2e7de4e-d673-40ae-aa00-37e1a8cebbf5.sorted_genome_alignments.bam,141953902,136613522,5340380,0.037620523
UNCID_1283645.9f46343e-180d-4313-97fe-9810754ff66e.sorted_genome_alignments.bam,132874106,130167393,2706713,0.020370508
UNCID_1283921.83f8c292-5ae0-4c58-9f08-e58ce391f4f4.sorted_genome_alignments.bam,171398332,160810011,10588321,0.061776103
UNCID_1283984.6638cd8e-932b-438a-8c14-9aa5c87e9cf3.sorted_genome_alignments.bam,151829499,145424973,6404526,0.042182356
UNCID_1283998.800e0be9-64ca-43ff-8518-f18c15d0cefa.sorted_genome_alignments.bam,155388404,150866106,4522298,0.029103188
UNCID_1284013.2555472f-e74d-48c6-8c4f-54a52767e8c4.sorted_genome_alignments.bam,157155780,152973275,4182505,0.026613752
UNCID_1284060.7e21edf0-fc0d-416d-82f0-a29e97f683d3.sorted_genome_alignments.bam,137160056,132479414,4680642,0.034125402
UNCID_1284589.a43aa841-8bb9-467b-8e51-76c30d5856df.sorted_genome_alignments.bam,117958190,114609140,3349050,0.02839184
UNCID_1284621.07f49527-0833-481f-b172-cb67601f8b03.sorted_genome_alignments.bam,222913423,206668735,16244688,0.072874427
UNCID_1284651.f2ee248c-017e-4765-98c2-dd4de98ed71b.sorted_genome_alignments.bam,182162046,177145161,5016885,0.027540781
UNCID_1284750.dd9cd802-af40-4c9b-a1f8-ff2ce09503af.sorted_genome_alignments.bam,163879523,160238176,3641347,0.022219658
UNCID_1284800.9beb01e0-62e4-4103-9a7c-f967fdb06608.sorted_genome_alignments.bam,169462758,165682472,3780286,0.022307474
UNCID_1284897.11e4b666-d6e8-4b8d-9340-5ac8ac3979e6.sorted_genome_alignments.bam,137728907,132903337,4825570,0.035036726
UNCID_1284927.eca521e3-f15c-4709-9a2d-ce6c34dcf342.sorted_genome_alignments.bam,159833986,153400020,6433966,0.040254055
UNCID_1285038.533156e6-19df-4bef-9d3f-e78c6361b4da.sorted_genome_alignments.bam,176056746,172290525,3766221,0.021392086
UNCID_1285085.335c738a-d226-4f92-9745-aa8252b23ac7.sorted_genome_alignments.bam,151420488,143440376,7980112,0.052701666
UNCID_1285226.5b262ec0-72f2-4c54-820e-a39afad67212.sorted_genome_alignments.bam,195078036,185983786,9094250,0.046618523
UNCID_1285243.90e347db-bfa3-4ee0-9441-d4f275648023.sorted_genome_alignments.bam,166327962,159889007,6438955,0.038712402
UNCID_1285414.a9b12880-decd-416f-805b-f3484cd25e8a.sorted_genome_alignments.bam,146875994,141359404,5516590,0.037559508
UNCID_1285436.0d53cf3e-63d6-465b-b1b6-763b9a29dc64.sorted_genome_alignments.bam,185416595,180083498,5333097,0.028762781
UNCID_1285634.1589f6a7-211a-458f-a2ad-72c2c175b5e5.sorted_genome_alignments.bam,180437461,175165135,5272326,0.029219686
UNCID_1285811.8d8fed5e-4b27-472a-93fa-2dba57098576.sorted_genome_alignments.bam,148806985,144006990,4799995,0.032256517
UNCID_1285910.56d5aac4-62b4-43e4-b0e4-f40b19a5893f.sorted_genome_alignments.bam,109470888,105785052,3685836,0.033669554
UNCID_1285972.68856b27-6609-4a25-b470-d11b74452374.sorted_genome_alignments.bam,137040116,132957174,4082942,0.029793772
UNCID_1286037.0872770d-ed18-47c4-8190-212b7250f7cf.sorted_genome_alignments.bam,158675047,152084689,6590358,0.041533676
UNCID_1286161.ddc6e148-34b7-4466-b692-3bb227004e2b.sorted_genome_alignments.bam,147637389,140021793,7615596,0.051583112
UNCID_1286262.f7461164-08b5-4a5c-ae74-cb4332f5ff7a.sorted_genome_alignments.bam,120667207,115757028,4910179,0.040691909
UNCID_1286353.3119d879-fd30-4eab-8abd-3a787a9929ba.sorted_genome_alignments.bam,184306361,178048963,6257398,0.033951069
UNCID_1286408.25672b5b-2ac2-41dc-9aa0-a9968d05430d.sorted_genome_alignments.bam,169262486,160735171,8527315,0.050379238
UNCID_1286470.c572c558-9451-46c1-817b-2322f4d0d61a.sorted_genome_alignments.bam,141062304,137181484,3880820,0.02751139
UNCID_1286553.e7d1fcd1-eb2a-4b6d-b5bd-6a0a6e4bec66.sorted_genome_alignments.bam,127869542,122614877,5254665,0.041093953
UNCID_1286603.27bf4227-d8a9-4048-af7e-01c6d5d0e777.sorted_genome_alignments.bam,181970599,177661277,4309322,0.023681419
UNCID_1286676.204a78d9-67aa-4e49-b285-bbb25c6ed142.sorted_genome_alignments.bam,124007343,119380789,4626554,0.03730871
UNCID_1286958.b4833ecc-2007-401c-b216-94d1daa8aaad.sorted_genome_alignments.bam,186644407,182082115,4562292,0.024443765
UNCID_1286975.6a0f60ed-8539-4963-84a9-4796ca46f505.sorted_genome_alignments.bam,171635960,164802676,6833284,0.039812659
UNCID_1287360.1a3eaaf1-b020-4db5-abc0-dfce056649fb.sorted_genome_alignments.bam,169974400,165306263,4668137,0.027463765
UNCID_1287459.c8600bba-b4bd-400e-ab67-03d66be9da31.sorted_genome_alignments.bam,165740393,161398804,4341589,0.026195117
UNCID_1287538.7d34b1bc-ac5a-4365-8dae-75b3f2ea5055.sorted_genome_alignments.bam,205051807,195742485,9309322,0.045399854
UNCID_1288129.5f5a884c-ffbd-401a-8689-baded1bdbe50.sorted_genome_alignments.bam,120198780,115444808,4753972,0.039550917
UNCID_1288299.71899388-d223-4774-a1ce-3be260240b2c.sorted_genome_alignments.bam,118656964,114052509,4604455,0.03880476
UNCID_1289334.b4fdb4df-603f-46ee-a430-506a16c59cf6.sorted_genome_alignments.bam,70497328,67205577,3291751,0.046693273
UNCID_1291919.b6ed3dfa-4d81-4e5c-9c1a-166894f92752.sorted_genome_alignments.bam,67799093,65041801,2757292,0.040668568
UNCID_1297143.1fff796f-626b-4408-9fd1-4fea54e153a6.sorted_genome_alignments.bam,127058268,120424624,6633644,0.052209463
UNCID_1297330.cba0c075-92dc-49a4-bf1f-141a9f3c7610.sorted_genome_alignments.bam,98116735,94661005,3455730,0.035220597
UNCID_1297495.5c052fcb-a9f9-4d6a-86cd-6fa490fe9d74.sorted_genome_alignments.bam,149984270,143062185,6922085,0.046152073
UNCID_1297578.fb13fe41-3e06-4d25-919f-95eb117ae14c.sorted_genome_alignments.bam,104387605,101305411,3082194,0.029526437
UNCID_1297791.c65cc611-3fce-4c3f-b37e-64290241adfd.sorted_genome_alignments.bam,118455469,114917524,3537945,0.0298673
UNCID_1307556.a3568fd6-4b6d-4507-9c59-1788834d3a75.sorted_genome_alignments.bam,132387212,127700499,4686713,0.035401554
UNCID_1307797.98703904-572d-4220-b959-a1293a2e1c33.sorted_genome_alignments.bam,138209674,133123003,5086671,0.036804016
UNCID_1308544.2e41bc6a-bece-4b6d-a646-be9b98707bba.sorted_genome_alignments.bam,126734795,123079649,3655146,0.028840904
UNCID_1308661.c6842e1d-4f63-458c-9287-0326c03a69c9.sorted_genome_alignments.bam,126664913,122064304,4600609,0.0363211
UNCID_1308725.e7b64cc3-9b2b-4938-9896-84b640d1586f.sorted_genome_alignments.bam,119965957,114898253,5067704,0.042242851
UNCID_1308797.eb7e6bfc-79ad-4674-9d58-2cbad8c65658.sorted_genome_alignments.bam,144066933,139120195,4946738,0.034336387
UNCID_1308955.bb07b646-1dcc-4cf5-9aae-1df150e84a84.sorted_genome_alignments.bam,154514416,149299839,5214577,0.033748158
UNCID_1309316.5b1b9e38-e00a-462b-976a-c540c13718ca.sorted_genome_alignments.bam,121099550,115574935,5524615,0.045620442
UNCID_1309630.edc609e1-c791-4d5f-8ca1-272ce9b34289.sorted_genome_alignments.bam,181014318,172715554,8298764,0.045845898
UNCID_1309812.54315bb5-c78e-4b9c-b9c1-8d0a944a854f.sorted_genome_alignments.bam,175140464,167273080,7867384,0.044920425
UNCID_1309844.196f7a32-4d09-4e8b-9aa4-7964baf951d7.sorted_genome_alignments.bam,180128210,170306508,9821702,0.054526173
UNCID_1310380.5db1c37a-2329-4bd3-baf2-89d26a8959fa.sorted_genome_alignments.bam,168074829,161968936,6105893,0.03632842
UNCID_1310425.1f1a8329-397c-4ec8-a7cc-46ec9c48fa42.sorted_genome_alignments.bam,187742254,180150014,7592240,0.040439698
UNCID_1311043.32faf34e-96a7-4668-9edb-a9addeceda95.sorted_genome_alignments.bam,206579481,189279543,17299938,0.083744706
UNCID_1311286.95cdfdf7-26d2-41b6-bac7-a6305a91ec3c.sorted_genome_alignments.bam,188704218,179005382,9698836,0.051397028
UNCID_1311429.2efa4fd0-1c0b-49c8-a11f-606d8618ec97.sorted_genome_alignments.bam,186377738,151317579,35060159,0.188113448
UNCID_1313387.c0ccb685-0789-4559-9189-05b841173aff.sorted_genome_alignments.bam,218154427,211399210,6755217,0.030965299
UNCID_1313654.c14f7362-25c3-4e1a-acd7-871bb22ea8a3.sorted_genome_alignments.bam,116213653,62693143,53520510,0.460535476
UNCID_1314025.4543cecd-6333-473b-b5ce-96d33ab47706.sorted_genome_alignments.bam,146762906,68076812,78686094,0.53614429
UNCID_1315959.c8397e86-4001-496a-a06c-80f835428b89.sorted_genome_alignments.bam,221215124,210799676,10415448,0.047082893
UNCID_1319280.68e90f56-7070-47e8-874f-9e7c45bd84fd.sorted_genome_alignments.bam,65051995,63425914,1626081,0.024996635
UNCID_1319309.88e86824-599f-4063-9977-f6db333b9b44.sorted_genome_alignments.bam,63741596,62054957,1686639,0.026460571
UNCID_1319332.cb033feb-06ad-4674-bc0b-6539efb9aa85.sorted_genome_alignments.bam,66804065,65354879,1449186,0.021693081
UNCID_1319371.4a379a56-c92f-4ed8-8d9f-513b4737ec31.sorted_genome_alignments.bam,69659785,66727264,2932521,0.042097761
UNCID_1319396.3ada0d86-a7dd-4ef8-ab88-bff478010c5e.sorted_genome_alignments.bam,73243981,71103796,2140185,0.029219944
UNCID_1319472.d69bc8fa-8015-46d5-a80d-4ff4cdc2eb46.sorted_genome_alignments.bam,81180983,79350262,1830721,0.022551107
UNCID_1320022.bd07aa68-708b-4bd3-88b9-78a8b9e298f5.sorted_genome_alignments.bam,144177527,136200136,7977391,0.055330336
UNCID_1320334.7eb0de2d-f2b7-4bbd-bfdf-38f9205dfcd9.sorted_genome_alignments.bam,168556709,162837101,5719608,0.033932841
UNCID_1320441.b08923df-9b70-48eb-bc2b-023d1e1b0eeb.sorted_genome_alignments.bam,130935105,125775420,5159685,0.03940643
UNCID_1320442.54ad372c-0c62-42b9-86c4-91cd0e148af2.sorted_genome_alignments.bam,105927456,103205432,2722024,0.025697058
UNCID_1320507.12358445-06b8-4055-8454-69b8544774fc.sorted_genome_alignments.bam,134399593,130743077,3656516,0.027206303
UNCID_1320936.7aa5ec16-e882-4627-9a15-1bb19a421576.sorted_genome_alignments.bam,166339534,162054107,4285427,0.02576313
UNCID_1320945.da426da6-bfe9-4718-8e99-b76d50ca5267.sorted_genome_alignments.bam,156529792,152423550,4106242,0.026232974
UNCID_1321167.3f8c4a26-6796-4070-aea8-a7507103cfc7.sorted_genome_alignments.bam,131760299,128398712,3361587,0.025512897
UNCID_1321335.40adb8fd-ac1d-4f5d-98a4-3bb5256626c4.sorted_genome_alignments.bam,170760136,163214637,7545499,0.044187708
UNCID_1321387.96b3c91a-389e-48cc-9347-ed65fa70f3de.sorted_genome_alignments.bam,174723930,167130745,7593185,0.043458186
UNCID_1321436.558ff190-9821-4d09-a9cd-dcc5f3e11b49.sorted_genome_alignments.bam,205852934,198235382,7617552,0.037004826
UNCID_1321475.752db3dc-92ba-4a16-a8d0-41ce260cef62.sorted_genome_alignments.bam,161948589,158264801,3683788,0.022746651
UNCID_1321641.b2b21d28-08c6-43e3-8b64-e9cdc913b15e.sorted_genome_alignments.bam,147624572,143831624,3792948,0.025693202
UNCID_1321723.70a93713-e154-46c8-9360-b873c63f0f05.sorted_genome_alignments.bam,123831152,116566936,7264216,0.058662266
UNCID_1321737.a83b2830-20b3-4773-b929-733f772252ec.sorted_genome_alignments.bam,174097106,169630482,4466624,0.025655935
UNCID_1321740.92c2186f-ee7b-4297-a876-bc96edc945b4.sorted_genome_alignments.bam,168675193,165477299,3197894,0.018958887
UNCID_1321761.0859cb32-59d7-4127-a9d6-1185fcdb74e3.sorted_genome_alignments.bam,179263114,175414592,3848522,0.021468566
UNCID_1321775.3b52da51-036d-4ae5-9ddf-99b67495a1cc.sorted_genome_alignments.bam,165528837,161075565,4453272,0.0269033
UNCID_1321798.095f3c80-890e-4529-816c-306daf614ec2.sorted_genome_alignments.bam,143122864,139687146,3435718,0.024005375
UNCID_1321830.3e2b99bc-6a05-4de8-b135-923d443cd4fa.sorted_genome_alignments.bam,143286847,140206045,3080802,0.021500941
UNCID_1321870.8af91e43-8345-432a-a758-1ce8aa55c664.sorted_genome_alignments.bam,195968927,187560158,8408769,0.042908685
UNCID_1321873.ed7e5789-ce06-4213-beda-f0892b103ce4.sorted_genome_alignments.bam,181537032,174477059,7059973,0.038889988
UNCID_1321908.7f0fe109-7153-46a8-81d7-2f132ee513f5.sorted_genome_alignments.bam,187706175,180020880,7685295,0.040943219
UNCID_1321946.e2bd971b-d929-4fc0-aec2-1ff9d9827a25.sorted_genome_alignments.bam,166544224,162458303,4085921,0.02453355
UNCID_1321964.f7ab806e-12d3-4dfc-90bf-cc49851cc34b.sorted_genome_alignments.bam,139936177,136599720,3336457,0.023842705
UNCID_1322004.c51d483d-2610-43c7-9c06-dfcf4ddff9aa.sorted_genome_alignments.bam,167150553,163372777,3777776,0.022601038
UNCID_1322057.c5fafb87-e6d6-409e-9872-117798b3d4c4.sorted_genome_alignments.bam,181152664,177659189,3493475,0.019284701
UNCID_1322195.15602b9c-e496-4b8b-a416-82db780d8f28.sorted_genome_alignments.bam,144636730,141486705,3150025,0.021778873
UNCID_1322252.cecb86b2-f20c-4fde-b9b6-c87e95f2e390.sorted_genome_alignments.bam,170051565,165713024,4338541,0.025513091
UNCID_1322253.43d4cf00-5ed1-4f50-a2a4-31ee7c387eb9.sorted_genome_alignments.bam,189373135,180615283,8757852,0.046246539
UNCID_1322275.d8765abc-befa-49b5-893e-04de2ddb2ee1.sorted_genome_alignments.bam,153786393,149191171,4595222,0.02988055
UNCID_1322374.c99f401e-8e9e-4302-8b5e-e6a699b43b6b.sorted_genome_alignments.bam,163717586,160252068,3465518,0.021167659
UNCID_1322422.c9cf5f5f-30de-4062-99c3-dcb9cfd55870.sorted_genome_alignments.bam,183605271,174312013,9293258,0.050615421
UNCID_1322520.39239ac6-7757-43ca-928a-4885260ecbc7.sorted_genome_alignments.bam,162969615,158380129,4589486,0.028161605
UNCID_1322541.ff7a84e6-f49c-4832-9e60-7d64cbbf7c2c.sorted_genome_alignments.bam,164165085,158468274,5696811,0.034701721
UNCID_1322573.64f48f1f-3d80-43fa-bd06-3a5881291ee3.sorted_genome_alignments.bam,162305318,158606064,3699254,0.022791946
UNCID_1322607.fa3d0703-ce5e-49a9-96a6-0777f8e81cd3.sorted_genome_alignments.bam,213374512,202274817,11099695,0.052019779
UNCID_1322705.dbeac9fe-cb6a-464c-9a96-d586797b1da0.sorted_genome_alignments.bam,170412490,144614227,25798263,0.151387161
UNCID_1322803.04104d50-dcf7-4e77-9038-8fed73db6a12.sorted_genome_alignments.bam,196628796,188022847,8605949,0.043767491
UNCID_1322937.c2842301-c4ec-41c6-96f7-53701541d93c.sorted_genome_alignments.bam,181406228,149397442,32008786,0.17644811
UNCID_1322940.6f7983d3-c7cc-4696-a53a-747080b79178.sorted_genome_alignments.bam,173995729,168545818,5449911,0.031322096
UNCID_1322999.305a7cd7-e7c3-422f-a71a-5b69c0b10343.sorted_genome_alignments.bam,232154818,223091270,9063548,0.039040964
UNCID_1323012.e7927134-7458-42ec-8669-34a201477e9e.sorted_genome_alignments.bam,200652921,196478602,4174319,0.020803679
UNCID_1323025.cfa04d49-cec6-4454-b10e-8b4600485f12.sorted_genome_alignments.bam,172387172,144430590,27956582,0.162173216
UNCID_1323068.5877248b-dff8-494d-a5c1-7721072ec225.sorted_genome_alignments.bam,216767088,207676978,9090110,0.041934918
UNCID_1323107.cd342b71-4d9c-42bc-95e6-e9ef31124811.sorted_genome_alignments.bam,173896610,169719574,4177036,0.024020227
UNCID_1323145.16c0d6f8-cb7a-4fee-a9f8-1b507c4826c7.sorted_genome_alignments.bam,178405728,174133546,4272182,0.02394644
UNCID_1323150.c0639498-dcbb-432b-816a-1aa025c5ad60.sorted_genome_alignments.bam,185343991,157051221,28292770,0.152650053
UNCID_1323261.4c4f8d6d-77a1-42fd-8671-d2651136d5f6.sorted_genome_alignments.bam,189529312,184997526,4531786,0.023910739
UNCID_1323369.963123f9-df03-426f-888f-a788c9842804.sorted_genome_alignments.bam,230157351,223146836,7010515,0.030459661
UNCID_1323380.6b0668ee-2466-4e31-9362-b4dbebbf598f.sorted_genome_alignments.bam,223487230,215872673,7614557,0.034071553
UNCID_1323543.2ff3af27-d43b-4707-a337-0ff988ac2763.sorted_genome_alignments.bam,178805761,174956214,3849547,0.021529211
UNCID_1323688.8684c13a-9445-45a8-b37f-ce2b04b218bf.sorted_genome_alignments.bam,202901232,175962753,26938479,0.132766463
UNCID_1323728.652f8ab9-33b6-4e10-a84e-1e1b1ef0b707.sorted_genome_alignments.bam,144046117,134573802,9472315,0.065758906
UNCID_1323767.c49edbbf-9eaf-4574-9941-1546d0779e70.sorted_genome_alignments.bam,166152427,160845143,5307284,0.03194226
UNCID_1323846.35b40466-674d-4909-aec0-0067f8f6f00c.sorted_genome_alignments.bam,200008993,195179751,4829242,0.024145124
UNCID_1323857.22366c3f-bf63-421e-b086-0ffb87945bf9.sorted_genome_alignments.bam,226671477,216636183,10035294,0.044272416
UNCID_1323893.e83e16e4-f792-46d1-840b-0deef301fbf9.sorted_genome_alignments.bam,183493819,178516026,4977793,0.027127851
UNCID_1323919.4bd54818-dbda-44f7-837e-0235716712d9.sorted_genome_alignments.bam,224695120,215488344,9206776,0.040974526
UNCID_1323955.8bbcaa0d-d0e4-433c-99be-65a920400ab4.sorted_genome_alignments.bam,185205996,180744978,4461018,0.02408679
UNCID_1323956.168efb85-ed48-4e77-ba13-90674218c506.sorted_genome_alignments.bam,229039697,220310149,8729548,0.03811369
UNCID_1323994.388f02e0-68bb-4be2-9271-60a42d3a3e9d.sorted_genome_alignments.bam,176350267,170791042,5559225,0.031523769
UNCID_1323995.671a4dd5-cb2a-4d9b-aec7-c5963d50f2ab.sorted_genome_alignments.bam,194200152,167773404,26426748,0.136079955
UNCID_1324013.3a34f9f9-8071-46cf-a193-267fb8223cc9.sorted_genome_alignments.bam,180410065,171312743,9097322,0.050425801
UNCID_1324036.ff555cad-2ab4-425b-83b5-c56ac20905a8.sorted_genome_alignments.bam,196916087,192100321,4815766,0.02445593
UNCID_1324097.b0b8fd4b-d725-417b-b17b-4cb6a7136459.sorted_genome_alignments.bam,186197239,157986799,28210440,0.151508369
UNCID_1324099.84fb7b6d-d38e-41b5-86e4-bb66266da91b.sorted_genome_alignments.bam,208897367,203379100,5518267,0.026416163
UNCID_1324100.0ae5650b-0dab-4645-ad7b-854b30bdbf75.sorted_genome_alignments.bam,204241405,199921848,4319557,0.021149272
UNCID_1324216.0ae133d7-0415-4b2b-988e-91cd6ce983ba.sorted_genome_alignments.bam,178825947,174012075,4813872,0.026919315
UNCID_1324248.13549fc9-6145-4853-88a6-39c78cb3ab0a.sorted_genome_alignments.bam,222741697,182847656,39894041,0.179104503
UNCID_1324338.1156c53c-c2f9-48f5-a237-10e6416587fd.sorted_genome_alignments.bam,199597781,194273258,5324523,0.026676264
UNCID_1324377.54e59fdb-a377-4f69-84aa-8aa21312d270.sorted_genome_alignments.bam,229561231,190994981,38566250,0.16799984
UNCID_1324481.97c75ab2-4b91-4c26-992e-ed1252805aac.sorted_genome_alignments.bam,216047354,187966647,28080707,0.129974779
UNCID_1324580.afa83e9d-ec92-45c7-b741-c78ff4523e5d.sorted_genome_alignments.bam,211914706,207322443,4592263,0.021670337
UNCID_1324837.e6817dfb-7634-4321-9627-ce94feb46011.sorted_genome_alignments.bam,200370406,192734290,7636116,0.038109999
UNCID_1325128.b524809c-72a5-4e46-a3d9-7a838fbc4f02.sorted_genome_alignments.bam,264541586,252269231,12272355,0.046391024
UNCID_1325208.8deed508-4b81-4573-afc1-a3da5ca52c60.sorted_genome_alignments.bam,205745303,176923549,28821754,0.140084627
UNCID_1325220.776e6a2e-e939-4c92-b8dc-000c91bf5f64.sorted_genome_alignments.bam,178662564,174877125,3785439,0.021187645
UNCID_1325265.731721fa-4ced-445d-855f-e4ded85f9726.sorted_genome_alignments.bam,180959520,176886311,4073209,0.022508951
UNCID_1325494.a38de7c6-26c2-4a7e-90e5-79b778de8b5d.sorted_genome_alignments.bam,229138207,222730604,6407603,0.027963922
UNCID_1325495.f4be1314-d307-4146-9e49-05c368489b86.sorted_genome_alignments.bam,226972096,221506271,5465825,0.024081484
UNCID_1325496.13b585a4-2072-49c1-87fa-ad55d5447b6e.sorted_genome_alignments.bam,159889901,155881992,4007909,0.02506668
UNCID_1325498.f57a7df0-0aaf-4181-b8c1-f50133964823.sorted_genome_alignments.bam,174531749,169663829,4867920,0.027891315
UNCID_1325587.ebc1d190-63dc-46fe-a2f6-3e8165e3966b.sorted_genome_alignments.bam,197645909,182688116,14957793,0.07567975
UNCID_1325588.4b7f688f-453c-4f80-b6a5-e7486454e550.sorted_genome_alignments.bam,204237121,198625036,5612085,0.027478281
UNCID_1325794.26900eb0-165e-463e-84ad-51321287d2c3.sorted_genome_alignments.bam,217504012,183602067,33901945,0.155868136
UNCID_1325878.c3499c93-0cff-4d93-b1dc-c795a4d6b48f.sorted_genome_alignments.bam,197358983,192894170,4464813,0.022622801
UNCID_1326169.95429e9c-6a48-4ed5-a4a1-44e0880d5cf4.sorted_genome_alignments.bam,218617599,209322669,9294930,0.042516842
UNCID_1326190.4a51b469-602e-4c5d-8f24-ce26eddde2b5.sorted_genome_alignments.bam,266905654,260366588,6539066,0.024499541
UNCID_1326254.6191a9e8-7ed1-49d0-b582-e38b29c61649.sorted_genome_alignments.bam,211838335,182324001,29514334,0.139324802
UNCID_1326303.433015bc-0391-4556-9cb3-7aa2b660acb2.sorted_genome_alignments.bam,161026882,157002430,4024452,0.024992423
UNCID_1326311.ce03cab8-df0a-433b-bc39-96203ab061a1.sorted_genome_alignments.bam,213078081,185634567,27443514,0.128795575
UNCID_1327068.82644c32-bf20-4ba5-ad71-aa54c62a4bd8.sorted_genome_alignments.bam,191596429,185665803,5930626,0.03095374
UNCID_1327159.e1b31092-1532-4072-9085-31625dce207a.sorted_genome_alignments.bam,178924911,170370871,8554040,0.047807988
UNCID_1327304.1fd32c7c-73dd-4c17-a0ac-7b33f610976e.sorted_genome_alignments.bam,216188097,186031187,30156910,0.13949385
UNCID_1327395.add23090-21e1-4cc2-a833-539b1db1e05f.sorted_genome_alignments.bam,224477881,188930916,35546965,0.158353976
UNCID_1327445.57eda6ed-26b0-4bf6-98ad-80f4872b9832.sorted_genome_alignments.bam,188692128,184502396,4189732,0.022204064
UNCID_1327446.f837995e-48a9-46b4-bf57-0dd6f3086046.sorted_genome_alignments.bam,139766325,132975914,6790411,0.048584028
UNCID_1327453.abf9624e-048a-412b-a0a8-331bb6fc5e16.sorted_genome_alignments.bam,269015048,261437770,7577278,0.028166744
UNCID_1328134.dcbfdc62-310c-48e0-bb03-f32a657b210a.sorted_genome_alignments.bam,169543998,165022405,4521593,0.026669142
UNCID_1328196.a1d090b6-22e9-44df-919d-0f5754851945.sorted_genome_alignments.bam,115190955,110477104,4713851,0.040922059
UNCID_1328260.c1cb3897-c384-41ec-9fea-051e7a612de9.sorted_genome_alignments.bam,143148240,137992920,5155320,0.036013855
UNCID_1328407.2fbbb35f-15ae-43a1-bf6b-d3da0bbd38d4.sorted_genome_alignments.bam,261265181,254319714,6945467,0.026583975
UNCID_1328433.d11ec158-5b62-4bb8-990f-445f29b0dcdd.sorted_genome_alignments.bam,133590823,129342539,4248284,0.031800717
UNCID_1328506.524de4bb-5432-4a0b-bee2-4c5bf58ba449.sorted_genome_alignments.bam,140690246,135701785,4988461,0.035457049
UNCID_1328609.d603ef6d-a51b-4210-af30-b2ff234a1a7a.sorted_genome_alignments.bam,163432496,158337650,5094846,0.031174008
UNCID_1328842.978fdf4e-b050-4924-8aa2-170a2bff15fa.sorted_genome_alignments.bam,137481384,132860539,4620845,0.033610696
UNCID_1328876.2758bd10-87ca-498d-bc2e-0d5f92fdb634.sorted_genome_alignments.bam,156827329,151780593,5046736,0.032180208
UNCID_1329067.5dc4504a-2863-442e-a688-1cd7bd6404b8.sorted_genome_alignments.bam,138088208,133133460,4954748,0.035881036
UNCID_1329076.eec1dd96-abdb-4198-a4a1-24f112c24b71.sorted_genome_alignments.bam,150612079,145713311,4898768,0.032525731
UNCID_1329323.e3996aaa-dbf7-44d4-8062-d01ca6b29a38.sorted_genome_alignments.bam,203280270,196316851,6963419,0.034255262
UNCID_1329330.b3cb1236-9b86-4552-bba1-2e8fd25f30b8.sorted_genome_alignments.bam,198788350,192833166,5955184,0.029957409
UNCID_1329404.5ce29b9f-3b54-45a6-96e1-ddc3494e6141.sorted_genome_alignments.bam,171949719,166133694,5816025,0.033823987
UNCID_1329425.e8a47fb0-6482-46e7-a0d6-b09ad8f06943.sorted_genome_alignments.bam,181818202,176331030,5487172,0.030179443
UNCID_1329608.38dba480-1670-4534-8bf1-b6f58cd1dfec.sorted_genome_alignments.bam,216488796,210172549,6316247,0.029175861
UNCID_1336768.a2cf164c-5b26-43eb-9de9-d1d457a5de06.sorted_genome_alignments.bam,68731468,65426713,3304755,0.048082124
UNCID_1337037.fa462e79-c5a4-4ddc-b3e6-32e8adcdd80c.sorted_genome_alignments.bam,74069328,70789919,3279409,0.044274858
UNCID_1338259.42ba8e87-8d37-4cbd-82f0-bca0cbe5dcd3.sorted_genome_alignments.bam,110318401,106505302,3813099,0.034564488
UNCID_1338734.772b8a77-bb90-40a8-ad48-f7a1fc1769de.sorted_genome_alignments.bam,133793123,107857006,25936117,0.193852393
UNCID_1338780.aaec0cbc-a493-48f4-9cc7-32629880ee24.sorted_genome_alignments.bam,131033141,127037440,3995701,0.03049382
UNCID_1339032.dc660b3d-255f-4239-8368-b21149caa61c.sorted_genome_alignments.bam,141814303,137561162,4253141,0.029990917
UNCID_1339039.a88b498e-6e56-4d49-b11d-827ad2b29b5d.sorted_genome_alignments.bam,141065834,137257532,3808302,0.026996629
UNCID_1339097.7e9f1df1-e76f-45a0-9f1b-9a0cbd626430.sorted_genome_alignments.bam,150343094,146801302,3541792,0.023558062
UNCID_1339174.2952091b-1093-44b4-aa09-8aeefb609365.sorted_genome_alignments.bam,150287395,145994405,4292990,0.028565203
UNCID_1339175.08893743-829B-4594-AB67-D5EB5E80A4F3.sorted_genome_alignments.bam,158114236,154554194,3560042,0.022515632
UNCID_1339355.54F1981B-9D8F-48CC-9586-D2E9A8D468F5.sorted_genome_alignments.bam,147693304,144234245,3459059,0.023420554
UNCID_1339406.e6d254f4-3c38-4faa-8cc3-253b87bd643a.sorted_genome_alignments.bam,164136258,160393658,3742600,0.022801787
UNCID_1339709.0120b5b1-d204-429a-aa21-704fd98624ea.sorted_genome_alignments.bam,132914251,128347790,4566461,0.034356444
UNCID_1340123.9675123f-6606-4e75-be55-3ef938c72178.sorted_genome_alignments.bam,146616373,142047713,4568660,0.03116064
UNCID_1340241.765af249-7e13-4b85-815d-081801889982.sorted_genome_alignments.bam,174175140,169425609,4749531,0.027268708
UNCID_1340261.6f3cb879-cf6d-4347-8aae-b6a6ee7a4274.sorted_genome_alignments.bam,136560825,121554876,15005949,0.109884727
UNCID_1340295.3f846f2e-41c5-4ce9-bccb-8142cbc76525.sorted_genome_alignments.bam,173352732,167876194,5476538,0.031591876
UNCID_1340305.1c01b4ed-b807-4321-aa93-a26792f6283a.sorted_genome_alignments.bam,166209249,161425743,4783506,0.028780023
UNCID_1340308.89f9e509-5f4c-439b-b610-860f209332d2.sorted_genome_alignments.bam,158430316,153329637,5100679,0.032195095
UNCID_1340700.B5B8FDD8-C4DF-4F79-AED5-23AC41F75F18.sorted_genome_alignments.bam,172825582,168694800,4130782,0.02390145
UNCID_1340710.941748E8-5690-4E98-A5F4-D79B0E033BA1.sorted_genome_alignments.bam,167611987,163568278,4043709,0.024125417
UNCID_1340826.bb77b27a-0450-4874-b46f-ab9505681648.sorted_genome_alignments.bam,175669241,171481100,4188141,0.02384106
UNCID_1340827.58382a39-eb95-4cd0-ad04-48c6da4b4a56.sorted_genome_alignments.bam,158703020,148531039,10171981,0.064094439
UNCID_1340930.df9ee925-86bc-4ccc-b308-0c7d6d1d4fd7.sorted_genome_alignments.bam,165902610,161614167,4288443,0.025849159
UNCID_1340940.dc79421f-367f-4be3-97ec-ea1dbb1e554c.sorted_genome_alignments.bam,165613193,160104527,5508666,0.033262241
UNCID_1341090.24a12bfa-0238-49c3-abe7-450402cce27c.sorted_genome_alignments.bam,185887348,180924402,4962946,0.026698676
UNCID_1341434.a45e5587-488f-4348-a724-fe64e0c5be7d.sorted_genome_alignments.bam,155628858,148944034,6684824,0.042953628
UNCID_1341447.3e8b3913-495f-488c-872c-9ab46b85c301.sorted_genome_alignments.bam,158406402,152102634,6303768,0.039794907
UNCID_1341586.801b06ab-6ef3-46ba-af12-3b2230aabf51.sorted_genome_alignments.bam,165748876,160169483,5579393,0.033661724
UNCID_1341686.318d06a1-77ea-4a5a-a886-d8b470713451.sorted_genome_alignments.bam,186580000,181767674,4812326,0.025792293
UNCID_1341701.B55B6630-7CF5-4BCA-B76F-E135271018E4.sorted_genome_alignments.bam,174783898,170197928,4585970,0.026237943
UNCID_1342016.e95f79a8-15ea-4b95-9f8e-b63ada04c51e.sorted_genome_alignments.bam,164077331,157631708,6445623,0.039284056
UNCID_1342126.d26a0c98-2768-48df-ab84-dcce5e18537a.sorted_genome_alignments.bam,146892970,140033054,6859916,0.046700097
UNCID_1342233.2BD1673C-B5C0-425B-9E62-C501BF29616B.sorted_genome_alignments.bam,205641334,199975533,5665801,0.027551859
UNCID_1342235.297e88ae-4a8d-4021-825a-8a7d7e2f71d1.sorted_genome_alignments.bam,163513230,158501246,5011984,0.030651856
UNCID_1342245.27782ad0-f3c6-43a3-8123-199ebdd92c25.sorted_genome_alignments.bam,147533255,140083644,7449611,0.050494453
UNCID_1342297.499d25b2-e516-4aea-b732-5c8096dc968a.sorted_genome_alignments.bam,165520867,160069748,5451119,0.032933123
UNCID_1342374.7dc99228-873b-44e1-a2cb-9bd2fe9d217f.sorted_genome_alignments.bam,150365385,145705311,4660074,0.030991667
UNCID_1342397.c07c2f21-21d4-49cb-93bb-8d128966fcd6.sorted_genome_alignments.bam,174477293,167002886,7474407,0.042838852
UNCID_1342551.69A8B5FD-7CA6-49D7-B16A-2BEBA16E40B1.sorted_genome_alignments.bam,183168257,178538194,4630063,0.02527765
UNCID_1342781.791dd985-420e-46a0-a770-ebaf0d2beaf1.sorted_genome_alignments.bam,173264053,160736176,12527877,0.072305113
UNCID_1343005.36c6906f-7f3e-4bb4-9813-246dc7669fc6.sorted_genome_alignments.bam,193603953,186509013,7094940,0.036646669
UNCID_1343169.c08293b3-507d-4c7c-8b14-9a328e1d15fe.sorted_genome_alignments.bam,147833144,142713818,5119326,0.034629082
UNCID_1343202.e33ab42a-bfb3-4923-a305-a6babcee61f4.sorted_genome_alignments.bam,150364526,138517326,11847200,0.07878986
UNCID_1343316.56b4ee76-fe71-41fd-bb02-01cb4fcf5e38.sorted_genome_alignments.bam,198507932,193246447,5261485,0.026505163
UNCID_1345817.1afbe0f3-e320-4d74-8648-0c26ddbeab7f.sorted_genome_alignments.bam,189089390,183887111,5202279,0.027512273
UNCID_1345887.a09bfd63-c31c-461a-b5a4-60670f421233.sorted_genome_alignments.bam,183139936,178024653,5115283,0.027931008
UNCID_1345916.85C4A097-4567-4BDF-879C-96C9A4F48052.sorted_genome_alignments.bam,197602897,192168362,5434535,0.027502304
UNCID_1346008.1a1e861c-14bd-45ea-904a-b14d4059ac95.sorted_genome_alignments.bam,141037835,136783823,4254012,0.030162204
UNCID_1346092.18dd389b-b0b7-43f7-877f-0fb8e3471af0.sorted_genome_alignments.bam,202223358,194394364,7828994,0.038714588
UNCID_1346096.e74de9a3-6dd4-42b7-b92c-eba3e3827bed.sorted_genome_alignments.bam,149145799,143602325,5543474,0.037168154
UNCID_1346257.784cb488-904d-49e4-b63e-bb0e5bacb6e3.sorted_genome_alignments.bam,161584859,157832194,3752665,0.023224113
UNCID_1346379.df755d45-141e-40d1-96c8-6bfe29c17edc.sorted_genome_alignments.bam,171868630,166157123,5711507,0.033231818
UNCID_1346442.82b1d50a-9ed4-4d42-80d4-59d06b43df3e.sorted_genome_alignments.bam,161691355,155997288,5694067,0.035215655
UNCID_1346502.f7d253d6-fce6-42d3-8926-563e8e7eff7f.sorted_genome_alignments.bam,163188247,157784528,5403719,0.033113408
UNCID_1346583.e4ac001e-f87e-4c46-8e0e-cee8a4f80965.sorted_genome_alignments.bam,180937628,171910915,9026713,0.049888534
UNCID_1346768.38e62ae5-729f-41fa-94e7-7e3caa0a246b.sorted_genome_alignments.bam,169382558,163535197,5847361,0.034521624
UNCID_1346773.285a1a43-5494-49f4-95bb-671ebc1a953a.sorted_genome_alignments.bam,157861986,152894900,4967086,0.031464738
UNCID_1346799.101cc04a-333d-42cd-ad71-4102fd8b8828.sorted_genome_alignments.bam,241165359,235806277,5359082,0.022221608
UNCID_1346803.63fcdb32-0c58-4541-afbc-96b34020c5c8.sorted_genome_alignments.bam,162626742,157725700,4901042,0.030136753
UNCID_1347085.7c4c5e6e-2a00-423b-8be0-a647038e9ffa.sorted_genome_alignments.bam,183967776,177841316,6126460,0.03330181
UNCID_1347138.3960601B-C341-45FB-8A8C-EC244EE719AC.sorted_genome_alignments.bam,222210991,216398592,5812399,0.026157117
UNCID_1347240.785856FC-D042-4B7F-A137-95B17C59B876.sorted_genome_alignments.bam,210132620,205426433,4706187,0.022396271
UNCID_1347305.32d604cb-3bf5-427c-b60d-3c9cfeb7f0a5.sorted_genome_alignments.bam,169730728,162597910,7132818,0.042024317
UNCID_1347548.79e2e047-5d06-4e11-99f3-b22441bb70d1.sorted_genome_alignments.bam,184993780,179702579,5291201,0.028602048
UNCID_1347603.179cc9f5-4583-4c7c-945b-a2754234716f.sorted_genome_alignments.bam,190780778,182865711,7915067,0.041487759
UNCID_1348038.5E04619F-0FA5-45FA-A30B-31B062600047.sorted_genome_alignments.bam,210942960,205873590,5069370,0.024031947
UNCID_1348205.83fedf64-9e72-4f9c-ab33-166dc0202cc9.sorted_genome_alignments.bam,177885365,171896010,5989355,0.033669746
UNCID_1348612.eb59f0f9-3b20-4dce-833e-6a67076ddc01.sorted_genome_alignments.bam,164037343,159171551,4865792,0.029662709
UNCID_1349163.97fdc46a-5542-4d28-abdb-cc595f0d4c8c.sorted_genome_alignments.bam,268151596,263502058,4649538,0.017339214
UNCID_1349920.C4149CF6-980F-4DA1-B749-C24AAE86F351.sorted_genome_alignments.bam,204530693,190320900,14209793,0.069475113
UNCID_1350685.a632cbdb-7a01-42e2-8118-20103917cc8e.sorted_genome_alignments.bam,264202521,257403561,6798960,0.025733895
UNCID_1350906.bc4a51f7-cfa6-4a06-ac97-3de942b9909e.sorted_genome_alignments.bam,258964930,253113491,5851439,0.022595488
UNCID_1351384.f7106ef9-450f-4952-8b64-c5d31317ae66.sorted_genome_alignments.bam,164605775,159955933,4649842,0.028248353
UNCID_1351725.7C521EF7-4ADF-46EF-ADE0-088CBE02223D.sorted_genome_alignments.bam,273990811,267674596,6316215,0.023052653
UNCID_1352894.9893b949-598f-4664-a72c-8495d0047bf0.sorted_genome_alignments.bam,233348229,227457994,5890235,0.025242253
UNCID_1353857.c068f36c-8de2-4986-b296-c13c2ac613f4.sorted_genome_alignments.bam,170096080,166591485,3504595,0.02060362
UNCID_1354572.8969b7de-3577-4136-8ed2-2ea086993ed1.sorted_genome_alignments.bam,169327740,164168532,5159208,0.03046877
UNCID_1355242.cc827a61-5c7d-41a0-a677-35a52e5eb471.sorted_genome_alignments.bam,118495802,114872147,3623655,0.03058045
UNCID_1357113.7afedcd4-d921-4996-9587-a8faa03dcea0.sorted_genome_alignments.bam,140797281,136324456,4472825,0.031767836
UNCID_1357429.85e48131-0ef8-4b94-986a-3829ccad6d25.sorted_genome_alignments.bam,145652171,142058451,3593720,0.024673302
UNCID_1357712.bb6594c5-78de-49b5-996f-b38b3953e37a.sorted_genome_alignments.bam,170300959,164394023,5906936,0.034685277
UNCID_1357752.6970283b-3673-49bc-9b2b-bd268140327f.sorted_genome_alignments.bam,159005169,153954741,5050428,0.031762666
UNCID_1357765.d75a22a0-a230-4ac8-a3db-96ea29ca95b9.sorted_genome_alignments.bam,156049137,151504221,4544916,0.029124903
UNCID_1357911.7473f4ae-a2b7-4be3-99ca-560d93fc793d.sorted_genome_alignments.bam,157823217,123184856,34638361,0.2194757
UNCID_1358386.4f87793c-9697-46ac-80b5-079c7db1f12b.sorted_genome_alignments.bam,160000682,150962374,9038308,0.056489184
UNCID_1358539.d444c3d1-235a-413c-8e5c-4f4465b378e1.sorted_genome_alignments.bam,161549979,156486972,5063007,0.03134019
UNCID_1358589.2ae16d20-e82e-49de-90fd-cad0c6b900ad.sorted_genome_alignments.bam,166334230,162098357,4235873,0.025466033
UNCID_1358778.6b4ceb7e-f81c-44f2-a0d5-ae92f79c1378.sorted_genome_alignments.bam,155358410,148678219,6680191,0.04299858
UNCID_1358898.8f6bc2db-4455-4e11-a18b-c98bb1f327bd.sorted_genome_alignments.bam,165681906,157557157,8124749,0.04903824
UNCID_1359082.955f7278-0d9c-4a27-8ca2-f05714e4bf48.sorted_genome_alignments.bam,183539089,177984487,5554602,0.030263864
UNCID_1359171.21d475d7-7f65-4961-8244-e43822cf6954.sorted_genome_alignments.bam,171667178,166641927,5025251,0.02927322
UNCID_1359261.e72ab00a-512f-40ca-84c6-861456a0976b.sorted_genome_alignments.bam,147562701,144314130,3248571,0.022014852
UNCID_1359580.cc1e4628-b327-4013-a3eb-af114c3faa67.sorted_genome_alignments.bam,163601749,146518283,17083466,0.104421047
UNCID_1359633.07b4fdf4-19af-42f6-8c17-520047dce246.sorted_genome_alignments.bam,176951183,172753553,4197630,0.023721966
UNCID_1359674.afc9533e-92be-4971-a2b3-e3ed35c6a464.sorted_genome_alignments.bam,180896928,174029517,6867411,0.037963116
UNCID_1359676.301b8477-c941-47d1-bfa9-01a11334ddcc.sorted_genome_alignments.bam,152392956,147034247,5358709,0.035163758
UNCID_1359794.4691d3b6-9d7e-4d28-b69f-d13503f24db6.sorted_genome_alignments.bam,174126296,170219491,3906805,0.022436617
UNCID_1359866.2d8faa2d-336f-46e9-992d-4a5a5dbc4ece.sorted_genome_alignments.bam,155488028,149321583,6166445,0.039658648
UNCID_1360096.63f7a81e-c404-49fc-bc72-52b2a81ea9a5.sorted_genome_alignments.bam,205585605,199702729,5882876,0.028615214
UNCID_1360136.bd8a26e3-ddaf-405d-9b32-bd6adb09024f.sorted_genome_alignments.bam,154907653,150382126,4525527,0.029214354
UNCID_1360231.8c9b95d4-ee46-4312-ba8c-8000c9988ee8.sorted_genome_alignments.bam,172629733,167524649,5105084,0.029572449
UNCID_1360480.995d2980-f6c2-4336-8f7f-4e2e4e387cf7.sorted_genome_alignments.bam,167063812,146230817,20832995,0.124700824
UNCID_1360484.86e606b2-d312-4a19-bfc3-d26c92bb530d.sorted_genome_alignments.bam,191560892,186776140,4784752,0.024977708
UNCID_1360690.cbc2c758-bf49-4165-bbb1-30c046caf99c.sorted_genome_alignments.bam,162769344,156530150,6239194,0.038331505
UNCID_1360765.a75c2127-bf78-41c6-b382-71d0d36b741a.sorted_genome_alignments.bam,175103748,165007605,10096143,0.057658063
UNCID_1360852.0cc5f629-5046-4d05-8a5f-923ce5c04b9e.sorted_genome_alignments.bam,196364266,189517963,6846303,0.03486532
UNCID_1360943.0cb1e91c-9b3b-4b5b-ba85-2c0e43ca4595.sorted_genome_alignments.bam,174068885,169899216,4169669,0.023954132
UNCID_1360944.8666da07-07d0-417e-954b-c18e107bdeb1.sorted_genome_alignments.bam,172884895,164900550,7984345,0.046183011
UNCID_1360947.39d90ab6-7625-41b2-b6d9-28e2347a7529.sorted_genome_alignments.bam,194457603,189482224,4975379,0.025585932
UNCID_1360948.c4aa58a3-f1ef-489f-be76-ce0f20a5446f.sorted_genome_alignments.bam,174642647,167115511,7527136,0.043100217
UNCID_1361244.b02ac966-c160-4310-a80d-98fdc6134074.sorted_genome_alignments.bam,201677608,193870674,7806934,0.038709969
UNCID_1361337.303a2167-c633-4d5b-9acb-93003b9c5d0f.sorted_genome_alignments.bam,160699584,154930527,5769057,0.035899639
UNCID_1361345.c5dbae69-fb0e-458b-81ce-1f64c391cfe1.sorted_genome_alignments.bam,159395450,151833356,7562094,0.047442345
UNCID_1361364.bc6a091a-720d-4a70-b3de-66db6b240669.sorted_genome_alignments.bam,186844844,179619819,7225025,0.038668581
UNCID_1361582.310d0da6-5694-4dc0-82f7-3fe0f6699271.sorted_genome_alignments.bam,170362818,164485258,5877560,0.034500251
UNCID_1361659.e80f8c3a-d7ae-4ea5-b39b-0318c7c0b3bd.sorted_genome_alignments.bam,180167703,175294722,4872981,0.027046918
UNCID_1361670.26cd2872-7067-4cd7-bf85-4f028d9a819d.sorted_genome_alignments.bam,174583785,169483064,5100721,0.029216465
UNCID_1361724.63cd2e90-2a03-406a-a094-b855c02b0c04.sorted_genome_alignments.bam,177913758,170998177,6915581,0.038870412
UNCID_1361848.c1188eb0-1e8b-4451-b9bc-312f33bb9fd3.sorted_genome_alignments.bam,165733865,159933551,5800314,0.03499776
UNCID_1361851.cf7a71f6-8d7d-4833-b9b2-c40abc1654e6.sorted_genome_alignments.bam,156426724,150975001,5451723,0.034851609
UNCID_1361852.c03f59b1-2550-4a6c-aad1-b1dec3e3ecd3.sorted_genome_alignments.bam,178938490,175061013,3877477,0.021669329
UNCID_1361856.711566ef-6200-4bc2-8c5b-ec74ed14b91d.sorted_genome_alignments.bam,187576875,182784010,4792865,0.025551471
UNCID_1362076.27357b4d-5d44-4c5e-bb80-0d5f68c3db8e.sorted_genome_alignments.bam,192152417,185566231,6586186,0.034275843
UNCID_1362258.0d9fb905-5374-4054-b799-9c4c4efd36d6.sorted_genome_alignments.bam,177958955,172589358,5369597,0.030173233
UNCID_1362316.cd77237d-0598-41cd-b12c-eea4b9c06e6d.sorted_genome_alignments.bam,170924961,165302495,5622466,0.032894353
UNCID_1362574.1cc55d09-ac11-4cd5-a970-879d884ba666.sorted_genome_alignments.bam,191679650,172052223,19627427,0.102397031
UNCID_1362867.eb9c4bc2-f85e-4ec1-bd7f-ba2eff32ff1b.sorted_genome_alignments.bam,216350439,207619855,8730584,0.0403539
UNCID_1362960.a5aa7e8e-7a17-4ae0-9bb4-26201e45f914.sorted_genome_alignments.bam,196017546,187467862,8549684,0.043616932
UNCID_1363245.23e9edc6-a5ab-4dca-9243-a40e69d65615.sorted_genome_alignments.bam,174733699,169319152,5414547,0.030987423
UNCID_1363322.5893078d-d8cd-4c74-b0e2-d412e367710b.sorted_genome_alignments.bam,166245670,161842776,4402894,0.026484263
UNCID_1363407.3b524c3b-40b6-43bd-8108-5243463ce4a0.sorted_genome_alignments.bam,198620454,192766509,5853945,0.029473022
UNCID_1363715.6551bbb1-297f-41db-969b-17bb3c432426.sorted_genome_alignments.bam,205009949,197940088,7069861,0.034485453
UNCID_1364098.14830a14-5495-4425-b6ef-78ccffafe03c.sorted_genome_alignments.bam,240138594,231776182,8362412,0.034823274
UNCID_1364308.2ba42856-8b82-4fbf-84a9-44eabe27bc62.sorted_genome_alignments.bam,170135254,164748039,5387215,0.031664308
UNCID_1364405.5e185249-6ea1-460b-b841-f40e94ea1ccd.sorted_genome_alignments.bam,194219490,186938981,7280509,0.037485986
UNCID_1365513.90865a55-659d-409f-a865-bae9e46c4a7c.sorted_genome_alignments.bam,178513773,174103923,4409850,0.024703136
UNCID_1366130.8f52d9f9-9077-4203-ac3a-d64b6589b536.sorted_genome_alignments.bam,185072211,177684085,7388126,0.039920234
UNCID_1366131.2cb8a95d-20c3-4623-9b4d-b06b2a494b18.sorted_genome_alignments.bam,163251727,157947113,5304614,0.032493463
UNCID_1366154.8f9b3818-5334-4aa0-9ad1-22bca0afb925.sorted_genome_alignments.bam,194986261,189122477,5863784,0.030072806
UNCID_1366426.e6f20d5c-1cb3-4e65-aeaf-1cbe64e440bf.sorted_genome_alignments.bam,197476700,189572099,7904601,0.040028018
UNCID_1366938.295ea773-28fb-40fe-af98-d8126f09382b.sorted_genome_alignments.bam,174344964,170158282,4186682,0.024013782
UNCID_1367298.16a43a5d-fe72-4b8a-887d-1b40342c1253.sorted_genome_alignments.bam,187029426,181479907,5549519,0.029671903
UNCID_1367446.a5e6acbf-7027-4837-85d7-aacfe707900d.sorted_genome_alignments.bam,184226862,178209726,6017136,0.032661556
UNCID_1367534.c7d2b685-5f11-4879-82d5-e983b5dbb07d.sorted_genome_alignments.bam,149629122,142541364,7087758,0.04736884
UNCID_1367642.4d2831b9-a52b-48a7-8541-7e23917a3b2f.sorted_genome_alignments.bam,171511449,160573617,10937832,0.063773189
UNCID_1367693.f154cc00-e118-4d4c-b9d2-2f1f71e0a964.sorted_genome_alignments.bam,151673910,143231578,8442332,0.055661069
UNCID_1367805.28ebf50e-d63f-439e-8e16-4a815eccb465.sorted_genome_alignments.bam,219280274,211902324,7377950,0.033646209
UNCID_1368015.c1c9f44f-935f-47b9-80cd-5116d52001c3.sorted_genome_alignments.bam,184049699,175698229,8351470,0.045376168
UNCID_1368347.d224765a-980f-4212-acf8-c38d0d9b7610.sorted_genome_alignments.bam,199582947,192865328,6717619,0.033658281
UNCID_1368399.cd4545b1-1add-488f-80dc-17edaeb7cad6.sorted_genome_alignments.bam,179113852,170654707,8459145,0.047227754
UNCID_1368580.f842dd09-8bea-47d4-8489-a9ac06ca5172.sorted_genome_alignments.bam,182194171,177403385,4790786,0.026294947
UNCID_1368875.fb8d125a-badb-4b4a-ab74-916c93ebbf21.sorted_genome_alignments.bam,196340268,190703345,5636923,0.028709969
UNCID_1369699.3e095f21-2bc5-4ee8-bf9f-0035164d2113.sorted_genome_alignments.bam,211806150,205558881,6247269,0.02949522
UNCID_1370005.9827d98e-4e2e-44cb-b0a5-f51b74ec0675.sorted_genome_alignments.bam,64919463,63009765,1909698,0.029416417
UNCID_1370490.59b2f45a-f731-4ebc-9e7c-c9748aee3f60.sorted_genome_alignments.bam,151060110,146076461,4983649,0.032991165
UNCID_1370598.314e8006-a060-4b71-a51e-ba450bbbb86c.sorted_genome_alignments.bam,210011777,204405840,5605937,0.026693441
UNCID_1370760.e1ecb6d0-8ceb-46b8-9959-86f8d53b0882.sorted_genome_alignments.bam,190975390,185739920,5235470,0.02741437
UNCID_1370838.bf5bd9e6-0623-4aac-9336-4ff9dd538c7c.sorted_genome_alignments.bam,189489694,184173355,5316339,0.028056085
UNCID_1370929.f0b0d0c2-4b26-4cf9-b3c7-2f973f958729.sorted_genome_alignments.bam,164077860,159699769,4378091,0.026683009
UNCID_1371310.937a163b-b469-46a0-87b8-6d7c7e6105d7.sorted_genome_alignments.bam,197829329,192970354,4858975,0.024561449
UNCID_1371384.1bb006de-b90b-43fe-8f1e-2357faf7c73f.sorted_genome_alignments.bam,222823627,214668733,8154894,0.036597977
UNCID_1372156.3cd0b704-99b5-401b-8f52-daead9359692.sorted_genome_alignments.bam,84138161,79536016,4602145,0.054697476
UNCID_1372197.4be2bce2-2032-41a4-af3a-5f01a698e143.sorted_genome_alignments.bam,207644439,201821881,5822558,0.028041001
UNCID_1372262.3bfd1811-bd2a-439d-8dde-237abcf855af.sorted_genome_alignments.bam,126059579,121325772,4733807,0.03755214
UNCID_1372446.9f678cb6-26c7-4c76-831c-e541319648d1.sorted_genome_alignments.bam,166040530,161933986,4106544,0.024732178
UNCID_1372453.10fb1701-1d93-4b24-aa8b-2814e80de197.sorted_genome_alignments.bam,151988496,148043084,3945412,0.025958623
UNCID_1372461.f18be8ba-45a0-4db4-90e7-9f0998eb959e.sorted_genome_alignments.bam,210136998,204762731,5374267,0.025575063
UNCID_1372685.5a559e30-17cb-4467-b54c-18dcfdb93fde.sorted_genome_alignments.bam,174462216,169025982,5436234,0.03115995
UNCID_1373038.dad44966-2a17-4813-abf8-16b476984948.sorted_genome_alignments.bam,160599993,156133233,4466760,0.027812953
UNCID_1373348.8955404a-c756-4116-9613-dea06077a056.sorted_genome_alignments.bam,128715098,125268571,3446527,0.0267764
UNCID_1373364.15746ad6-9014-45b3-841f-3a3f39bc2f84.sorted_genome_alignments.bam,124308937,120720234,3588703,0.028869228
UNCID_1374067.5c6bca7d-7dcc-4908-add3-c56606b313a7.sorted_genome_alignments.bam,191807136,186943555,4863581,0.025356622
UNCID_1374459.cfd4785f-1844-4274-8892-e2e558cb112a.sorted_genome_alignments.bam,145638752,142667456,2971296,0.020401823
UNCID_1374548.787d4d9f-1c69-406f-8e1c-2458d77085e7.sorted_genome_alignments.bam,175709209,170435000,5274209,0.030016691
UNCID_1374927.40b5eda3-8b01-4cd7-acb5-0ea4e9ff4312.sorted_genome_alignments.bam,192060791,185926020,6134771,0.031941819
UNCID_1374941.bf2e2e27-73f7-439a-aeb5-7dce828d8903.sorted_genome_alignments.bam,161971888,158384324,3587564,0.0221493
UNCID_1375060.3c93d676-52b4-4c4e-a19f-08b77ba1fd32.sorted_genome_alignments.bam,156504808,153241936,3262872,0.020848382
UNCID_1375515.ce84d560-9f99-4afe-9e54-d9b1f53c591e.sorted_genome_alignments.bam,162523354,158318091,4205263,0.025874823
UNCID_1375530.aad871a8-1a52-4e96-8b13-444d08289236.sorted_genome_alignments.bam,165716719,161658342,4058377,0.024489846
UNCID_1375624.488dc8bd-9e74-48b2-a407-914f6e0ba0b6.sorted_genome_alignments.bam,236288699,230559940,5728759,0.024244744
UNCID_1375758.7168b8b4-be72-48aa-942c-0e72ca68926c.sorted_genome_alignments.bam,172203116,168344366,3858750,0.022408131
UNCID_1375764.cd7add27-efc5-4cc6-83f0-412e14eaaabb.sorted_genome_alignments.bam,169142194,165388445,3753749,0.02219286
UNCID_1375945.3f428b20-16d5-4139-b8df-307165f37f8c.sorted_genome_alignments.bam,169869218,166011777,3857441,0.022708299
UNCID_1376046.9a367db3-3cbf-4231-b6ea-686981433787.sorted_genome_alignments.bam,177507497,172222193,5285304,0.029775103
UNCID_1376223.79cc211c-8723-4f0b-bc32-89b3efcc8577.sorted_genome_alignments.bam,178569822,173838305,4731517,0.026496734
UNCID_1376497.0fc04e69-e44f-4789-86ea-75399f9c9f87.sorted_genome_alignments.bam,181411712,176887784,4523928,0.024937354
UNCID_1376593.7bbe4637-394e-42c0-af7d-6184c3f48916.sorted_genome_alignments.bam,150690718,146842018,3848700,0.025540392
UNCID_1376680.0bbe2604-becb-40aa-8d25-6414467a2bd6.sorted_genome_alignments.bam,165067138,159304672,5762466,0.034909832
UNCID_1377208.e9b4a714-487c-40e5-943d-11301e5bc54c.sorted_genome_alignments.bam,191740423,186948464,4791959,0.024991908
UNCID_1377228.e4400dbf-b871-48ab-b571-4f883bb3c24e.sorted_genome_alignments.bam,162843466,159409144,3434322,0.021089713
UNCID_1377345.0d423ac2-0d64-4956-a897-d7bc6e1293c2.sorted_genome_alignments.bam,172676349,165447264,7229085,0.04186494
UNCID_1377415.1d8f158c-a625-4eb4-ace2-4e16db1922f8.sorted_genome_alignments.bam,179117449,174689126,4428323,0.024723013
UNCID_1377440.c857b341-4021-48e6-a9e7-fff0525cdb96.sorted_genome_alignments.bam,180276052,175613153,4662899,0.025865327
UNCID_1377902.a771088e-45e1-4e67-8e3e-88c65d0b0618.sorted_genome_alignments.bam,256051307,249509056,6542251,0.025550547
UNCID_1377923.c2972973-dec9-4723-8fc6-af9db22e1cde.sorted_genome_alignments.bam,183059922,174595477,8464445,0.046238657
UNCID_1378002.8a224dc6-632b-418b-bd5e-bcefc8ad049e.sorted_genome_alignments.bam,181743959,177432937,4311022,0.023720304
UNCID_1378121.0116ccaf-9eaa-4f14-8255-586f587c29f8.sorted_genome_alignments.bam,209703778,203041888,6661890,0.031768097
UNCID_1378157.4db58676-4bfe-46de-9db9-8270d67b49fe.sorted_genome_alignments.bam,219057634,213395593,5662041,0.025847266
UNCID_1378473.2424c058-78c6-41dd-86e9-efcd61b72add.sorted_genome_alignments.bam,184558240,179652410,4905830,0.026581474
UNCID_1378513.f84c748d-1296-44aa-b7b1-0795939a88fe.sorted_genome_alignments.bam,225999312,220366045,5633267,0.024926036
UNCID_1378654.79a14838-69d2-4c73-83a7-b57ff6ecdd79.sorted_genome_alignments.bam,209535891,203703454,5832437,0.027835026
UNCID_1378742.47b76d43-afa5-4540-b129-64c997d726b4.sorted_genome_alignments.bam,213371012,208112810,5258202,0.024643469
UNCID_1378888.514bfcb2-3eae-436d-aec3-540cab765c3c.sorted_genome_alignments.bam,208382486,202677397,5705089,0.027377968
UNCID_1378912.0b9a03ce-d4c1-4192-a18c-de96c8b21bb2.sorted_genome_alignments.bam,186626531,180883276,5743255,0.030774054
UNCID_1379050.a237a685-c274-4cc9-ae4d-64398d2ba92e.sorted_genome_alignments.bam,197431877,192365381,5066496,0.025661996
UNCID_1379279.bb0c2732-5fb4-44e7-bc62-a645cf1c1a56.sorted_genome_alignments.bam,165171564,159716169,5455395,0.033028657
UNCID_1379403.956590e9-4962-497b-a59f-81ee0a1c0caf.sorted_genome_alignments.bam,207133079,201994184,5138895,0.02480963
UNCID_1379478.16b48e8d-f339-45b2-8182-fe27212bc8da.sorted_genome_alignments.bam,199825153,195017374,4807779,0.024059929
UNCID_1379620.fd93cd6f-ab1c-460c-bfca-268c485a4f5b.sorted_genome_alignments.bam,177628038,171874527,5753511,0.032390782
UNCID_1379651.1c809dd1-f790-458d-9722-c3262afcd416.sorted_genome_alignments.bam,273476427,267049667,6426760,0.023500234
UNCID_1379682.13dd0afe-2ac9-4a9a-a7f1-a807dc33a787.sorted_genome_alignments.bam,171056488,165222074,5834414,0.034108113
UNCID_1379764.01d4c289-6d85-4119-86f5-bcf3de30d0f7.sorted_genome_alignments.bam,237245645,229635371,7610274,0.032077613
UNCID_1379771.ded1efed-b3b9-4d1a-b4c9-b595543fc461.sorted_genome_alignments.bam,207904391,202039748,5864643,0.028208365
UNCID_1379772.4c4fbc19-727b-48b0-82e0-42ca8309f315.sorted_genome_alignments.bam,183970538,178567120,5403418,0.029371105
UNCID_1379858.f3872d71-1889-4756-bdb4-d5ae383758a8.sorted_genome_alignments.bam,208887522,200844654,8042868,0.038503343
UNCID_1379872.4220f308-b671-4bf8-bf9c-5884a66e9797.sorted_genome_alignments.bam,188940516,184683340,4257176,0.022531832
UNCID_1380091.1fbf8004-0091-4eb0-9042-d2f1a5174abe.sorted_genome_alignments.bam,211962782,207084393,4878389,0.023015309
UNCID_1380340.a4c3676d-fc5d-4d26-8627-6f494657b84a.sorted_genome_alignments.bam,170657515,164805293,5852222,0.034292202
UNCID_1380344.698d84bf-2cf3-4d9e-b899-8152052a7fbc.sorted_genome_alignments.bam,169641210,163474949,6166261,0.036348839
UNCID_1380542.9a7e2ecf-3470-427e-93cd-8461a3a3a5b8.sorted_genome_alignments.bam,195565809,190581188,4984621,0.025488203
UNCID_1380544.a04ad65d-6d83-4e84-8bd8-3cab2a195642.sorted_genome_alignments.bam,217680399,212375075,5305324,0.02437208
UNCID_1380567.8f22fb80-0400-435e-8a3b-7500a7002963.sorted_genome_alignments.bam,182101494,174942133,7159361,0.039315224
UNCID_1380653.a6e57220-d8bc-46d6-afa7-51a5756351ab.sorted_genome_alignments.bam,169006937,158569564,10437373,0.061757069
UNCID_1380690.8d5256fb-7bc0-4e43-b0f0-f6870278039e.sorted_genome_alignments.bam,203492354,195829539,7662815,0.037656525
UNCID_1380766.71772580-ecde-4cbb-a3b5-d58b50b496c5.sorted_genome_alignments.bam,224821836,218029099,6792737,0.030213867
UNCID_1380834.ca667c68-e9fb-4003-8639-5fa1d00a7a95.sorted_genome_alignments.bam,160533286,154803809,5729477,0.035690274
UNCID_1380844.315e9fee-404c-4f59-829b-d769e965c87e.sorted_genome_alignments.bam,178087416,171597679,6489737,0.0364413
UNCID_1380962.3b042185-867f-492b-a448-7c51e05f9b42.sorted_genome_alignments.bam,206185409,199540651,6644758,0.032227101
UNCID_1381047.2e00b580-b6b7-433e-88e8-69a75fae592f.sorted_genome_alignments.bam,147777924,137614730,10163194,0.068773425
UNCID_1381103.1beadfbe-9b12-4acb-85bf-3becb75fd573.sorted_genome_alignments.bam,179286210,168516832,10769378,0.060068078
UNCID_1381213.d55fd857-58ef-4f7e-83a3-fddb49d2503f.sorted_genome_alignments.bam,77758498,71313788,6444710,0.082881102
UNCID_1381425.c494f4cb-475a-4a4a-9b85-586c2e3e341a.sorted_genome_alignments.bam,182104228,174926652,7177576,0.039414659
UNCID_1381532.fce35066-a840-4101-b28c-8a584d8c5e54.sorted_genome_alignments.bam,179704449,173257504,6446945,0.035875267
UNCID_1381745.4a78ff4a-a904-4fbe-abe6-2aa51b15c0ab.sorted_genome_alignments.bam,164282990,158159462,6123528,0.037274267
UNCID_1381949.42db28fc-4d5f-4b0f-aa86-7d27197c7649.sorted_genome_alignments.bam,185163393,180767994,4395399,0.023737948
UNCID_1381993.74d3061c-1507-45bb-9aea-f8a8046f8046.sorted_genome_alignments.bam,121375590,114621983,6753607,0.055642218
UNCID_1382089.1dcb8c9f-677e-4884-a119-50460646ba33.sorted_genome_alignments.bam,186308744,179060763,7247981,0.038903064
UNCID_1382210.51cd07b8-f680-4bc2-a207-d0317f5f9358.sorted_genome_alignments.bam,284496828,276391292,8105536,0.028490778
UNCID_1382271.df1c6f54-51a3-4a76-9ba7-281904144ffc.sorted_genome_alignments.bam,167869736,159797425,8072311,0.048086756
UNCID_1382402.bbdc1eec-bfa5-4be6-ac9b-80426e1f7fdd.sorted_genome_alignments.bam,185763442,178731340,7032102,0.037855145
UNCID_1382553.dbb086b3-17fe-4bc6-9fa7-b3b26a2263ee.sorted_genome_alignments.bam,194082106,187125354,6956752,0.035844376
UNCID_1382622.dca3aac8-2cc3-41fb-b030-0b0084ca6217.sorted_genome_alignments.bam,208796579,200939966,7856613,0.037628073
UNCID_1382706.aaea9670-416a-4293-af12-8bfeb47b0150.sorted_genome_alignments.bam,130671047,126063822,4607225,0.035258193
UNCID_1382788.e836c0b0-a1c7-4db0-8785-6d3a9864f363.sorted_genome_alignments.bam,132176142,127897456,4278686,0.032371092
UNCID_1382837.d54aa159-e398-4fd4-bd2c-a437e7766582.sorted_genome_alignments.bam,207884267,201911665,5972602,0.028730419
UNCID_1382908.00b33fcb-61eb-4dba-991c-e9b2a9a70a51.sorted_genome_alignments.bam,136356384,131155515,5200869,0.038141735
UNCID_1383054.2c681223-21a5-4c58-acbb-2d51516bff12.sorted_genome_alignments.bam,134261174,129172846,5088328,0.03789873
UNCID_1383124.d151b46a-1e20-455a-bab3-9c698cee312d.sorted_genome_alignments.bam,174484640,166565297,7919343,0.04538705
UNCID_1383309.e7925508-8b2f-4c39-bd7a-033e78b1f875.sorted_genome_alignments.bam,185766890,180973001,4793889,0.025805939
UNCID_1383548.f7ca3f9e-6de3-4c37-aecc-a5ac2782ec1f.sorted_genome_alignments.bam,181504489,174400895,7103594,0.039137291
UNCID_1383882.575f9b1e-4952-488a-bbdd-ac98c1f68382.sorted_genome_alignments.bam,227424284,221469518,5954766,0.02618351
UNCID_1384476.74eca830-636b-4549-8887-f2d73312ef21.sorted_genome_alignments.bam,171763526,163971429,7792097,0.04536526
UNCID_1384682.027cfca3-05e7-47d9-b95c-b9c27dd6fa73.sorted_genome_alignments.bam,189170681,184956922,4213759,0.022274905
UNCID_1384831.a9c381e2-9f6a-4b07-a804-f7c3b7e976da.sorted_genome_alignments.bam,187706130,182827956,4878174,0.025988357
UNCID_1385185.7a4056de-e2d5-4c28-ad1e-25569a212650.sorted_genome_alignments.bam,200551647,196409651,4141996,0.020653014
UNCID_1385304.70c7f658-5208-4b3f-9767-27a3b06b8ddc.sorted_genome_alignments.bam,183230006,178953209,4276797,0.023341139
UNCID_1385307.429f0e9d-c160-4b36-a31b-dab1097c6129.sorted_genome_alignments.bam,167275218,156638847,10636371,0.063586054
UNCID_1385985.2dd91279-ad0a-4ea5-b30a-df8c1c622da6.sorted_genome_alignments.bam,172313959,167175205,5138754,0.029822041
UNCID_1386019.ecef38b8-540b-4b38-b0e5-46479bc30eb6.sorted_genome_alignments.bam,181965400,176858695,5106705,0.028064154
UNCID_1386332.a4bc78e7-1b6e-47de-8209-0beaa63dd4b9.sorted_genome_alignments.bam,200732757,192935373,7797384,0.038844602
UNCID_1386345.6593576c-a4a8-4284-8591-321f980f2e58.sorted_genome_alignments.bam,178700384,174427606,4272778,0.02391029
UNCID_1386595.511d6289-1558-4e90-a77a-05298e15b17c.sorted_genome_alignments.bam,234881348,228275050,6606298,0.028126107
UNCID_1389401.2b6b5499-a092-4fb6-a670-ad599db4f2cb.sorted_genome_alignments.bam,161870568,156453608,5416960,0.033464762
UNCID_1396137.d21a874e-36ef-4f5c-800a-6c682a3d4831.sorted_genome_alignments.bam,191294936,187081774,4213162,0.02202443
UNCID_1401704.65592ca4-9afc-462c-86ee-a5f352aeb1f0.sorted_genome_alignments.bam,129730795,122485458,7245337,0.055849014
UNCID_1402969.3ddd5316-2077-41c0-87fa-80be17d77f2b.sorted_genome_alignments.bam,150458637,142366090,8092547,0.053785859
UNCID_1403136.ab2b78d1-773b-4935-b458-60befcf470af.sorted_genome_alignments.bam,167085222,157056911,10028311,0.060019138
UNCID_1403172.468e10c6-3ce9-4334-97d4-55d91799daf9.sorted_genome_alignments.bam,155408741,147868611,7540130,0.048518056
UNCID_1403911.32192c9c-9ab2-4709-b419-9beb7853ca2f.sorted_genome_alignments.bam,169915444,156100643,13814801,0.081303975
UNCID_1404000.ff2d7d80-5256-4f05-bcd8-aa9d2816676d.sorted_genome_alignments.bam,168699921,159468685,9231236,0.05471986
UNCID_1404016.be3eca27-9d48-4e21-9146-fb47c7ac4233.sorted_genome_alignments.bam,173218734,160716557,12502177,0.072175663
UNCID_1404480.ed075623-6495-4eab-a15d-ab68d5ca0999.sorted_genome_alignments.bam,164073955,150159823,13914132,0.084804026
UNCID_1404739.6679ab80-6b49-4779-88e8-a311e16c96f7.sorted_genome_alignments.bam,177716311,168688991,9027320,0.050796238
UNCID_1404901.9af14bce-1e74-4b8a-aa17-049ff4d45db6.sorted_genome_alignments.bam,173715555,164267697,9447858,0.054386943
UNCID_1404965.f48c7bd0-048b-411e-a99c-4a6af9df51e4.sorted_genome_alignments.bam,169420890,157351443,12069447,0.071239426
UNCID_1405474.e04bbaf8-d646-4c00-8d72-72fcdb073ec3.sorted_genome_alignments.bam,167526982,158656854,8870128,0.052947459
UNCID_1406057.128dd28f-7f33-4fc2-a131-e64adbab6ba8.sorted_genome_alignments.bam,180354882,170898842,9456040,0.052430186
UNCID_1406072.b6e08ea4-8a3b-4e8e-9a3a-387e6fc6a94a.sorted_genome_alignments.bam,146761144,140516095,6245049,0.042552469
UNCID_1406547.910af7ad-94b5-478e-a2ac-e9f524ef020b.sorted_genome_alignments.bam,185603275,173033935,12569340,0.067721542
UNCID_1406763.9e952754-f768-47fd-9580-d9770e9eb45e.sorted_genome_alignments.bam,180199633,170828638,9370995,0.052003408
UNCID_1406946.772424b5-73f8-434e-a565-1cde4aaa1126.sorted_genome_alignments.bam,191747848,182113930,9633918,0.050242639
UNCID_1407284.0edca07e-a874-4cfc-ae79-1080fee6a5f7.sorted_genome_alignments.bam,156317202,135720162,20597040,0.131764385
UNCID_1407350.149fe971-260e-4cbf-a5aa-41eca339847a.sorted_genome_alignments.bam,157114903,150253028,6861875,0.043674246
UNCID_1407500.292dfcd4-8c49-4348-9622-87b52f593ac3.sorted_genome_alignments.bam,54867717,52995240,1872477,0.034127117
UNCID_1407856.b946f1d5-835d-4d78-a74d-2d19fa78eb0a.sorted_genome_alignments.bam,171741797,161372219,10369578,0.060378884
UNCID_1408502.e42fd909-d0b3-4b6d-8b2b-008ad7b7945c.sorted_genome_alignments.bam,138834892,130204376,8630516,0.062163883
UNCID_1408960.d6d3dab0-2580-41f9-975b-f12b390034fd.sorted_genome_alignments.bam,173048725,162983884,10064841,0.058161891
UNCID_1410315.4daa80a9-f1f3-4b9e-ac8c-e5ee9f276360.sorted_genome_alignments.bam,191749797,179770495,11979302,0.06247361
UNCID_1410356.eecd47a0-bde3-438b-b87a-f4e440228579.sorted_genome_alignments.bam,185067271,170928479,14138792,0.076398122
UNCID_1411364.59da9ec2-3d50-4c01-94ce-6da99d100adb.sorted_genome_alignments.bam,202224342,190429177,11795165,0.058327128
UNCID_1415067.49dda006-76b0-4088-8221-2bbfb1ac22f7.sorted_genome_alignments.bam,131583301,128345529,3237772,0.024606253
UNCID_1415217.106c0a27-64c4-4496-83f3-1c05df492fd2.sorted_genome_alignments.bam,151800687,145173892,6626795,0.043654578
UNCID_1415444.0c562903-7b09-49f2-b59e-fa697d69f810.sorted_genome_alignments.bam,147990848,144680699,3310149,0.022367255
UNCID_1415794.d4cd474d-abe3-423c-9772-a8edce3bb8c7.sorted_genome_alignments.bam,161032471,150830921,10201550,0.063350888
UNCID_1416453.69f6df2f-7cd7-4477-b464-1fd06bd1e9c8.sorted_genome_alignments.bam,145322877,142348572,2974305,0.020466874
UNCID_1416624.81388e39-1fc8-47bd-b49b-946bc979996d.sorted_genome_alignments.bam,159578540,155977926,3600614,0.022563272
UNCID_1416771.f1a80ad7-316b-4bf7-a428-3d46f498b571.sorted_genome_alignments.bam,172111955,162090608,10021347,0.058225746
UNCID_1417226.51f1ccc5-2481-4a1a-8892-c0728d1c9869.sorted_genome_alignments.bam,171443095,167280455,4162640,0.02428001
UNCID_1417309.51d276c8-e669-48c9-92d8-676a348249d5.sorted_genome_alignments.bam,184305803,180364403,3941400,0.021385111
UNCID_1417801.2692f7b0-3203-455f-b9b8-23b18eff2de1.sorted_genome_alignments.bam,170580310,160920490,9659820,0.056629162
UNCID_1417936.0c4495e4-b826-45ee-9ad3-873266b4585b.sorted_genome_alignments.bam,179999996,175529714,4470282,0.024834901
UNCID_1419734.50ec944a-3bb5-41b1-965e-e5cf7f5bd24b.sorted_genome_alignments.bam,198111321,193533293,4578028,0.023108361
UNCID_1421449.b6bdb9e4-c456-4d5b-8aa1-22c8c33b77ef.sorted_genome_alignments.bam,172607969,164286913,8321056,0.048207832
UNCID_1425606.c837ff28-0b47-400b-a900-72d0a786e62b.sorted_genome_alignments.bam,243283059,233477575,9805484,0.040304837
UNCID_1426009.e01db349-84f5-4e73-a356-3460d3267f03.sorted_genome_alignments.bam,85169494,82433069,2736425,0.032129168
UNCID_1429466.50d03646-1082-4ae3-9853-f5295006f11a.sorted_genome_alignments.bam,133969965,130308524,3661441,0.027330312
UNCID_1431050.01a75809-bb4e-42f3-a3ca-25e4d1ca37a3.sorted_genome_alignments.bam,164718923,160565955,4152968,0.025212452
UNCID_1432951.d037d7f2-3277-4dc3-954b-503f906bc467.sorted_genome_alignments.bam,182833069,177834271,4998798,0.027340776
UNCID_1433001.b294ae61-dd94-40a4-8cda-1001658d986f.sorted_genome_alignments.bam,189036508,184156885,4879623,0.025813125
UNCID_1433561.4f0fbd7c-4768-4bf2-b6f4-372f28b1953f.sorted_genome_alignments.bam,169966198,165471490,4494708,0.026444717
UNCID_1433636.7dcc9d07-9af9-405e-b75a-c0e7ffdff5c0.sorted_genome_alignments.bam,172817560,168763303,4054257,0.023459751
UNCID_1433738.109f2b77-1742-4afa-bcba-b763746fe080.sorted_genome_alignments.bam,183421302,178554662,4866640,0.026532578
UNCID_1434264.7c6ef5e6-8116-4a21-ae62-88a5e420bcc1.sorted_genome_alignments.bam,208366124,202797117,5569007,0.026727027
UNCID_1434445.f3196cf4-2cda-4377-9089-e29434cbd4d4.sorted_genome_alignments.bam,201880715,195161168,6719547,0.033284739
UNCID_1435073.0b8ef0be-c6fb-4ca9-9da0-f97dd22767bf.sorted_genome_alignments.bam,182854831,178057774,4797057,0.026234237
UNCID_1435393.e0c25421-eda1-4204-8d86-37613a005180.sorted_genome_alignments.bam,188385106,179896398,8488708,0.045060399
UNCID_1435429.0216208c-fbbd-4370-93dd-19fbb7703568.sorted_genome_alignments.bam,207999728,201355241,6644487,0.031944691
UNCID_1437200.829b31ba-7ab2-475e-bad9-1d1a9b6ab13f.sorted_genome_alignments.bam,232133472,226309396,5824076,0.025089342
UNCID_1443879.bbf1f651-44f0-42c9-a519-64f3d47b42dc.sorted_genome_alignments.bam,173417793,168699749,4718044,0.027206228
UNCID_1455100.594a61ec-d2f1-4bc3-a16f-6f33cb1012c5.sorted_genome_alignments.bam,128256830,124027489,4229341,0.032975562
UNCID_1455107.564410d7-c7e5-4522-b1bf-115772ad7990.sorted_genome_alignments.bam,145330673,140484564,4846109,0.033345397
UNCID_1455162.be3c0583-3b18-4ab5-a87f-9b95b8cdbbad.sorted_genome_alignments.bam,164169142,157569035,6600107,0.040203091
UNCID_1455191.d22c6856-ea5b-4ce7-bf68-ebab9fd5ae23.sorted_genome_alignments.bam,154775655,149678746,5096909,0.032930948
UNCID_1455250.4996ab99-52ad-42b7-9f5f-aa2ac978cab8.sorted_genome_alignments.bam,156595067,151690494,4904573,0.031320099
UNCID_1455312.6044cdaf-212b-477f-a967-fc44911ab337.sorted_genome_alignments.bam,153164940,148249495,4915445,0.032092495
UNCID_1455323.98523760-1ae2-49bc-8106-19247b934cd6.sorted_genome_alignments.bam,152682854,147740324,4942530,0.032371218
UNCID_1455324.b5bc7ce7-649c-43a0-bdd1-d664c8a6ad24.sorted_genome_alignments.bam,147282859,141485745,5797114,0.039360412
UNCID_1455325.44a2e59d-3084-49eb-9516-aac67072ff12.sorted_genome_alignments.bam,166848195,160257218,6590977,0.039502837
UNCID_1455409.aa0338ae-c4e7-4f20-9be7-347aa5a2d8f2.sorted_genome_alignments.bam,158952835,153415398,5537437,0.034836982
UNCID_1455443.5e035459-b8ce-4de1-bef6-ba12d618a711.sorted_genome_alignments.bam,156886521,149956473,6930048,0.044172361
UNCID_1455462.889cd706-f713-482b-9c49-fe531d5dd4e1.sorted_genome_alignments.bam,145346594,138323477,7023117,0.048319791
UNCID_1455528.3b64c3a6-42e7-434d-9ace-221f68e831f2.sorted_genome_alignments.bam,155848621,148730113,7118508,0.045675784
UNCID_1455569.aa9f2d19-a6b8-4d4c-8868-c6c5e1fd0e75.sorted_genome_alignments.bam,176843903,170906108,5937795,0.033576476
UNCID_1455601.39a9dd5b-3cd1-4673-b147-4b789fc04993.sorted_genome_alignments.bam,159162797,153634398,5528399,0.034734241
UNCID_1455667.dcd75189-e96f-458a-bbb8-4fbf9c261f01.sorted_genome_alignments.bam,177830020,172090651,5739369,0.032274466
UNCID_1455706.be67f169-2a2c-4938-a141-a839b295b87f.sorted_genome_alignments.bam,174367801,166610231,7757570,0.044489693
UNCID_1455741.89cc780a-8614-4dc5-8f8f-2e8a07384e47.sorted_genome_alignments.bam,163332282,157437043,5895239,0.036093532
UNCID_1455919.756942cf-3ba1-456e-8086-57f710247b8e.sorted_genome_alignments.bam,178432993,173173850,5259143,0.02947405
UNCID_1455993.e218db14-8225-450d-92b1-865d46ab59bf.sorted_genome_alignments.bam,189528579,183700249,5828330,0.030751721
UNCID_1455996.01fb6e45-0552-4af8-8723-3631dada7a90.sorted_genome_alignments.bam,201321556,194666512,6655044,0.033056788
UNCID_1456115.a5e6c3d1-f729-4393-864b-f153863aec46.sorted_genome_alignments.bam,201235404,178294545,22940859,0.114000114
UNCID_1456127.a7a78978-b6a4-4f2e-bb14-7ae36613eefd.sorted_genome_alignments.bam,213595506,195783497,17812009,0.08339131
UNCID_1456237.519c9e61-3b40-4266-b22d-480219ae6263.sorted_genome_alignments.bam,212284885,193361474,18923411,0.089141584
UNCID_1456250.bff2f4fe-4522-4627-b432-bb7cee8755c7.sorted_genome_alignments.bam,215690669,209906074,5784595,0.026818939
UNCID_1457331.26f7fe10-3c77-4b38-ac26-627e54f3b0d1.sorted_genome_alignments.bam,146637733,142804166,3833567,0.026143114
UNCID_1457457.a38ddef7-d9a7-47b2-9567-a7fdc77f2180.sorted_genome_alignments.bam,166723166,162425749,4297417,0.025775764
UNCID_1457485.0bf79d69-9960-4881-a7a7-2eabe048f81f.sorted_genome_alignments.bam,163735152,158120857,5614295,0.03428888
UNCID_1457522.a73f836e-fa7b-4e38-8075-adb2dc4322fb.sorted_genome_alignments.bam,142624820,139250772,3374048,0.023656808
UNCID_1457564.677b46a9-5c2e-4815-bbc0-b334882c22a3.sorted_genome_alignments.bam,309097968,294478544,14619424,0.047297056
UNCID_1457600.98b3eb13-0755-4015-87dd-4f6fabe4a16b.sorted_genome_alignments.bam,165934356,162164732,3769624,0.022717562
UNCID_1457639.f4649515-f2fa-4ed4-ad69-d9f0a807093b.sorted_genome_alignments.bam,177508050,173105593,4402457,0.02480145
UNCID_1457687.c8c2f184-1d51-4364-99f5-5d78cb89ecf3.sorted_genome_alignments.bam,164410947,160111623,4299324,0.026149865
UNCID_1457702.93c42359-3615-406b-ad18-8b3f23d8eab5.sorted_genome_alignments.bam,161914215,157407587,4506628,0.02783343
UNCID_1457722.08096d6f-0f8c-4107-b86a-61eb10feaddd.sorted_genome_alignments.bam,177972252,172480106,5492146,0.030859563
UNCID_1457724.9f7b5c34-9a3c-4a6f-a8f2-65da0e6de5b9.sorted_genome_alignments.bam,169809025,164235831,5573194,0.032820364
UNCID_1457735.a672af36-469b-4ec9-8f47-69dbdf2a6242.sorted_genome_alignments.bam,179269964,173902229,5367735,0.029942188
UNCID_1457781.7a68c24f-b332-4746-b032-2a0322d02e9b.sorted_genome_alignments.bam,199706401,194160351,5546050,0.027771018
UNCID_1457836.ef731ced-012b-4304-9cd4-3170cac294ad.sorted_genome_alignments.bam,201966769,196937256,5029513,0.024902676
UNCID_1457859.c35dbfa3-3f8f-49df-8477-5688ba0ee36f.sorted_genome_alignments.bam,196996166,192263728,4732438,0.024022995
UNCID_1457875.280de9cb-d098-46e8-b0ae-ccee52d8e5e4.sorted_genome_alignments.bam,192977700,188049276,4928424,0.025538827
UNCID_1457896.4867f104-911a-4bda-8815-367bf28dff9d.sorted_genome_alignments.bam,192719122,187449425,5269697,0.027343924
UNCID_1459114.96541be7-77b9-4859-9762-c439f22e6c4a.sorted_genome_alignments.bam,180658359,176122636,4535723,0.025106632
UNCID_1459308.99301c38-4cf4-4c9d-ba8c-3d56c066db9c.sorted_genome_alignments.bam,168235929,162962410,5273519,0.031345974
UNCID_1462715.22b2c106-e714-4289-bdfc-a9933f055023.sorted_genome_alignments.bam,200006426,194302588,5703838,0.028518274
UNCID_1463148.cecff6a7-eb65-4ad2-b801-11340a75d93d.sorted_genome_alignments.bam,198596771,191422140,7174631,0.036126625
UNCID_1464290.536c12e8-e352-4496-ae7d-ffaa19a592c3.sorted_genome_alignments.bam,98979721,96314002,2665719,0.026931971
UNCID_1464356.b5fbdbff-c693-41ee-bb76-24b2e33027fc.sorted_genome_alignments.bam,131859445,128923154,2936291,0.02226834
UNCID_1464448.fb687a9b-dcb1-46e9-b175-fd28c7242c2b.sorted_genome_alignments.bam,141266948,137670802,3596146,0.025456386
UNCID_1464472.0e15b5bb-302b-4bb3-9512-a433b08d42a6.sorted_genome_alignments.bam,156500853,152710144,3790709,0.024221651
UNCID_1464483.a15d99f4-2e43-4fb8-93d5-6cc582b12237.sorted_genome_alignments.bam,140127212,136599953,3527259,0.025171835
UNCID_1464512.f6710a2a-ae08-46bf-95cc-d1cc140266e3.sorted_genome_alignments.bam,160103807,156218390,3885417,0.024268111
UNCID_1464521.28e310fb-f5fd-4955-82e4-544a494f9ec3.sorted_genome_alignments.bam,170284763,165965426,4319337,0.025365376
UNCID_1464522.f5255c17-4a9e-4532-88b1-880f3e933579.sorted_genome_alignments.bam,168114209,163650643,4463566,0.026550796
UNCID_1464572.3d65a2e5-ad45-44bc-8cab-95ddef921f2c.sorted_genome_alignments.bam,150110029,146634900,3475129,0.023150545
UNCID_1464646.56dc0212-f15b-4a18-81db-7b8268106162.sorted_genome_alignments.bam,208009371,201894722,6114649,0.029396027
UNCID_1464694.bd16fa1e-063c-41ab-a456-3ef2363fcda8.sorted_genome_alignments.bam,171690894,167629476,4061418,0.023655407
UNCID_1464744.d299b4ed-2ebf-4c53-9d3b-aa5f6eaae646.sorted_genome_alignments.bam,207707601,202708166,4999435,0.024069581
UNCID_1464777.6cee6409-b66f-4081-ad97-e61adb5e1102.sorted_genome_alignments.bam,221546643,216083501,5463142,0.024659105
UNCID_1464835.cb6abcbc-4b97-4754-99ed-c55bc211ef68.sorted_genome_alignments.bam,191439044,186851288,4587756,0.023964579
UNCID_1464922.b896a143-8a90-424e-9124-45edb6f3f26d.sorted_genome_alignments.bam,241703083,235771185,5931898,0.024542087
UNCID_1465917.c436fa86-ae7e-490e-a52c-5004a8643b50.sorted_genome_alignments.bam,85071752,82399673,2672079,0.031409709
UNCID_1465963.b73f5912-d163-4812-995c-0a273f543af1.sorted_genome_alignments.bam,70059036,67706656,2352380,0.033577111
UNCID_1465986.6b6d7855-8621-45f8-98c9-5ad5b924b15e.sorted_genome_alignments.bam,91535255,88162353,3372902,0.036848119
UNCID_1466010.ac9dd948-4352-4869-85a1-639151a4bffb.sorted_genome_alignments.bam,95995723,92892000,3103723,0.032331888
UNCID_1466057.2d452408-9d25-49e1-81db-542021eb28cb.sorted_genome_alignments.bam,97752479,93293600,4458879,0.045613974
UNCID_1466152.b3cb327b-b0d4-478f-8dac-75abdb6365eb.sorted_genome_alignments.bam,80096967,77617635,2479332,0.030954131
UNCID_1466313.7d6cf896-b04a-431a-a192-aaf540eeaf77.sorted_genome_alignments.bam,95961902,92563556,3398346,0.035413491
UNCID_1466857.a588764f-f972-4d3a-b8f8-d0209fc7d2a1.sorted_genome_alignments.bam,177617384,169976489,7640895,0.043018847
UNCID_1467203.5f0eabb7-87f9-4b18-b5d2-cc5ad4ddc3af.sorted_genome_alignments.bam,179404548,174176249,5228299,0.029142511
UNCID_1467400.3ae6f6d4-ae90-4572-9bd5-ed8700570b96.sorted_genome_alignments.bam,260661408,251016235,9645173,0.037002689
UNCID_1467692.3169d499-4b3f-4178-ad0e-865cb6a7864d.sorted_genome_alignments.bam,229513804,222826261,6687543,0.029137868
UNCID_1468357.61B0ADD8-AD93-4F2A-A95B-FA257934962F.sorted_genome_alignments.bam,174515363,169628889,4886474,0.028000251
UNCID_1468373.e4177b01-6898-4bb7-b38d-0c09f85c5668.sorted_genome_alignments.bam,278054134,266291625,11762509,0.042302946
UNCID_1468508.5676C0EE-C460-492C-BF00-73D5DDB1D647.sorted_genome_alignments.bam,181532940,177112499,4420441,0.024350627
UNCID_1468528.4EBF0418-8DC9-45D3-A525-D5E2DDEF1FB5.sorted_genome_alignments.bam,182153184,177865621,4287563,0.023538227
UNCID_1468539.C40FF5CD-BFFA-40C4-A192-9830B0DA3DAA.sorted_genome_alignments.bam,164437036,160468143,3968893,0.024136248
UNCID_1468570.5968C8D3-5F1A-4EB8-8D9B-8BD3FD3FD9F1.sorted_genome_alignments.bam,171956420,166269261,5687159,0.033073258
UNCID_1468584.C7F36DBA-A507-46D3-8E68-7F98B8B645E9.sorted_genome_alignments.bam,184796012,180804152,3991860,0.02160144
UNCID_1468600.D7C8FAB5-A3C9-4650-9935-56C0FE27CBE6.sorted_genome_alignments.bam,189912054,181944694,7967360,0.041952893
UNCID_1468616.EA9D4BD8-1F4E-4AD5-81F7-803B078F2603.sorted_genome_alignments.bam,187823957,183485087,4338870,0.023100727
UNCID_1468624.B290727B-23ED-4E73-9071-CF2C06671430.sorted_genome_alignments.bam,176562877,169885471,6677406,0.037818856
UNCID_1468647.DC901511-9E0F-4FC6-B6F4-BEE8E627CE25.sorted_genome_alignments.bam,189918076,185207768,4710308,0.024801789
UNCID_1468759.B8AFE780-F680-40DB-A941-E984660FF90C.sorted_genome_alignments.bam,200375063,195509072,4865991,0.024284414
UNCID_1468800.BF1D6946-63B3-48CA-ADD1-1C5EC5CAFD22.sorted_genome_alignments.bam,184225908,179942330,4283578,0.023251768
UNCID_1468973.80B2573F-D8E0-4D0D-84A6-301C5103267D.sorted_genome_alignments.bam,208016876,202398842,5618034,0.027007588
UNCID_1469067.20CA7C4D-7EF0-4FC5-907B-A90FEC12A561.sorted_genome_alignments.bam,248652783,241977452,6675331,0.026845994
UNCID_1469085.6AEC2686-FCEA-4D3E-8311-0B6CCAD4C000.sorted_genome_alignments.bam,181375387,175172715,6202672,0.034197981
UNCID_1469099.5DDB876D-DD32-4F33-89D1-D95E460E1E60.sorted_genome_alignments.bam,190433756,183902059,6531697,0.03429905
UNCID_1473871.C4FBD136-4227-4792-AC53-8C887AA6AB1A.sorted_genome_alignments.bam,149002508,145362038,3640470,0.024432273
UNCID_1473909.2DBB5E17-F331-49BE-8BFA-314627FFB8A5.sorted_genome_alignments.bam,116130286,110196717,5933569,0.05109407
UNCID_1473928.55F7869A-9583-4696-A281-B3C4EF4BD426.sorted_genome_alignments.bam,122402098,111839184,10562914,0.086296838
UNCID_1473942.66132B23-E10A-49D9-89C5-129D7D98C17B.sorted_genome_alignments.bam,136882313,130512725,6369588,0.046533317
UNCID_1473945.3208F694-4779-4548-8CB4-74DF829B3345.sorted_genome_alignments.bam,128472852,121794425,6678427,0.051983177
UNCID_1473991.B4BB6509-7D67-4D5E-8FD1-624FA373DF4D.sorted_genome_alignments.bam,134627299,131059767,3567532,0.026499321
UNCID_1474027.9AD7733F-A2A6-4985-8ED3-D2C539EEAB96.sorted_genome_alignments.bam,140519927,136291928,4227999,0.030088252
UNCID_1474028.e1a6b655-0a09-4a79-b86b-8ff65b2bbceb.sorted_genome_alignments.bam,114679700,107197229,7482471,0.065246691
UNCID_1474071.20D3AC92-E654-415E-8031-5A8BDD1662B3.sorted_genome_alignments.bam,122644037,115817194,6826843,0.05566388
UNCID_1474081.ca16fef9-9795-4a33-899f-9bf111ee093e.sorted_genome_alignments.bam,122799260,114171159,8628101,0.070261832
UNCID_1474112.029CB0C8-9A67-4AF0-9137-A5FBE08FCE20.sorted_genome_alignments.bam,141322145,137322655,3999490,0.028300519
UNCID_1474166.90b503db-13ca-4257-bda3-31d4e7bc69b4.sorted_genome_alignments.bam,134796096,126521137,8274959,0.061388714
UNCID_1474207.AE3C4446-CB58-4B5B-9EB8-6C81E1BF4535.sorted_genome_alignments.bam,147892312,143730633,4161679,0.028139928
UNCID_1474254.D692892D-D63B-4AC2-9627-AE255AB17CAB.sorted_genome_alignments.bam,135428325,131088483,4339842,0.032045305
UNCID_1474255.BD1BA628-0CB5-4103-BAA4-3F430D24D359.sorted_genome_alignments.bam,127776618,123967834,3808784,0.029808145
UNCID_1474278.41836F0E-F807-4AFA-AE39-C0EB16FA6B54.sorted_genome_alignments.bam,135160855,131142807,4018048,0.029727897
UNCID_1474354.791A46E8-4D45-4878-B09D-A4F64CE88746.sorted_genome_alignments.bam,149853636,146037562,3816074,0.025465341
UNCID_1474405.F732F86B-5190-4827-8471-656A43B47681.sorted_genome_alignments.bam,138753855,133230873,5522982,0.03980417
UNCID_1474420.68B08EAD-5E38-490F-8654-B3DB19C80FCA.sorted_genome_alignments.bam,148080571,143946891,4133680,0.027915073
UNCID_1474434.AD2EE4B7-EC51-4076-BC5B-6601B5ABEECB.sorted_genome_alignments.bam,125272268,116112942,9159326,0.073115352
UNCID_1474521.3BEA01E7-E5BC-484B-91F4-A143CAED0AED.sorted_genome_alignments.bam,138499504,131588969,6910535,0.049895738
UNCID_1474656.80DDBBC6-11FF-469A-96EC-A72E0E2EC9C4.sorted_genome_alignments.bam,129795671,125732319,4063352,0.031305759
UNCID_1474764.8F7B5E84-55C2-4F98-A6A2-56B862161A98.sorted_genome_alignments.bam,147707596,144315918,3391678,0.02296211
UNCID_1474771.BF7A27D9-35A8-4C59-BF27-E3FA9B271E6E.sorted_genome_alignments.bam,134214803,129787853,4426950,0.032984067
UNCID_1474801.169E537F-9FFC-4D56-9E77-1F38951EE3D3.sorted_genome_alignments.bam,150042348,145119216,4923132,0.032811617
UNCID_1474839.DAFC2AF2-7B91-45A4-AE67-FE22AB060F06.sorted_genome_alignments.bam,134996476,126513657,8482819,0.062837337
UNCID_1475077.024BC00E-0419-4DC6-8DF4-AD3AF476314D.sorted_genome_alignments.bam,145422778,142202234,3220544,0.022146077
UNCID_1475510.D74030BF-DFA1-4F65-9596-FD505733139E.sorted_genome_alignments.bam,152431810,148602156,3829654,0.025123719
UNCID_1475982.7D6EA81B-B8A5-4D3B-AA54-9BF51D8B698B.sorted_genome_alignments.bam,180417194,176118094,4299100,0.02382866
UNCID_1481139.11c40557-00cd-4241-af33-eb5797ab7837.sorted_genome_alignments.bam,88498063,85940168,2557895,0.028903401
UNCID_1481221.548dd95d-136e-4a99-adf9-c9a9fee938d3.sorted_genome_alignments.bam,119116286,116403095,2713191,0.022777666
UNCID_1481239.8f5d5267-d681-47c6-ad83-0cb28e33907b.sorted_genome_alignments.bam,145781877,141757590,4024287,0.027604851
UNCID_1481255.fbe54950-b172-4cc9-ab7f-ccf003fd3638.sorted_genome_alignments.bam,135647829,132065535,3582294,0.026408782
UNCID_1481286.d7199d36-c785-466a-a364-6147aad4b413.sorted_genome_alignments.bam,149871285,146929260,2942025,0.019630345
UNCID_1481396.7a0c1c74-9ab2-4faf-9061-6a4ccbea5de8.sorted_genome_alignments.bam,170319716,161787823,8531893,0.050093396
UNCID_1481423.e5a426fd-cc12-48e8-8ff1-e79bfbc46035.sorted_genome_alignments.bam,163706789,159636927,4069862,0.024860679
UNCID_1481460.ad5c8eb2-3595-4897-b373-9ec7040827d7.sorted_genome_alignments.bam,168341694,164725044,3616650,0.021483982
UNCID_1481487.9d15883f-4f06-41cd-bd4e-5035a147622e.sorted_genome_alignments.bam,159653375,154905579,4747796,0.02973815
UNCID_1481575.56e603e1-41ec-4bed-8c25-1cf51faa2133.sorted_genome_alignments.bam,188789633,181528826,7260807,0.038459776
UNCID_1481611.e2fe152c-00c0-42f3-82c9-97c0f985d246.sorted_genome_alignments.bam,172138714,168029488,4109226,0.023871597
UNCID_1481618.4f0b5ea0-c9fd-4db6-b590-97e961366200.sorted_genome_alignments.bam,170657702,167180866,3476836,0.020373156
UNCID_1481659.c72bfcf6-fad5-47da-9fdf-ce995644b255.sorted_genome_alignments.bam,171702395,165708392,5994003,0.034909257
UNCID_1481684.c525e508-2e2b-4ae9-98a8-d6acd1e3094f.sorted_genome_alignments.bam,167974428,164487433,3486995,0.020759082
UNCID_1481719.832db598-06af-4fe5-9649-df342ca0e849.sorted_genome_alignments.bam,152225579,149688139,2537440,0.016668946
UNCID_1481764.b8788792-f82e-4255-8921-44d544678187.sorted_genome_alignments.bam,174622214,168595744,6026470,0.034511474
UNCID_1481858.13c839d1-f77b-4bde-9bd5-8d5165d94346.sorted_genome_alignments.bam,146311650,143305070,3006580,0.02054915
UNCID_1481875.ff770a47-fc09-4952-b175-22d2431d5f14.sorted_genome_alignments.bam,157250967,153735978,3514989,0.022352734
UNCID_1481938.f3d89fbe-2631-4c30-9922-bf25bb87ba92.sorted_genome_alignments.bam,191029843,186902827,4127016,0.021604038
UNCID_1482091.72b69370-b570-4715-8762-7eef0a732ec7.sorted_genome_alignments.bam,163482365,157826367,5655998,0.034596992
UNCID_1482115.ff1897e5-69e1-4df2-b3fb-48356c016788.sorted_genome_alignments.bam,192636290,185478169,7158121,0.037158736
UNCID_1482159.080802dc-397f-4466-babc-361fb6600ab4.sorted_genome_alignments.bam,223308843,218818453,4490390,0.020108429
UNCID_1482174.43c44e8a-c834-40e0-9987-370b30155b47.sorted_genome_alignments.bam,206419552,196595307,9824245,0.047593578
UNCID_1482184.a1c4b9ee-8d19-4431-b673-f3fb8771f761.sorted_genome_alignments.bam,182325298,178399393,3925905,0.021532421
UNCID_1482185.5d4639c3-eeed-443a-a4fa-7061a52f99b9.sorted_genome_alignments.bam,197884997,186290172,11594825,0.058593755
UNCID_1482203.274a8786-29f5-4e9c-8695-98970d3995be.sorted_genome_alignments.bam,169621351,165138012,4483339,0.026431454
UNCID_1482215.946ee401-d3a9-48cd-8247-d43d7bfbe56e.sorted_genome_alignments.bam,216107498,209045371,7062127,0.032678769
UNCID_1482245.fa2e1f3f-8250-4b31-a0c9-31011d93a2d4.sorted_genome_alignments.bam,182852509,178620519,4231990,0.023144282
UNCID_1482309.7f4c9010-66f8-4c37-8f90-0094c7ec29a0.sorted_genome_alignments.bam,188387980,180896989,7490991,0.039763636
UNCID_1482340.6e0c1787-9f8b-475d-9fd1-6b861b557d80.sorted_genome_alignments.bam,232720344,220729806,11990538,0.051523377
UNCID_1482399.e523b4e8-5b65-41c5-b8d1-ffe5ed77070c.sorted_genome_alignments.bam,172579907,167713985,4865922,0.028195183
UNCID_1482426.7d6f82fc-40dd-471e-8cd5-074c89a9586d.sorted_genome_alignments.bam,223043128,219008217,4034911,0.018090273
UNCID_1482431.2d7409f4-895c-4593-990b-fb0991c0c41c.sorted_genome_alignments.bam,196964519,191017769,5946750,0.030191986
UNCID_1482551.576f5fbc-0664-4edb-99a7-c275c68b60c7.sorted_genome_alignments.bam,157650749,152156442,5494307,0.034851132
UNCID_1482715.78a8e33e-fd10-4dcd-b8fd-aad93db18c45.sorted_genome_alignments.bam,220928619,209031497,11897122,0.053850524
UNCID_1482716.900c7d97-3cfe-41de-bc9b-9205f039830f.sorted_genome_alignments.bam,224497025,218040169,6456856,0.028761432
UNCID_1482750.95164448-cf02-457f-9b18-f0a19d674c78.sorted_genome_alignments.bam,192585460,188888109,3697351,0.019198495
UNCID_1482776.fe4ca5c3-0767-4264-be28-2bb9891c0c02.sorted_genome_alignments.bam,181215309,176829943,4385366,0.024199755
UNCID_1482780.309829bc-7c35-4d8b-a89d-85e034dd3685.sorted_genome_alignments.bam,190560974,185901318,4659656,0.02445231
UNCID_1482797.3fc182e5-9c82-4c86-bcbe-f83b25c12259.sorted_genome_alignments.bam,219705243,211371485,8333758,0.037931539
UNCID_1482858.b5cfe630-ff73-47f2-9749-cd86b8abd87c.sorted_genome_alignments.bam,190458770,182079872,8378898,0.043993238
UNCID_1482891.905f69cd-041e-4630-a1e5-4e36230d25fb.sorted_genome_alignments.bam,199790329,191652158,8138171,0.040733558
UNCID_1482944.dc73dac7-c529-43fd-962f-56f501b97a01.sorted_genome_alignments.bam,185485615,174182134,11303481,0.060939933
UNCID_1482971.19f3aa1f-1a64-4884-9598-9216caa66b70.sorted_genome_alignments.bam,240047291,219244422,20802869,0.086661545
UNCID_1482992.8e08829e-e003-4585-95b8-7977a443f942.sorted_genome_alignments.bam,201630720,193003975,8626745,0.042784874
UNCID_1483005.406bd728-a452-4b64-bcbb-f0b5dda1f414.sorted_genome_alignments.bam,215273850,210691534,4582316,0.021285985
UNCID_1483039.7aad25fb-ebf1-4540-946a-9bc25b3b3c41.sorted_genome_alignments.bam,184303808,175732427,8571381,0.046506804
UNCID_1483074.efea8dd5-cf48-4f9d-823a-ee939149b366.sorted_genome_alignments.bam,203584550,196376337,7208213,0.035406483
UNCID_1483080.97891596-1e24-435b-aec0-29bee5f3cb04.sorted_genome_alignments.bam,186968761,179585188,7383573,0.039490945
UNCID_1483142.4e5dbd6f-9131-41ab-8dfa-6b45ac5522dd.sorted_genome_alignments.bam,253433256,243461981,9971275,0.039344777
UNCID_1483180.1bd2c2ee-eb5b-41e6-b106-8038b88a24ca.sorted_genome_alignments.bam,211258133,203814082,7444051,0.035236755
UNCID_1483208.8b263843-185d-437f-90c8-8dd09d7e953a.sorted_genome_alignments.bam,194917787,183112435,11805352,0.060565802
UNCID_1483330.87af91c1-5a24-4353-af16-5ea2d5efc089.sorted_genome_alignments.bam,162525920,153678532,8847388,0.054436782
UNCID_1483357.0df9ef93-3eb9-425f-bba3-3af4a32ab8b6.sorted_genome_alignments.bam,206862346,196345993,10516353,0.050837444
UNCID_1483393.8dacdf05-69f2-44d7-a853-26d6c14bd825.sorted_genome_alignments.bam,240570141,234197878,6372263,0.026488171
UNCID_1483396.5ed0843b-3268-4116-aca1-1cb5e0a5491a.sorted_genome_alignments.bam,191052222,182041363,9010859,0.047164377
UNCID_1483421.d776de67-5b7f-40bb-a01c-cfaa5febd289.sorted_genome_alignments.bam,187213089,177673449,9539640,0.050956053
UNCID_1483464.67e611e7-f558-4576-a814-ddadbd8beb05.sorted_genome_alignments.bam,228314296,217590341,10723955,0.046970142
UNCID_1483483.1c3c4e05-6089-4a7d-951c-38ff4f4d12df.sorted_genome_alignments.bam,210654444,200630981,10023463,0.04758249
UNCID_1483551.0d9f91f5-c4c6-4d38-b00f-cfeaf3fbd8f5.sorted_genome_alignments.bam,185676431,153682710,31993721,0.172309005
UNCID_1483560.a425cd8c-638d-493b-866c-cf110ed18860.sorted_genome_alignments.bam,135829214,124204886,11624328,0.08558047
UNCID_1483654.3a7576fc-165d-4c38-9376-7f3b20fca5b2.sorted_genome_alignments.bam,235653425,229879932,5773493,0.024499932
UNCID_1483759.3253a6b9-ace6-480d-b7f3-bf2bf4311e2d.sorted_genome_alignments.bam,222817086,216044960,6772126,0.030393208
UNCID_1483837.a89e1f75-10a4-4846-938a-03425c421d72.sorted_genome_alignments.bam,176564229,165473151,11091078,0.06281611
UNCID_1483855.002e6d9c-3085-41da-ae05-e8bac069c9ce.sorted_genome_alignments.bam,167319386,160543340,6776046,0.040497674
UNCID_1483950.1420f3bb-1320-4d2e-ba2e-7f17933b2c05.sorted_genome_alignments.bam,212726172,176154033,36572139,0.171921201
UNCID_1484049.4b2d06f6-bda6-4424-82fa-ed70ad7b42bc.sorted_genome_alignments.bam,276932304,271187370,5744934,0.020744904
UNCID_1484198.4e39dc31-be30-46cf-b9a9-8d9815f6f8ed.sorted_genome_alignments.bam,172148456,164466708,7681748,0.044622811
UNCID_1484284.b2739dec-fbc3-4e64-b527-456972c8521c.sorted_genome_alignments.bam,183108273,175524566,7583707,0.041416518
UNCID_1484297.58ba4f46-bb31-4794-9ff5-c5fdb262e3e9.sorted_genome_alignments.bam,204439220,197517511,6921709,0.033857051
UNCID_1486948.87c6b3fe-5314-4904-b145-ec71ca6f120d.sorted_genome_alignments.bam,121361971,118565856,2796115,0.023039466
UNCID_1486963.353ff432-3081-4b40-8efd-afaf3793902f.sorted_genome_alignments.bam,133460767,130591369,2869398,0.021499936
UNCID_1487019.dd95e66d-6132-4805-b1bf-94f0ad9d5618.sorted_genome_alignments.bam,142869850,138369862,4499988,0.031497114
UNCID_1487026.81574a03-ca03-4ead-8001-800d9d19c688.sorted_genome_alignments.bam,143153025,139726727,3426298,0.023934513
UNCID_1487038.6c9c6dcc-d1cc-4d33-8555-ecb4ed8f7826.sorted_genome_alignments.bam,140205662,136350473,3855189,0.027496671
UNCID_1487116.71c0d4bc-c022-462f-8b46-3e9aefdde544.sorted_genome_alignments.bam,177987842,172693268,5294574,0.02974683
UNCID_1487143.515a3b0a-6bc8-4840-a229-e01fd71e6826.sorted_genome_alignments.bam,176247350,172284089,3963261,0.022486925
UNCID_1487163.4d5ede35-ed46-42e1-8ad7-cc584d297eca.sorted_genome_alignments.bam,142515402,138504840,4010562,0.028141253
UNCID_1487200.87d0840b-ae2b-47dd-a90e-444240b3ccdd.sorted_genome_alignments.bam,153963289,148059683,5903606,0.038344245
UNCID_1487201.a2200a85-4bf9-46b8-a7a5-531b14c925ab.sorted_genome_alignments.bam,159064887,153497097,5567790,0.035003263
UNCID_1487226.e3d15566-e4ef-461c-b99d-413fe4b6561f.sorted_genome_alignments.bam,134812711,130798860,4013851,0.029773535
UNCID_1487238.e8c243e8-7236-4dfc-8991-5f5687e79105.sorted_genome_alignments.bam,131001786,126888267,4113519,0.03140048
UNCID_1487276.cfa9a68d-1a69-461b-b5dc-102e37c30f8b.sorted_genome_alignments.bam,154175542,149180414,4995128,0.032398965
UNCID_1487278.e1204b3e-7e84-4b5b-8868-305a8e2f9f4b.sorted_genome_alignments.bam,156456853,153670381,2786472,0.017809843
UNCID_1487299.b9166a8d-1de3-406d-b65c-0be0ba7fc536.sorted_genome_alignments.bam,154200193,149357498,4842695,0.031405246
UNCID_1487381.6b35871c-5b53-4135-8917-7dddedb3ed90.sorted_genome_alignments.bam,165321411,159338559,5982852,0.036189214
UNCID_1487390.ac34112d-9268-4836-b027-f32d99bf7ef4.sorted_genome_alignments.bam,143134473,137672985,5461488,0.038156343
UNCID_1487453.06af5742-86e1-4f3a-9834-8a8caa4c5335.sorted_genome_alignments.bam,141691113,136385656,5305457,0.037443823
UNCID_1487528.96c7781b-2529-482a-98c7-5124322da154.sorted_genome_alignments.bam,178859537,172949793,5909744,0.033041257
UNCID_1487531.213034dd-08ff-4063-bd6e-197a73e087fc.sorted_genome_alignments.bam,141704467,137797541,3906926,0.027570945
UNCID_1487574.25ac7309-fea5-4899-84fe-cf6a8b8725dd.sorted_genome_alignments.bam,153926599,148872893,5053706,0.032831921
UNCID_1487581.bca39627-79a3-4777-822d-6539ee7c6c5a.sorted_genome_alignments.bam,156339709,150547110,5792599,0.037051361
UNCID_1487596.6243108f-1333-4198-b3af-aec72618ed19.sorted_genome_alignments.bam,166349755,158273594,8076161,0.048549281
UNCID_1487609.fc492e26-626c-45af-a6b0-c15c33456a66.sorted_genome_alignments.bam,165391849,161022576,4369273,0.026417705
UNCID_1487634.3d16d813-54c4-4a0a-a66a-a03c937c7824.sorted_genome_alignments.bam,155340990,151453672,3887318,0.025024419
UNCID_1487636.7a86392e-7c89-4a38-bd24-86eedb4974d0.sorted_genome_alignments.bam,167113372,163960683,3152689,0.01886557
UNCID_1487637.4c40b93f-d5a3-42af-be9d-0732d53bdd87.sorted_genome_alignments.bam,174652904,166338614,8314290,0.047604648
UNCID_1487651.10dba8e7-ed38-4901-bf18-654faeba48d2.sorted_genome_alignments.bam,158941841,153885312,5056529,0.031813706
UNCID_1487685.f38731b4-99fb-41bb-9574-f8e5dafe4b69.sorted_genome_alignments.bam,175832359,172407521,3424838,0.01947786
UNCID_1487713.c4590890-abf3-4ec8-a3be-5ec5b079edb7.sorted_genome_alignments.bam,175163754,166648089,8515665,0.048615452
UNCID_1487723.9cceecc5-683f-487b-9130-fab25e8c7d3c.sorted_genome_alignments.bam,150091911,146636996,3454915,0.023018662
UNCID_1487745.43a0dcb9-0fcb-49d0-bec0-518b03456216.sorted_genome_alignments.bam,145626005,141727210,3898795,0.026772656
UNCID_1487746.4580fd8d-843d-4585-a8ba-60ce7c0b831d.sorted_genome_alignments.bam,135890489,130881162,5009327,0.03686297
UNCID_1487775.31512b62-4f77-450e-8b14-fec64cea5cd9.sorted_genome_alignments.bam,159343690,155947376,3396314,0.021314393
UNCID_1487782.cfd415b7-f687-4c8b-a54c-2f03c82ac5bd.sorted_genome_alignments.bam,165727582,162841461,2886121,0.01741485
UNCID_1487791.f8737c37-58f8-4863-8ca4-6116b8ccf19f.sorted_genome_alignments.bam,167923107,163410016,4513091,0.026875938
UNCID_1487793.a0159a65-2664-495c-a373-7538e511ae73.sorted_genome_alignments.bam,180455061,173287412,7167649,0.039719856
UNCID_1487832.75d5bb5b-ba86-4ce7-bfba-6e2e35ec1262.sorted_genome_alignments.bam,146751730,140800019,5951711,0.040556326
UNCID_1487835.b9a9806e-79c5-478d-8b2a-ac7e70e86a1b.sorted_genome_alignments.bam,187290055,183590350,3699705,0.019753879
UNCID_1487840.b4667b5c-e2fd-4d07-92fe-e5e9aa9ecb43.sorted_genome_alignments.bam,181800677,178604642,3196035,0.017579885
UNCID_1487847.fc40ab70-e5d5-469d-b03e-bfca7a1af911.sorted_genome_alignments.bam,178286758,173792571,4494187,0.025207632
UNCID_1487905.a48c97d8-f1b2-4e31-b04e-fc370f631756.sorted_genome_alignments.bam,199208971,191410596,7798375,0.039146706
UNCID_1487913.fe0d7adc-3b52-4f01-9c3e-55534e03a5b8.sorted_genome_alignments.bam,172227397,164726637,7500760,0.043551491
UNCID_1487989.1c7fc45f-3089-4b30-af2d-f7dfbd80b2ba.sorted_genome_alignments.bam,174666325,168531485,6134840,0.035123198
UNCID_1488039.8cce07d4-906f-4c8d-974b-1b83ca7a0f6a.sorted_genome_alignments.bam,169759512,166069272,3690240,0.021738046
UNCID_1488083.7455b3db-3c26-45d9-bcf3-705f2af6829c.sorted_genome_alignments.bam,174215218,168321708,5893510,0.033828905
UNCID_1488089.fd4d0bc2-396d-4c4c-99b3-cfdf24905b38.sorted_genome_alignments.bam,169154897,164146620,5008277,0.029607638
UNCID_1488102.0410c6b3-7161-4af3-8427-a378b5d5c8aa.sorted_genome_alignments.bam,187031083,182787738,4243345,0.022687913
UNCID_1488142.03103f4c-7b4f-4ecf-9261-280d08469e7d.sorted_genome_alignments.bam,212684122,208938966,3745156,0.017609006
UNCID_1488153.b63197b1-c35e-461a-ae5b-b522dad04297.sorted_genome_alignments.bam,168005469,164069976,3935493,0.023424791
UNCID_1488175.47920939-4dec-422b-91d5-1ead6c576c58.sorted_genome_alignments.bam,152683357,148265689,4417668,0.028933527
UNCID_1488194.91a613d3-8c40-4edd-a832-d581c4a6cf0f.sorted_genome_alignments.bam,173445755,168182704,5263051,0.030344075
UNCID_1488434.d2aace76-8b2d-4b26-8d10-ca4cf14ef868.sorted_genome_alignments.bam,194259952,189531411,4728541,0.024341306
UNCID_1488437.d66a671f-9c72-415a-890c-f027bd3282cc.sorted_genome_alignments.bam,190014451,185740146,4274305,0.022494631
UNCID_1488448.d357734e-3f6c-46a8-890c-996d01a21ee1.sorted_genome_alignments.bam,169038450,165803147,3235303,0.01913945
UNCID_1488486.8698125c-299c-42ec-b488-df0b574e8f26.sorted_genome_alignments.bam,194605748,188937987,5667761,0.029124325
UNCID_1488491.860528a4-b0c5-4251-bf96-a81513e5ef4d.sorted_genome_alignments.bam,192875478,186133140,6742338,0.034956948
UNCID_1488528.5e60f055-5a61-46f8-b90b-809541f57682.sorted_genome_alignments.bam,186428242,180687501,5740741,0.030793301
UNCID_1488567.773ec9d4-73fe-4b5d-8ea0-89989f686874.sorted_genome_alignments.bam,192128749,184712981,7415768,0.038597909
UNCID_1488572.b5be0483-aef3-49fb-b694-796f722ff31e.sorted_genome_alignments.bam,203222827,198925741,4297086,0.021144701
UNCID_1488602.aba57f0c-724f-4f69-8530-96185e02ed21.sorted_genome_alignments.bam,167702900,163107480,4595420,0.02740215
UNCID_1488687.2732d521-08a8-4afb-b38f-8f9555292760.sorted_genome_alignments.bam,161970033,156498437,5471596,0.033781533
UNCID_1488776.2ca0e75b-7b43-4c75-a3f0-f44157aea17f.sorted_genome_alignments.bam,170659040,166039765,4619275,0.027067274
UNCID_1488779.4063c5e3-925e-4fff-bc04-a363ec52c758.sorted_genome_alignments.bam,185363677,180920797,4442880,0.02396845
UNCID_1488824.ca3f1d72-04c7-4cc2-a9b9-557d1eb9311e.sorted_genome_alignments.bam,169044377,166248093,2796284,0.016541716
UNCID_1488843.c45dac60-e113-41e7-84a0-b76b627fb61d.sorted_genome_alignments.bam,169527999,163511985,6016014,0.035486846
UNCID_1488858.8af61a8a-17b0-402a-9fb7-38e70ecebab7.sorted_genome_alignments.bam,168273139,160997752,7275387,0.043235581
UNCID_1488867.7dbbe139-6b6d-406d-a5df-3dd9eb68818c.sorted_genome_alignments.bam,171002904,166196145,4806759,0.028109224
UNCID_1488908.7ce08d65-9113-4f4f-b0b3-c1237f093969.sorted_genome_alignments.bam,173217078,168494546,4722532,0.027263663
UNCID_1488951.c4bd49f9-91f4-43a1-8f15-537f75125f34.sorted_genome_alignments.bam,192691700,188182911,4508789,0.023398979
UNCID_1488971.e66d72f7-9434-4898-98b4-12bfbe7e352b.sorted_genome_alignments.bam,156896235,152051491,4844744,0.03087865
UNCID_1488978.8fb56180-e93e-41a2-b014-e13152eb5d33.sorted_genome_alignments.bam,186735843,181601657,5134186,0.027494379
UNCID_1489009.29da933a-0728-47af-b94f-7b828c5150b7.sorted_genome_alignments.bam,176253226,173036384,3216842,0.018251252
UNCID_1489015.6e1d7081-be4d-4b4f-8a1a-e44531347292.sorted_genome_alignments.bam,148227421,137717380,10510041,0.070904836
UNCID_1489038.9e276534-be7b-40ae-bea5-f6bd9dc80a4c.sorted_genome_alignments.bam,211831650,207619188,4212462,0.019885895
UNCID_1489060.c00a719c-887e-4e4b-a848-b5473b396044.sorted_genome_alignments.bam,179239223,175110528,4128695,0.023034551
UNCID_1489069.319edd1d-1409-4516-8754-b19f3e0bc0e2.sorted_genome_alignments.bam,189713526,184713476,5000050,0.026355791
UNCID_1489083.a03dc836-1cd6-4121-8bd0-d5a6f5d2320d.sorted_genome_alignments.bam,190990804,183514738,7476066,0.039143591
UNCID_1489098.066deb2c-b723-423b-96c0-c81ea5a808d0.sorted_genome_alignments.bam,202731863,196503432,6228431,0.030722507
UNCID_1489111.2bc64d39-3bc0-4932-bc0a-969cf91bbc7c.sorted_genome_alignments.bam,178223366,174298042,3925324,0.022024744
UNCID_1489199.dfa89c76-15f5-413c-b4b9-c9006b14991b.sorted_genome_alignments.bam,156662061,152042432,4619629,0.02948786
UNCID_1489230.be9e9d23-c1bd-437c-8fb5-d9ce12e434d1.sorted_genome_alignments.bam,180031740,174733503,5298237,0.029429461
UNCID_1489261.f0086e8e-48a8-41f2-8e1f-e7bf48cb4b32.sorted_genome_alignments.bam,154528698,151583347,2945351,0.01906022
UNCID_1489291.535cab0d-a36e-4e6e-abeb-5c3b13b03629.sorted_genome_alignments.bam,230737736,225783583,4954153,0.021470927
UNCID_1489356.0e7672b4-f7d1-40ad-b651-ad6c22c0b698.sorted_genome_alignments.bam,208281687,194421293,13860394,0.066546388
UNCID_1489372.45f54a9f-295d-4618-9e75-a7f3a2134e55.sorted_genome_alignments.bam,177767912,174381869,3386043,0.019047549
UNCID_1489441.c83939ad-c9eb-4d0e-8b4b-c8ce48f179f5.sorted_genome_alignments.bam,196925317,191568967,5356350,0.027199905
UNCID_1489442.55a2df9f-9ea3-40b8-aab5-f3632e680307.sorted_genome_alignments.bam,169351712,163970114,5381598,0.031777642
UNCID_1489529.61829294-171f-460e-ac79-d4278fa44d25.sorted_genome_alignments.bam,175502817,169290651,6212166,0.035396389
UNCID_1489532.696c6ba5-3bdf-4600-ac9f-e8326d6cd020.sorted_genome_alignments.bam,188636593,185016458,3620135,0.019191054
UNCID_1489536.35931ba2-578f-4512-accc-460bc7ee7878.sorted_genome_alignments.bam,191752178,185794707,5957471,0.031068596
UNCID_1489543.11fd48af-c06d-4fb0-9643-51cfe19a978f.sorted_genome_alignments.bam,175301902,170781801,4520101,0.025784666
UNCID_1489568.e422ca09-f5a6-48c4-a7de-8c9478716a4b.sorted_genome_alignments.bam,183209234,177785478,5423756,0.029604163
UNCID_1489598.91c91d67-c3a4-40ab-9342-5a4208703d51.sorted_genome_alignments.bam,187077304,180610084,6467220,0.034569773
UNCID_1489627.fbf0ec2e-f07d-4a6b-a05a-5a799ec0a8f4.sorted_genome_alignments.bam,191341977,181526081,9815896,0.051300275
UNCID_1489647.44acbc11-ba7f-42a5-ab07-9f0993494aa9.sorted_genome_alignments.bam,185853671,179380114,6473557,0.034831472
UNCID_1489648.7eb22ffe-af29-4d9f-88e3-9d2d328adb43.sorted_genome_alignments.bam,195087341,190895124,4192217,0.021488924
UNCID_1489742.de598179-44ac-4e2d-984f-772a1b27f168.sorted_genome_alignments.bam,204895428,200899702,3995726,0.019501294
UNCID_1489864.77373c62-849c-4571-8886-7897b2b9580a.sorted_genome_alignments.bam,158378775,154900401,3478374,0.021962375
UNCID_1489907.8c403b87-b90e-44b8-9068-b5ee934cbf4e.sorted_genome_alignments.bam,180655882,175016167,5639715,0.031217998
UNCID_1489974.bd3e2c43-ddaa-4b06-bb9b-6a25c890ae1e.sorted_genome_alignments.bam,186956454,181753263,5203191,0.027831032
UNCID_1490044.e58ff573-4094-4624-a060-9c2954f36de7.sorted_genome_alignments.bam,196116441,189054842,7061599,0.036007175
UNCID_1490088.be939a88-1ef0-4b56-be70-86fa7674b674.sorted_genome_alignments.bam,162709556,157708188,5001368,0.03073801
UNCID_1490092.f4addef3-be6d-40d6-8bb9-6ca5cf74173c.sorted_genome_alignments.bam,182728794,178296042,4432752,0.02425864
UNCID_1490189.0f93646a-9437-4ac1-a8b2-116c2096c9f3.sorted_genome_alignments.bam,212872271,204034248,8838023,0.041517963
UNCID_1490308.b9e16770-b3b7-4b44-8985-6f56ea721547.sorted_genome_alignments.bam,245260754,240422716,4838038,0.019726099
UNCID_1490338.87c6271f-f609-4e97-a622-ec512eb31914.sorted_genome_alignments.bam,190143231,184255608,5887623,0.030964147
UNCID_1490350.5ccbff06-0d11-4333-a4a1-c554965208e5.sorted_genome_alignments.bam,146217231,142680545,3536686,0.024187888
UNCID_1490397.14f3ea46-de55-4d2c-827a-8959c14fae27.sorted_genome_alignments.bam,203759845,198975766,4784079,0.023479008
UNCID_1490398.e7e06ded-74f0-40a0-952c-4b036040d51d.sorted_genome_alignments.bam,189609587,185416710,4192877,0.022113212
UNCID_1490455.afabfa0b-b5fe-4bfb-a31a-685836674c24.sorted_genome_alignments.bam,163040495,159768996,3271499,0.020065561
UNCID_1490470.909ba739-018b-4191-87aa-51d391682be7.sorted_genome_alignments.bam,187122111,182316182,4805929,0.025683384
UNCID_1490540.d6e0939f-256c-463c-a966-6fed4ba99fcc.sorted_genome_alignments.bam,176802000,169893340,6908660,0.039075689
UNCID_1490562.12d136f2-1029-48ef-b267-730cb24eecc9.sorted_genome_alignments.bam,243147682,234105611,9042071,0.037187568
UNCID_1490586.32c9f124-ed64-4aff-b324-ce3c945f36d7.sorted_genome_alignments.bam,167528946,158740702,8788244,0.052458063
UNCID_1490590.53800455-66fa-4193-9308-390fd663a40c.sorted_genome_alignments.bam,197580122,194000471,3579651,0.018117465
UNCID_1490626.03e24ea8-ad5c-48d9-b1ea-a6d2c80778cf.sorted_genome_alignments.bam,195428035,191266550,4161485,0.021294207
UNCID_1490769.99097576-fce3-48bc-a71b-13dcafea404e.sorted_genome_alignments.bam,163363229,159855404,3507825,0.021472549
UNCID_1490786.162ba082-6843-49c4-ba32-9ff4fcac01f0.sorted_genome_alignments.bam,231711423,223206442,8504981,0.036705057
UNCID_1490813.b3fb3d14-d19e-4c5b-a01b-74f54f96e86d.sorted_genome_alignments.bam,197742553,192319232,5423321,0.027426171
UNCID_1491007.1e6d2aab-459d-4dbb-88d4-f41c66394c1c.sorted_genome_alignments.bam,172545016,168951816,3593200,0.02082471
UNCID_1491024.d66fe7c3-e77c-402a-b2fc-fe6d4d220dad.sorted_genome_alignments.bam,213770639,207623967,6146672,0.028753584
UNCID_1491191.2cdf1538-ff60-474d-8262-600a4f093eb3.sorted_genome_alignments.bam,239597166,230055734,9541432,0.039822808
UNCID_1491204.df8e6108-d3de-48ee-832b-377fc1ce13f0.sorted_genome_alignments.bam,265547357,255054598,10492759,0.039513702
UNCID_1491275.4e8c3303-bcfc-45a6-9578-c8a6b0d92c44.sorted_genome_alignments.bam,160888754,156409109,4479645,0.027843121
UNCID_1491295.a38e0f12-7b18-4856-9cc8-314d8f0b63d6.sorted_genome_alignments.bam,188839823,184670004,4169819,0.022081248
UNCID_1491296.0ead3f08-6ce9-4eea-8ac2-c8021f427f2b.sorted_genome_alignments.bam,193507320,188065878,5441442,0.028120084
UNCID_1492022.b8de9cb9-3103-4054-ae51-0840fd63a37f.sorted_genome_alignments.bam,182198647,178365098,3833549,0.021040491
UNCID_1492534.f0a19728-adf9-48e7-b5d6-e0d2b89f2a0f.sorted_genome_alignments.bam,224686877,216793070,7893807,0.035132479
UNCID_1492628.0dd2289d-a511-4e92-a9e5-53102374fecb.sorted_genome_alignments.bam,179449426,174434590,5014836,0.027945679
UNCID_1493951.5604deee-573d-40ad-a311-e8d2e40ae8f6.sorted_genome_alignments.bam,91635912,89538672,2097240,0.02288666
UNCID_1493998.ef155241-89fe-4216-b113-187f14de006c.sorted_genome_alignments.bam,196617441,192544666,4072775,0.02071421
UNCID_1494188.1b31fa14-48de-4b39-adc6-5d6a3db0e70b.sorted_genome_alignments.bam,87755308,84968417,2786891,0.031757521
UNCID_1494189.b6063ecd-bd1b-4cff-bf17-33357c17573b.sorted_genome_alignments.bam,132923747,129401862,3521885,0.026495529
UNCID_1494190.d10ce5a7-da57-407f-8ec8-6efd0072cf28.sorted_genome_alignments.bam,133788085,130216642,3571443,0.026694776
UNCID_1494200.342c8af0-63af-4201-99f6-97986a78d997.sorted_genome_alignments.bam,119640891,114844888,4796003,0.040086654
UNCID_1494220.38e159a4-9725-4f60-9b46-f21a40874a94.sorted_genome_alignments.bam,145014082,140959816,4054266,0.02795774
UNCID_1494234.e5657e86-e17a-44a2-813e-8d0e66be3955.sorted_genome_alignments.bam,143729915,139421622,4308293,0.029974922
UNCID_1494237.01a172a5-59e7-4823-a832-5aa6afdd6acd.sorted_genome_alignments.bam,115261403,112819292,2442111,0.021187587
UNCID_1494485.f3d43f0e-f734-47d5-954e-ed847b463c2c.sorted_genome_alignments.bam,95514595,92696409,2818186,0.029505292
UNCID_1494597.18b7ff91-d0bd-4290-bcea-1c2b0671d1bc.sorted_genome_alignments.bam,158194630,154399068,3795562,0.023992989
UNCID_1494625.4dc1a1f0-4095-4e26-8edc-b5f410e84ad9.sorted_genome_alignments.bam,108989404,106092061,2897343,0.026583713
UNCID_1494653.5ac69e8d-5508-4bf1-862b-375647481ac8.sorted_genome_alignments.bam,124826871,121612961,3213910,0.02574694
UNCID_1494667.df1ddbdc-38f0-48bc-85b0-df876cdfcc5d.sorted_genome_alignments.bam,171125920,166829131,4296789,0.025108931
UNCID_1494681.bd7708e4-e807-40e7-9b9c-8071edab66e4.sorted_genome_alignments.bam,158547694,153758732,4788962,0.030205182
UNCID_1494813.ab52a17f-05c4-42da-aef7-d2e555786356.sorted_genome_alignments.bam,128726438,125779011,2947427,0.022896827
UNCID_1494859.997e46a8-9e4b-49f2-8301-4942ab3d47c7.sorted_genome_alignments.bam,179414488,172187533,7226955,0.040280777
UNCID_1494976.d0acd737-2cb0-40df-a18f-0afe1cdbd22a.sorted_genome_alignments.bam,120291663,115211869,5079794,0.042228978
UNCID_1495134.f50ff900-017d-4cd6-8ba9-ef77d6808516.sorted_genome_alignments.bam,130135816,126584786,3551030,0.027287107
UNCID_1495137.4e768aec-1f77-4ce4-ae4d-aa2bfd66fdc5.sorted_genome_alignments.bam,146989719,142445693,4544026,0.030913904
UNCID_1495140.202b16cd-748d-42f4-993d-c5ec181f29f9.sorted_genome_alignments.bam,129880074,126858891,3021183,0.023261328
UNCID_1495201.154f0207-0526-45a3-95b8-e57079f58e60.sorted_genome_alignments.bam,209602192,202359466,7242726,0.034554629
UNCID_1495237.3aff5e4a-437f-4bd7-bc51-bc5ef1c9e548.sorted_genome_alignments.bam,98947667,95508461,3439206,0.034757828
UNCID_1495284.fca4147f-5823-443c-8b76-38b5cc80efb7.sorted_genome_alignments.bam,177468936,171325556,6143380,0.03461665
UNCID_1495285.87e3c017-cc4e-4d8a-b22c-19449c88c598.sorted_genome_alignments.bam,91088897,85530268,5558629,0.061024221
UNCID_1495312.89e229a4-ecbc-486b-bf2c-8e58d21fd17b.sorted_genome_alignments.bam,143124021,138046528,5077493,0.035476176
UNCID_1495353.9d5fae47-8f7e-415a-84ee-299331a541f3.sorted_genome_alignments.bam,116600297,111883643,4716654,0.040451475
UNCID_1495400.f9b48ee1-476d-49bd-8a92-1b1905fc0059.sorted_genome_alignments.bam,118580777,115894814,2685963,0.022650914
UNCID_1495429.82a7dfb8-e1ff-45b1-9f9c-0dc104c6899e.sorted_genome_alignments.bam,156914492,153062196,3852296,0.024550288
UNCID_1495452.272d7401-6880-4843-b553-df04826b6702.sorted_genome_alignments.bam,191363068,185964495,5398573,0.028211154
UNCID_1495469.9ba293cb-f50a-43d5-8962-ea6fa9e7e7e3.sorted_genome_alignments.bam,204523813,194073437,10450376,0.051096133
UNCID_1495511.516b63e5-687e-43a1-9672-37eed1dc602d.sorted_genome_alignments.bam,166508597,161732048,4776549,0.028686501
UNCID_1495532.7d3f88e4-3eb0-46f1-9ea6-50ccf5387f61.sorted_genome_alignments.bam,196786737,191618313,5168424,0.026264087
UNCID_1495584.c4345e1c-4afb-4b6a-a501-38a2c11f2119.sorted_genome_alignments.bam,122105120,117145679,4959441,0.040616159
UNCID_1495594.6261d59f-53b5-477c-a136-5a9ce99022ff.sorted_genome_alignments.bam,134031237,130577606,3453631,0.025767359
UNCID_1495601.f58d967f-8e2d-420b-9171-5e42dda50a34.sorted_genome_alignments.bam,199954355,195205203,4749152,0.023751181
UNCID_1495711.6155b88b-9b66-422b-a6c8-79b331302fe5.sorted_genome_alignments.bam,139606583,134419094,5187489,0.037157911
UNCID_1495723.3cb7423f-ab56-4e9e-95b2-223496426684.sorted_genome_alignments.bam,173656088,168938423,4717665,0.027166712
UNCID_1495796.2219ceda-89d3-4cf0-8bba-07f678909224.sorted_genome_alignments.bam,135857130,131380363,4476767,0.032952021
UNCID_1495880.613621dd-51a1-46e0-acfb-03464329940f.sorted_genome_alignments.bam,153215688,149236847,3978841,0.025968888
UNCID_1495931.f4dc5040-dc90-453f-a7b8-8d3269fb9136.sorted_genome_alignments.bam,153008707,149322414,3686293,0.024092047
UNCID_1495947.4e43d9a2-e521-4b9f-8014-12e2c2f533dd.sorted_genome_alignments.bam,129693889,126173402,3520487,0.027144587
UNCID_1496075.70542af6-c790-4b19-8eae-59fbd00bac5b.sorted_genome_alignments.bam,197900983,191429905,6471078,0.032698564
UNCID_1496082.0a152771-a339-4166-b833-2f0950f8fdb8.sorted_genome_alignments.bam,174223806,168897359,5326447,0.030572441
UNCID_1496230.70feab34-35f1-4936-98dc-1b32358866a7.sorted_genome_alignments.bam,119930294,116426012,3504282,0.029219323
UNCID_1496306.26156bf6-a60d-4615-9ce2-2cbdd9c6c2dd.sorted_genome_alignments.bam,186541338,180411398,6129940,0.032861027
UNCID_1496359.ff8a7920-5ee4-47f2-a900-495ca8ba3780.sorted_genome_alignments.bam,126558099,122259215,4298884,0.033967672
UNCID_1496392.1017fc7b-d4b4-4a75-b274-a43e38ce9214.sorted_genome_alignments.bam,182050655,177000638,5050017,0.027739626
UNCID_1496449.d6410be9-b451-41c3-a458-d99dba2f6416.sorted_genome_alignments.bam,209630221,203254370,6375851,0.030414751
UNCID_1496505.51f3f731-2403-4c66-906c-205659c08675.sorted_genome_alignments.bam,154429487,145450222,8979265,0.058144757
UNCID_1496506.f66999f5-dbb4-44a2-8795-57c848570e6b.sorted_genome_alignments.bam,176294339,170563144,5731195,0.03250924
UNCID_1496570.1388fe15-dd1f-4a67-b545-7846d2d4c872.sorted_genome_alignments.bam,160828604,153303584,7525020,0.046789065
UNCID_1496594.227a1c32-1858-4197-b767-de05bfb71336.sorted_genome_alignments.bam,225456182,217288953,8167229,0.03622535
UNCID_1496629.4f6060d8-e47b-40e6-8700-6769cb5bb969.sorted_genome_alignments.bam,239792403,234166060,5626343,0.023463391
UNCID_1496633.27052d2e-0797-4ec8-a7ca-806c600603cc.sorted_genome_alignments.bam,167667593,161806973,5860620,0.034953803
UNCID_1496666.3b880430-cb7b-47f1-9a4f-e029b744e2f3.sorted_genome_alignments.bam,198938266,194311716,4626550,0.02325621
UNCID_1496707.1c50392e-8c36-4c70-9763-4342e4cb7df8.sorted_genome_alignments.bam,187420745,182496322,4924423,0.026274695
UNCID_1496772.81fa5865-d03a-401c-a9b7-19a38a36ec33.sorted_genome_alignments.bam,200731599,195871110,4860489,0.024213871
UNCID_1496826.5a057036-4674-47df-96d4-ed7cd581d49b.sorted_genome_alignments.bam,198964913,191123664,7841249,0.03941021
UNCID_1496851.47456c73-1469-4f31-a44a-66f115087f25.sorted_genome_alignments.bam,226245434,219188595,7056839,0.031191078
UNCID_1496957.2fa99516-a6f1-4164-8ee3-34e5d32b9998.sorted_genome_alignments.bam,209295725,203495333,5800392,0.027713858
UNCID_1497002.a8f8f23b-fb96-4789-9ade-2d65aea40fcf.sorted_genome_alignments.bam,195616016,187123826,8492190,0.04341255
UNCID_1497115.d80de8fd-20dc-451f-8554-cacf5b6b0698.sorted_genome_alignments.bam,169371572,164457237,4914335,0.029015111
UNCID_1497168.1edbbbdc-e7b4-4e6e-a827-a67fa16bbfeb.sorted_genome_alignments.bam,158045676,153344286,4701390,0.029747033
UNCID_1497362.898aa183-162f-47a6-b564-4708b5dabdd0.sorted_genome_alignments.bam,171832089,166900730,4931359,0.028698708
UNCID_1497385.4b0d3a57-d4d1-4792-a741-3c168513ce8b.sorted_genome_alignments.bam,184960562,179436339,5524223,0.029867032
UNCID_1497445.7533bdfd-afab-4082-b60f-766b22a5a8c8.sorted_genome_alignments.bam,161153935,155497376,5656559,0.035100347
UNCID_1497626.b8c98129-fc39-4a2f-966e-041474135925.sorted_genome_alignments.bam,218715316,210905181,7810135,0.035709136
UNCID_1497716.a710a87a-2ef5-4b03-b7b7-02997ddd42f0.sorted_genome_alignments.bam,159776020,155106458,4669562,0.029225675
UNCID_1497785.a06ce58f-8d01-4a1c-bd8f-a731f304fb1b.sorted_genome_alignments.bam,106194025,104280595,1913430,0.018018245
UNCID_1497850.a7a68cb4-3da6-45b4-8347-aa7feeb5127f.sorted_genome_alignments.bam,168356882,163887483,4469399,0.026547171
UNCID_1497873.7a5501d0-e090-4288-ad1d-2b7b9b5eb13a.sorted_genome_alignments.bam,159058344,154350649,4707695,0.029597284
UNCID_1497917.04fe445b-b08a-440d-a086-c3688facd9ab.sorted_genome_alignments.bam,175230242,169927126,5303116,0.030263703
UNCID_1497918.1836aa30-6682-4192-9e01-b35091f8bacb.sorted_genome_alignments.bam,175466531,169361393,6105138,0.034793747
UNCID_1497924.bd9f9a53-df71-47c3-ad91-81793b041f10.sorted_genome_alignments.bam,202895880,195456521,7439359,0.036665895
UNCID_1498168.90dab237-bdd8-4aae-b698-01f48ce6edf6.sorted_genome_alignments.bam,189659553,174466319,15193234,0.080107929
UNCID_1498182.b509ded2-cbe0-49a6-afab-efdb2c91a733.sorted_genome_alignments.bam,205368171,192691897,12676274,0.061724628
UNCID_1498183.927aff48-16ef-453a-8639-a44872ea7c1f.sorted_genome_alignments.bam,133648016,129132136,4515880,0.033789353
UNCID_1498313.973491e1-8cb1-4a4e-9df9-dc31b95804c1.sorted_genome_alignments.bam,158398134,147029374,11368760,0.07177332
UNCID_1498332.162eb8e8-ec68-4c71-8f4d-96672760e0b3.sorted_genome_alignments.bam,170181479,154178104,16003375,0.094037113
UNCID_1498367.7a25f591-c475-4bc4-a0ad-85f41e072608.sorted_genome_alignments.bam,165004656,155734318,9270338,0.056182281
UNCID_1498436.f505303f-d2bb-4d47-82f2-e4431e7802b6.sorted_genome_alignments.bam,155018672,151186423,3832249,0.024721209
UNCID_1498448.4daa3bff-ecb0-4528-aed0-3837c03f6eef.sorted_genome_alignments.bam,114745455,111421051,3324404,0.028971988
UNCID_1498476.f9ebd265-fe1b-4600-a41d-8ea6a7941cee.sorted_genome_alignments.bam,237678439,231158754,6519685,0.027430696
UNCID_1498828.5a07e774-3a79-4c90-a407-8b1f87e63b82.sorted_genome_alignments.bam,221965196,212790858,9174338,0.041332327
UNCID_1498875.059efd3b-2527-4648-9334-498262fb56dc.sorted_genome_alignments.bam,189512437,177382822,12129615,0.064004322
UNCID_1498876.1269ec4c-f015-4693-b4a1-a6fa58b3ffd6.sorted_genome_alignments.bam,125932736,123164483,2768253,0.021981997
UNCID_1499121.3b470500-2427-4540-bc8e-df91e42c3d26.sorted_genome_alignments.bam,233293705,223483930,9809775,0.042049034
UNCID_1499246.8501c648-89d2-4dd2-bc90-ef56fea4f459.sorted_genome_alignments.bam,126477418,123980573,2496845,0.019741429
UNCID_1499502.cc9504fb-b4a6-41af-962f-f3d69653d101.sorted_genome_alignments.bam,194519748,182895490,11624258,0.059758755
UNCID_1499746.0c96bb0f-11f1-421c-b2c5-55458ba95d97.sorted_genome_alignments.bam,166192592,158653707,7538885,0.045362341
UNCID_1499877.34a59041-88b0-4f88-a180-d856dd2a0887.sorted_genome_alignments.bam,188396673,182390218,6006455,0.031881959
UNCID_1499894.f2b06c88-e63e-45c3-ac73-d41fb7a482ab.sorted_genome_alignments.bam,219928181,213233703,6694478,0.030439382
UNCID_1500059.bc6c762f-727f-43c8-a4bc-4c41351c7f13.sorted_genome_alignments.bam,216171476,203224801,12946675,0.059890765
UNCID_1500076.65763f7b-9d9d-4b0a-9598-93b9476c43e8.sorted_genome_alignments.bam,105274148,102915645,2358503,0.022403439
UNCID_1500155.01f32254-9fcb-4d33-981c-39ee63af2fee.sorted_genome_alignments.bam,193043648,188448449,4595199,0.023803938
UNCID_1500160.d8887bfa-4fea-428f-91d9-0ffbe7f1edde.sorted_genome_alignments.bam,124667337,122274030,2393307,0.019197547
UNCID_1500385.20923583-7bb2-4024-93a8-f0a4a659d686.sorted_genome_alignments.bam,101701001,97338578,4362423,0.042894593
UNCID_1500402.948a2c04-a8d8-4b6d-ac3d-09745395c000.sorted_genome_alignments.bam,252236977,246020251,6216726,0.024646371
UNCID_1500478.06f81efd-c0b7-4ecd-bbd9-3d0742966e83.sorted_genome_alignments.bam,114792332,112342225,2450107,0.021343821
UNCID_1500479.49ab9488-786c-4cdf-b913-5c2cf77173df.sorted_genome_alignments.bam,179402532,171311602,8090930,0.045099308
UNCID_1500484.323808d6-c1f6-4609-9095-bba1a3a97c78.sorted_genome_alignments.bam,136447404,133931719,2515685,0.018437031
UNCID_1500521.823d244b-6905-481c-979b-1cc92331858d.sorted_genome_alignments.bam,143194125,139918232,3275893,0.022877286
UNCID_1500550.d092afd0-400b-4301-baca-1dd748380cee.sorted_genome_alignments.bam,128812790,124378787,4434003,0.034422071
UNCID_1500743.d4f590d7-626c-4c70-b170-1ad19d2ff6eb.sorted_genome_alignments.bam,219063595,191796602,27266993,0.124470673
UNCID_1500829.ef16aead-4eec-4c97-a393-dc7a54ce5264.sorted_genome_alignments.bam,225523849,214184670,11339179,0.05027929
UNCID_1500840.d57a0ea8-ceb5-494e-8e1f-11c7f89c84c1.sorted_genome_alignments.bam,105169864,103011681,2158183,0.020520926
UNCID_1500897.52b9fe9a-6584-4a75-b9ea-72256eb03c19.sorted_genome_alignments.bam,108105933,105148902,2957031,0.027353087
UNCID_1500969.26751c07-194c-4886-90b4-82b080286bfe.sorted_genome_alignments.bam,119475601,117342383,2133218,0.017854842
UNCID_1501102.e34c0131-2a28-42b5-ad0d-31492e0e717b.sorted_genome_alignments.bam,211235932,205168336,6067596,0.028724261
UNCID_1501191.44ffccc3-f2ba-4c7a-bc88-afbf93f63102.sorted_genome_alignments.bam,167598326,157958222,9640104,0.057519095
UNCID_1501218.3f4a27fd-378a-4d74-91c1-eda773c26b79.sorted_genome_alignments.bam,189158896,175361408,13797488,0.072941259
UNCID_1501351.3c02b72b-81bc-4f59-a608-73b9fcb8c14a.sorted_genome_alignments.bam,184553017,175546105,9006912,0.048803927
UNCID_1501696.6ab12cc9-61c7-447c-897d-612075781c72.sorted_genome_alignments.bam,249557396,233552714,16004682,0.064132269
UNCID_1501737.36164851-b1b1-43d5-be86-f2fdd40900f9.sorted_genome_alignments.bam,152709292,148664556,4044736,0.026486509
UNCID_1501750.770caa6f-9cde-413c-ba7a-02c0e0e1fc5f.sorted_genome_alignments.bam,264489652,250585696,13903956,0.052568998
UNCID_1501813.8d810625-b9e3-4da7-98af-31f2f5174814.sorted_genome_alignments.bam,112957134,107803780,5153354,0.045622209
UNCID_1501862.9c67d757-705a-4436-a808-88ed21ca8c14.sorted_genome_alignments.bam,135853820,131270064,4583756,0.033740354
UNCID_1502019.1906f4b3-d226-4570-bbce-f2cbbb1d5ec2.sorted_genome_alignments.bam,156450760,153018512,3432248,0.0219382
UNCID_1502048.460f6b48-f089-4c3c-a2ba-cea8057c1f4d.sorted_genome_alignments.bam,133269063,129179367,4089696,0.030687512
UNCID_1502077.cc6b6cff-18ed-4df8-8d78-470e46c83378.sorted_genome_alignments.bam,141681042,137786433,3894609,0.027488568
UNCID_1502078.83290fb6-523d-47c2-adc0-16e85c54461d.sorted_genome_alignments.bam,139873114,134988322,4884792,0.034923023
UNCID_1502234.998dc480-2612-4378-9eb4-cd961aedf9f5.sorted_genome_alignments.bam,116818303,113588728,3229575,0.027646139
UNCID_1502690.f07ceff2-58b8-413f-bc8c-0ce325c03441.sorted_genome_alignments.bam,124955257,122736015,2219242,0.017760293
UNCID_1502724.d1302b5b-a25a-4dec-b102-bf55373aa78c.sorted_genome_alignments.bam,151680872,147204799,4476073,0.029509805
UNCID_1502734.25730694-0e48-4f92-aaf5-f7a2663a8c05.sorted_genome_alignments.bam,138798066,135098526,3699540,0.026654118
UNCID_1502820.3cf6d88f-d583-448e-a3c1-fd8131738114.sorted_genome_alignments.bam,165671904,162386863,3285041,0.019828594
UNCID_1502844.1f2a128f-34ee-4849-ba98-ad8ea16bfc6a.sorted_genome_alignments.bam,124906754,120467790,4438964,0.035538222
UNCID_1502874.942796d2-a175-4915-a38b-8bc4bd31361d.sorted_genome_alignments.bam,229039288,219307265,9732023,0.042490627
UNCID_1502926.f35831c4-cac6-484e-813f-4cc5dee12e5e.sorted_genome_alignments.bam,246283798,240497989,5785809,0.023492447
UNCID_1502992.730eebdc-c67d-4864-8535-6b623cf967a3.sorted_genome_alignments.bam,124913695,122472987,2440708,0.019539155
UNCID_1503029.89defc7f-de01-491d-9c69-bd795b94a80c.sorted_genome_alignments.bam,126227402,122867820,3359582,0.026615314
UNCID_1503090.2480b239-1454-4f49-9c13-381b9f0d0506.sorted_genome_alignments.bam,174269859,170396953,3872906,0.022223614
UNCID_1503135.6c1f51b2-fee0-4c4d-8560-6778e8464325.sorted_genome_alignments.bam,257001145,249277103,7724042,0.030054504
UNCID_1503206.d7d5e04b-d563-418b-b312-0fe69b4bec29.sorted_genome_alignments.bam,189935912,185786823,4149089,0.021844679
UNCID_1503207.9caa5981-108c-4f92-b717-fc8c7f6d87dd.sorted_genome_alignments.bam,219651302,210893366,8757936,0.039871997
UNCID_1503387.54cd0c71-61e8-47b1-a03b-9badeac15ca2.sorted_genome_alignments.bam,191871815,187715374,4156441,0.021662593
UNCID_1503506.9407d66f-71b8-4f16-9016-51baeaa647cb.sorted_genome_alignments.bam,125337742,122395774,2941968,0.023472323
UNCID_1503540.6918dfd9-7ad6-4b45-b23c-85799f42410a.sorted_genome_alignments.bam,142044075,138256598,3787477,0.026664097
UNCID_1503572.30dc1f2d-9d27-4c6d-830a-0947bcf79cd0.sorted_genome_alignments.bam,130063537,126780186,3283351,0.025244208
UNCID_1503593.36d4159e-b705-4672-8508-629d26b44cf4.sorted_genome_alignments.bam,136265898,133300656,2965242,0.021760705
UNCID_1503686.010d78d6-f2fa-4112-8ebc-c41082e6ddcc.sorted_genome_alignments.bam,134881524,132205310,2676214,0.01984122
UNCID_1503853.9680a78d-59ab-4cf0-bd92-e6ecbc640e04.sorted_genome_alignments.bam,202041598,190757737,11283861,0.055849197
UNCID_1503988.dbc03741-c457-4c8e-8498-bf8b90dec012.sorted_genome_alignments.bam,145549751,142918704,2631047,0.018076616
UNCID_1504007.dea6072e-021d-4984-87ba-2c624e07fa18.sorted_genome_alignments.bam,204409265,197534263,6875002,0.033633515
UNCID_1504452.b93762e1-ee51-4768-8343-f49e241fd397.sorted_genome_alignments.bam,186679492,180545925,6133567,0.032856137
UNCID_1504756.cb6a66a2-b102-4dee-a070-a3ed87b791ac.sorted_genome_alignments.bam,161546408,158106766,3439642,0.021291975
UNCID_1505001.779acc52-4279-4249-b993-88ed032ccefa.sorted_genome_alignments.bam,253506623,227500789,26005834,0.102584436
UNCID_1505010.1547d054-019e-4387-94f3-da1f01dff4ba.sorted_genome_alignments.bam,209138693,190705713,18432980,0.088137588
UNCID_1505119.f66bb574-487a-426d-9b17-799718300e1e.sorted_genome_alignments.bam,220377358,212424024,7953334,0.036089615
UNCID_1505272.60b90158-db95-4021-9294-d2e92126d713.sorted_genome_alignments.bam,147855568,145063477,2792091,0.018883908
UNCID_1505426.c9f2fb5b-bfd0-40d9-857a-ebcfce61ac93.sorted_genome_alignments.bam,158645262,155417604,3227658,0.020345127
UNCID_1505452.85034d8f-c10c-4db2-ade2-f26ea7cf2d95.sorted_genome_alignments.bam,133211815,129847500,3364315,0.02525538
UNCID_1505708.36cad8f0-3f42-4299-bcdc-5c4b6f6379e4.sorted_genome_alignments.bam,151043991,148111951,2932040,0.019411828
UNCID_1505770.c2d5b92d-ab43-4678-9686-b92ff77ceed7.sorted_genome_alignments.bam,175257788,171643158,3614630,0.020624647
UNCID_1506930.9214caa3-2ad2-41ff-ab77-cf22c4ccce97.sorted_genome_alignments.bam,258612856,247796906,10815950,0.04182294
UNCID_1508016.e1adae95-dfa9-4279-8fc1-2f899f432360.sorted_genome_alignments.bam,218009794,202613596,15396198,0.070621589
UNCID_1508943.35db896d-9e7c-47df-933f-4eb547913394.sorted_genome_alignments.bam,128993283,125891718,3101565,0.024044392
UNCID_1509042.da02270f-1191-446e-af1d-eabc4e1c3556.sorted_genome_alignments.bam,133550165,130654602,2895563,0.021681463
UNCID_1509052.6f0cf450-76f1-489d-9890-5093816c0680.sorted_genome_alignments.bam,119021019,116626759,2394260,0.020116279
UNCID_1509151.927d20e2-da09-42ca-a70c-2b203a8297a6.sorted_genome_alignments.bam,142251634,138930219,3321415,0.023348871
UNCID_1509215.8f248b27-4433-493d-87d7-e9e174317470.sorted_genome_alignments.bam,147879333,143637457,4241876,0.028684711
UNCID_1509346.8a63eeeb-2e0d-466f-a446-ac6649cba90c.sorted_genome_alignments.bam,148072166,144818995,3253171,0.021970172
UNCID_1509392.1ee60bda-48df-4288-90cb-480fbfbc5d50.sorted_genome_alignments.bam,166258240,162670976,3587264,0.021576458
UNCID_1509405.58c05288-0bc7-4e19-8055-5284c2714c21.sorted_genome_alignments.bam,157752308,154445179,3307129,0.020964061
UNCID_1509440.129df624-1d84-49b8-ab0e-0001cc150607.sorted_genome_alignments.bam,161592271,157207720,4384551,0.02713342
UNCID_1509453.951adcbd-7d7a-466c-bbac-7c7afb8b9df6.sorted_genome_alignments.bam,143220704,140117100,3103604,0.021670079
UNCID_1509521.a51a4c9e-c160-4a29-8b72-3c1ff60b0107.sorted_genome_alignments.bam,163897772,160302463,3595309,0.02193629
UNCID_1509575.f107ba9e-f52a-4a6b-b659-8dabf17c9120.sorted_genome_alignments.bam,153641871,150336734,3305137,0.021511955
UNCID_1509579.015b3ae9-dee4-495a-9c4d-78ee51082715.sorted_genome_alignments.bam,173897304,170043474,3853830,0.022161528
UNCID_1509622.625da09e-ed21-4b10-95f2-c889171194d1.sorted_genome_alignments.bam,187020165,181568999,5451166,0.029147477
UNCID_1510321.a990f055-6b58-49c2-8424-4a3f3f5f91f9.sorted_genome_alignments.bam,135147353,132483165,2664188,0.019713209
UNCID_1517092.d129070f-42f0-4831-bc92-2c892c25867f.sorted_genome_alignments.bam,147531683,144330951,3200732,0.021695218
UNCID_1525685.b2b301e9-2e77-4f62-838d-dba96fab164d.sorted_genome_alignments.bam,161078918,157688514,3390404,0.021048093
UNCID_1526412.76eefb18-8fd2-49e2-9692-fbb3e5d0eff7.sorted_genome_alignments.bam,194268436,190775602,3492834,0.017979421
UNCID_1526458.85b4c113-4bf1-4340-a363-37822173e07c.sorted_genome_alignments.bam,200536390,195994629,4541761,0.022648064
UNCID_1526465.36c026d9-a1a2-4a84-8ee9-eeb708293793.sorted_genome_alignments.bam,205690237,201659432,4030805,0.019596482
UNCID_1526617.36c2684d-5952-4705-abda-655df65b246c.sorted_genome_alignments.bam,212697322,209431257,3266065,0.015355459
UNCID_1526707.ffbf22e0-3863-4e8d-95a4-99e1c05690b7.sorted_genome_alignments.bam,182997857,179581001,3416856,0.018671563
UNCID_1529542.4979a47e-0078-40c7-abad-849dfd54263c.sorted_genome_alignments.bam,138353213,135435158,2918055,0.021091342
UNCID_1529593.d90e0cc1-db21-49e6-87f4-a3328ffc1396.sorted_genome_alignments.bam,147501546,144215799,3285747,0.022276017
UNCID_1529716.094a8a62-d69a-4054-a9d8-120cf7920c39.sorted_genome_alignments.bam,144568573,140937778,3630795,0.025114691
UNCID_1529876.32798ff7-089c-46dc-afc3-1c3f3995ecf9.sorted_genome_alignments.bam,140666822,137300693,3366129,0.023929801
UNCID_1529921.c7ab83e0-85c1-4224-8f47-746221f66d1e.sorted_genome_alignments.bam,148653422,144903700,3749722,0.025224593
UNCID_1530111.cefe4277-778b-42b3-8e05-5df8327f50be.sorted_genome_alignments.bam,143069001,139443632,3625369,0.025340004
UNCID_1530668.575740a1-6467-4f58-b462-6fd1a4f63c51.sorted_genome_alignments.bam,189712357,185902550,3809807,0.020082018
UNCID_1530700.faadb03e-20bc-4308-a86b-2bdb6aad8a23.sorted_genome_alignments.bam,114756257,96883713,17872544,0.155743525
UNCID_1530790.e0888e7a-a0d3-4016-8ed2-8818c332aeea.sorted_genome_alignments.bam,169858031,162005831,7852200,0.046228017
UNCID_1530903.add784d0-7733-448c-a8b9-53442128d8ac.sorted_genome_alignments.bam,176567387,172638251,3929136,0.022252898
UNCID_1530992.ff4d089b-8f65-46f1-b3bc-dab1271725fb.sorted_genome_alignments.bam,129507342,46431628,83075714,0.641474937
UNCID_1531206.f4d31bec-0bf5-4f59-ae0e-37170f1b692e.sorted_genome_alignments.bam,147423962,126195438,21228524,0.143996428
UNCID_1531298.fbf2f1c0-fb91-4548-8653-68021e6541f9.sorted_genome_alignments.bam,141144238,125515547,15628691,0.110728509
UNCID_1531305.4a54f172-9435-4e46-8396-405634425db2.sorted_genome_alignments.bam,184742438,180764635,3977803,0.021531615
UNCID_1531330.febcf9af-1a79-4234-a095-4efa3c3aa2bc.sorted_genome_alignments.bam,155621385,129524154,26097231,0.167696946
UNCID_1531356.b081b1a5-2ab9-401b-a892-83e1d51ade54.sorted_genome_alignments.bam,190775708,186328701,4447007,0.023310132
UNCID_1531394.b353ec8f-70d1-40a6-bf94-12662bd11146.sorted_genome_alignments.bam,199623614,194724438,4899176,0.024542066
UNCID_1531432.b805e5e4-4d99-46c8-b308-11cac572ac42.sorted_genome_alignments.bam,173707628,169244452,4463176,0.02569361
UNCID_1531467.f46e05f2-56b9-4a31-b0ec-882414a7aaf6.sorted_genome_alignments.bam,143525504,97866948,45658556,0.318121551
UNCID_1531489.f5fffae0-0fbe-40f8-93d7-525407048620.sorted_genome_alignments.bam,140553245,119090853,21462392,0.15269937
UNCID_1531643.59a3d245-6921-4799-9eb7-1bff6021680f.sorted_genome_alignments.bam,202855554,196134277,6721277,0.033133315
UNCID_1531666.f4398f60-1a5f-426f-8d4c-ab52d815bb98.sorted_genome_alignments.bam,116815531,89892069,26923462,0.230478446
UNCID_1531711.2cb1479d-b88e-42a6-a576-e519c98689ca.sorted_genome_alignments.bam,199832695,195300496,4532199,0.022679967
UNCID_1531847.fca6dae9-687d-418d-bf8b-61bbf6927f61.sorted_genome_alignments.bam,180002533,176104433,3898100,0.021655806
UNCID_1531990.f2d1056f-1329-44e4-8269-0e7dde93d64a.sorted_genome_alignments.bam,131184490,52888428,78296062,0.596839321
UNCID_1532241.f2ab5972-46e6-4d13-bf8e-dffc1dc8a9e9.sorted_genome_alignments.bam,129594239,109756987,19837252,0.15307202
UNCID_1532297.ee783da8-98c4-4107-8e9b-af8580ac2f24.sorted_genome_alignments.bam,121842212,74644277,47197935,0.387369322
UNCID_1532559.f2a757d2-2574-4840-88ea-5ffd09d0103c.sorted_genome_alignments.bam,154107303,134835833,19271470,0.125052283
UNCID_1532564.f026a95f-89a7-464f-a8f2-ea036fe1774f.sorted_genome_alignments.bam,126216201,109775325,16440876,0.130259633
UNCID_1532885.ec85fbac-e181-4559-b601-d2efe44e37a8.sorted_genome_alignments.bam,124034588,104591788,19442800,0.15675305
UNCID_1532996.ebe88950-c783-4487-9bfc-ccaaeacf256c.sorted_genome_alignments.bam,130632787,111125899,19506888,0.149326126
UNCID_1533165.ebadf417-08e8-4e89-bc8b-f7a74b0fc781.sorted_genome_alignments.bam,131658859,109355424,22303435,0.169403223
UNCID_1533193.eb455c55-74ac-4303-b149-475ffe21e3c6.sorted_genome_alignments.bam,124424726,109577799,14846927,0.119324571
UNCID_1533398.ecd3ecba-4d25-4995-91df-e076f0cbe2bc.sorted_genome_alignments.bam,169032493,141149001,27883492,0.164959361
UNCID_1533931.ea85c76f-5334-495d-9615-d3f503c0d088.sorted_genome_alignments.bam,147397765,129256330,18141435,0.123078087
UNCID_1533993.e99614f9-51d8-4096-83af-8effd5266881.sorted_genome_alignments.bam,140335246,122222404,18112842,0.129068374
UNCID_1534072.eab1e09d-1ca3-484d-95d8-9fd5fa857f3d.sorted_genome_alignments.bam,167102784,139971834,27130950,0.16236085
UNCID_1534127.db5b5af5-c221-4268-a978-e12c550989e7.sorted_genome_alignments.bam,115635609,26123424,89512185,0.774088413
UNCID_1534190.e623cbaa-d406-4c82-b9e8-21acfc9e630a.sorted_genome_alignments.bam,121839744,104019190,17820554,0.146262241
UNCID_1534365.e64a2789-9b0e-41ca-9447-b17d8968f4cd.sorted_genome_alignments.bam,129933166,108585956,21347210,0.164293772
UNCID_1534504.d722657b-e5b6-4476-94e9-1135ce8aecad.sorted_genome_alignments.bam,118767087,103939181,14827906,0.124848612
UNCID_1534597.e50235f8-f8cf-44c8-9d5e-ca5bbbb6291a.sorted_genome_alignments.bam,143519294,119408270,24111024,0.167998485
UNCID_1534648.da360144-ffaf-4f38-bd87-96319fa8d2d4.sorted_genome_alignments.bam,144558381,97843916,46714465,0.323152934
UNCID_1534687.e48c8261-5e7b-4cbe-95ed-8a7d1c356d70.sorted_genome_alignments.bam,142083206,117369367,24713839,0.173939199
UNCID_1534748.d8164b02-4b3c-454d-945b-2838edb1b5b1.sorted_genome_alignments.bam,122429863,96058842,26371021,0.215396966
UNCID_1534815.df36c4af-258e-4cfb-9550-d3580d097547.sorted_genome_alignments.bam,156638417,140742047,15896370,0.101484491
UNCID_1534843.e454530c-3b94-444c-bd1a-682b6048aa94.sorted_genome_alignments.bam,168745019,115526527,53218492,0.315378151
UNCID_1534917.d52e7499-1325-4506-ae20-bd683d37318e.sorted_genome_alignments.bam,133394361,117492627,15901734,0.119208442
UNCID_1534965.5f4f5adc-cebd-473a-94c7-b93426be2b95.sorted_genome_alignments.bam,184332101,180371417,3960684,0.021486675
UNCID_1535157.79ff57d5-3224-4195-aa64-32ccd6d23e27.sorted_genome_alignments.bam,204032565,199983107,4049458,0.019847116
UNCID_1535219.c969c5c7-c72e-4e8f-9213-8ab2f192c845.sorted_genome_alignments.bam,183221236,179221582,3999654,0.021829642
UNCID_1535259.d5a281fd-c004-477f-af62-c55fe20f1dee.sorted_genome_alignments.bam,157988432,143646535,14341897,0.090778146
UNCID_1535264.d39f75a1-3216-4f0a-86d2-0055feced3dd.sorted_genome_alignments.bam,135119814,112766991,22352823,0.165429646
UNCID_1535278.b469eb7c-723f-4870-b4e4-ebfaae7a118b.sorted_genome_alignments.bam,82501331,65045646,17455685,0.211580647
UNCID_1535279.cf7e2358-7542-4381-90f4-782663ddc63a.sorted_genome_alignments.bam,130798326,110372756,20425570,0.156160791
UNCID_1535295.d577af6d-d9f1-435d-8429-73b5c5962238.sorted_genome_alignments.bam,122687912,87492100,35195812,0.286872695
UNCID_1535322.cea49633-24f0-48c4-b2d0-fed47d5364e6.sorted_genome_alignments.bam,128506980,88419485,40087495,0.311947997
UNCID_1535336.c3841b03-197a-4cd1-9331-02fde85bcb55.sorted_genome_alignments.bam,202967560,198784959,4182601,0.020607239
UNCID_1535445.d29e5a15-6ad2-41f9-b4e8-5c4b0f3fda9e.sorted_genome_alignments.bam,132581479,116506364,16075115,0.121247063
UNCID_1535467.d1431a36-5c68-4e6e-9aea-72afe374efd1.sorted_genome_alignments.bam,147814532,128509631,19304901,0.130602186
UNCID_1535534.5b2c7f9e-d8f2-44db-8981-5acefbfd38c8.sorted_genome_alignments.bam,173002568,169472758,3529810,0.020403223
UNCID_1535594.c893538c-d12c-4dd1-a3fd-cba6a847c14e.sorted_genome_alignments.bam,131570747,109854106,21716641,0.165056758
UNCID_1535674.ca803595-2792-4d7d-81f6-cce8d96d0119.sorted_genome_alignments.bam,133620559,112906156,20714403,0.155024071
UNCID_1535677.d694ad12-0ae4-4bee-9f7f-0c6adf5bf09d.sorted_genome_alignments.bam,123789616,110423178,13366438,0.107977054
UNCID_1535704.a461340b-d5cd-4600-9046-f3942bec1c19.sorted_genome_alignments.bam,187147633,183205890,3941743,0.021062211
UNCID_1535785.4af34323-4cc9-4b69-b0cf-558bb9d8ee1a.sorted_genome_alignments.bam,183778291,179732150,4046141,0.022016425
UNCID_1536053.fff1f232-8978-406d-a6fc-61df98382b86.sorted_genome_alignments.bam,199672155,195210716,4461439,0.022343822
UNCID_1536236.c0c714ac-aa74-4702-8c3b-704f6e549276.sorted_genome_alignments.bam,139669957,120302169,19367788,0.138668246
UNCID_1536320.104e14d3-f1d5-443f-88fd-6d67c98b1eff.sorted_genome_alignments.bam,180642181,176895666,3746515,0.020739979
UNCID_1536341.a77fc356-53b6-4932-a369-4bb7b89f8ed2.sorted_genome_alignments.bam,108671378,69447387,39223991,0.360941323
UNCID_1536428.ca6d5ed3-f6f7-4dde-be24-7652d7dfab16.sorted_genome_alignments.bam,155817901,131943472,23874429,0.153220066
UNCID_1536518.b1019532-963f-4c8e-ba55-b03dea8b5498.sorted_genome_alignments.bam,125624148,27584553,98039595,0.780419979
UNCID_1536608.acb1160e-036a-4108-a9ce-d5f954191593.sorted_genome_alignments.bam,131489360,96575031,34914329,0.26552969
UNCID_1536704.b337121c-9821-4644-820e-b8c477f6c38a.sorted_genome_alignments.bam,136906849,124606916,12299933,0.089841619
UNCID_1537315.addc558d-d718-4f50-a0dc-92f7c3341f61.sorted_genome_alignments.bam,137928781,90900545,47028236,0.340960282
UNCID_1537357.c6d836ec-710d-4559-ba66-2715f6a55d4c.sorted_genome_alignments.bam,142398483,82250675,60147808,0.422390792
UNCID_1537432.adafa15c-5834-427e-bc93-24d3c4f775a9.sorted_genome_alignments.bam,158950891,131927256,27023635,0.170012479
UNCID_1537760.a344de7b-5980-4612-9d58-1c8058a2bfd9.sorted_genome_alignments.bam,149788543,112727986,37060557,0.24741917
UNCID_1538299.a748d693-fae0-4fb6-ab1e-a347b4e9b7d2.sorted_genome_alignments.bam,140426587,122204947,18221640,0.129759189
UNCID_1538314.a7433808-7fb3-4909-92ae-2d74b32886b0.sorted_genome_alignments.bam,155794244,115959381,39834863,0.255688926
UNCID_1538383.a0dfc338-c576-4a9c-8db3-3bbbcd5dc960.sorted_genome_alignments.bam,143911109,125262659,18648450,0.129583116
UNCID_1538503.9f591278-eec9-422f-9b78-77f65fa84f18.sorted_genome_alignments.bam,136681424,93764893,42916531,0.313989493
UNCID_1538508.9b9ba1cf-67be-4d74-90c5-fd86f4a5317f.sorted_genome_alignments.bam,134332525,99232131,35100394,0.261294828
UNCID_1538583.95d8884d-0961-4070-be07-55dce4c7bc8f.sorted_genome_alignments.bam,118474310,92324691,26149619,0.220719741
UNCID_1538835.903d756b-42ba-49bd-9a53-085b3211d8a7.sorted_genome_alignments.bam,133767709,51275580,82492129,0.61668193
UNCID_1538843.9146c99d-fa73-433d-8460-f2587ce674bb.sorted_genome_alignments.bam,113231153,96544404,16686749,0.147368887
UNCID_1538884.95e1423d-5a12-49cf-841d-1521593a874f.sorted_genome_alignments.bam,152209661,127652961,24556700,0.1613347
UNCID_1538897.9afb2af1-ea34-41ad-8a5d-5f24df2aba0b.sorted_genome_alignments.bam,142098196,122924299,19173897,0.134934134
UNCID_1538938.92972663-4231-4e24-96d1-23857a445e03.sorted_genome_alignments.bam,120775148,100795050,19980098,0.165432196
UNCID_1538947.94985059-d992-4f1f-ae67-36cf287f443d.sorted_genome_alignments.bam,148940769,119018396,29922373,0.200901158
UNCID_1539012.8dd4d862-180f-479b-8d87-0eaae4fc9236.sorted_genome_alignments.bam,125227056,104037668,21189388,0.169207747
UNCID_1539013.98937e70-6d2c-4057-b5ef-e01d0006486f.sorted_genome_alignments.bam,148358187,125323852,23034335,0.155261637
UNCID_1539030.8fdc3c56-a96b-4cad-983a-12e6ef373069.sorted_genome_alignments.bam,133304414,105778595,27525819,0.206488429
UNCID_1539106.b147bdcd-f5b6-41be-bca4-3ef7efcb9ec6.sorted_genome_alignments.bam,250411953,192456469,57955484,0.231440565
UNCID_1539187.8880d24b-a72e-4472-8d14-19e58e0a61ae.sorted_genome_alignments.bam,120364922,101264924,19099998,0.158684089
UNCID_1539218.8401d72d-a286-4541-b566-c6212ef4c89c.sorted_genome_alignments.bam,125154018,110653005,14501013,0.115865341
UNCID_1539250.88958da0-8140-466c-8183-bf4995529b16.sorted_genome_alignments.bam,124278755,102235447,22043308,0.177369881
UNCID_1539262.777c1ad8-ae6d-4c17-ad59-8b26adb67a1b.sorted_genome_alignments.bam,118723652,68350980,50372672,0.424285062
UNCID_1539423.84d56a0b-6ee1-4fe7-9491-d8815af1d6f5.sorted_genome_alignments.bam,147872364,129669089,18203275,0.123101265
UNCID_1539434.8604df30-9170-41e2-8dfb-2feb813807ac.sorted_genome_alignments.bam,127673902,104217787,23456115,0.183718948
UNCID_1539522.82d0310c-7bd8-422e-97a7-7e73be8d8a30.sorted_genome_alignments.bam,143790827,71064036,72726791,0.505781854
UNCID_1539670.7a904020-5345-4d1f-8493-8dd07d45faa3.sorted_genome_alignments.bam,137934003,112960742,24973261,0.181052246
UNCID_1539780.6f9d76f0-ff61-4c58-ab2f-a7c84e9726e9.sorted_genome_alignments.bam,126466226,110374805,16091421,0.12723888
UNCID_1539823.76ad0a38-a2a2-4533-8baf-5f94c0c59a02.sorted_genome_alignments.bam,139327372,117682607,21644765,0.15535185
UNCID_1539842.6a85fda0-3e2d-4bd8-ba44-5ce821c39504.sorted_genome_alignments.bam,119460465,47921163,71539302,0.59885337
UNCID_1539930.68de1b36-afde-4fb9-bd5a-38037cd7df11.sorted_genome_alignments.bam,118983929,77238271,41745658,0.350851231
UNCID_1539938.748dc9ed-758b-43c9-af66-111f6ab3d6ce.sorted_genome_alignments.bam,133381687,112594065,20787622,0.155850645
UNCID_1539950.6f987110-3dbf-4f06-952a-e1aea4b81b44.sorted_genome_alignments.bam,120038688,98067753,21970935,0.183032115
UNCID_1540013.6f2fedb4-66e2-48fd-8744-cbd30075bb03.sorted_genome_alignments.bam,112315019,96757152,15557867,0.138519916
UNCID_1540032.75ed138d-252f-4179-b93f-4ae8eb2524ee.sorted_genome_alignments.bam,141488784,121077304,20411480,0.144262177
UNCID_1540256.7522ddf3-0d35-4085-9f94-1ca2e38aa804.sorted_genome_alignments.bam,144923590,119219099,25704491,0.177365817
UNCID_1540261.67b4bd07-77fd-4595-b2a0-5f3a3a43a221.sorted_genome_alignments.bam,117135327,103200856,13934471,0.118960448
UNCID_1540334.6b59b1e5-4593-49f9-add7-b41e719d7af6.sorted_genome_alignments.bam,133685662,115590367,18095295,0.135357036
UNCID_1540337.6870c515-1f0e-4481-82bf-7cde66292278.sorted_genome_alignments.bam,119178189,107329047,11849142,0.099423746
UNCID_1540340.69336246-eb91-424b-9cd2-8cbdcf7adfe7.sorted_genome_alignments.bam,134030478,75716848,58313630,0.435077386
UNCID_1540446.6ced4dca-5999-4063-90e9-6ba1851ab054.sorted_genome_alignments.bam,164100785,144998987,19101798,0.116402844
UNCID_1540546.6f54bcd2-99e9-4f9b-a9b8-6963b922f783.sorted_genome_alignments.bam,144914483,105288116,39626367,0.273446561
UNCID_1540577.66f6da01-b85b-4e29-8059-0bb6a32d709f.sorted_genome_alignments.bam,124950120,105001002,19949118,0.159656653
UNCID_1540654.67068dc6-6270-4e7b-a857-3008dadc2d59.sorted_genome_alignments.bam,132810232,113082304,19727928,0.14854223
UNCID_1540720.689fb14c-d3c5-414f-8c7a-8aa73ebbfc37.sorted_genome_alignments.bam,155349858,133643407,21706451,0.139726237
UNCID_1540734.6287ca85-ad7b-4656-9c6e-8c3c44833462.sorted_genome_alignments.bam,118083976,96360513,21723463,0.183966222
UNCID_1540985.6251a0df-d7ff-4a1b-9aa6-7d12ea04bd2c.sorted_genome_alignments.bam,121927574,95444509,26483065,0.217203247
UNCID_1540992.612ef912-5a28-4c11-8703-3376f51afef5.sorted_genome_alignments.bam,122649840,100374730,22275110,0.181615484
UNCID_1541013.61677ea1-64a7-46e3-8b99-784ee9af1ba5.sorted_genome_alignments.bam,128915598,115100932,13814666,0.107160547
UNCID_1541018.63f989ff-890b-4db8-973f-ab675912635f.sorted_genome_alignments.bam,138779339,109032246,29747093,0.214348139
UNCID_1541135.6245a56e-eec6-4e7b-b9ef-bf0d1a3dcf36.sorted_genome_alignments.bam,139789113,127212586,12576527,0.089967858
UNCID_1541136.5f19c351-94d4-4164-aa7e-4a0f44640cbb.sorted_genome_alignments.bam,121081563,98215502,22866061,0.188848413
UNCID_1541223.66b268a8-8652-4efc-8b2e-cf4ac6e00516.sorted_genome_alignments.bam,153501749,129451950,24049799,0.15667443
UNCID_1541326.5cb5c8ef-740d-4f9d-b081-107a3e4390f6.sorted_genome_alignments.bam,124411513,89784752,34626761,0.27832441
UNCID_1541362.5522993c-6439-483c-97a6-843026d5198b.sorted_genome_alignments.bam,104715368,63708028,41007340,0.391607658
UNCID_1541365.4bd8bbae-7370-43c7-89cb-0fe0028553dd.sorted_genome_alignments.bam,102784851,20016240,82768611,0.805260797
UNCID_1541398.570d3a26-6bcf-4442-aba9-95a01e84aa16.sorted_genome_alignments.bam,103322677,85909374,17413303,0.168533216
UNCID_1541573.4e8e7e01-95a7-4724-bbc5-91436d80d0f7.sorted_genome_alignments.bam,131093292,115078722,16014570,0.122161628
UNCID_1541661.5d40c2af-b2e9-407c-be1f-780a9071fbe7.sorted_genome_alignments.bam,160107624,126166912,33940712,0.211986857
UNCID_1541693.4d2bc147-bed8-4621-be86-f32559f0ed91.sorted_genome_alignments.bam,130378948,75521273,54857675,0.420755619
UNCID_1541739.4aa70762-1a0e-4b38-be77-a89db0955193.sorted_genome_alignments.bam,108029589,90190467,17839122,0.165131814
UNCID_1541769.616011aa-5aad-4078-85a6-e61f98d83363.sorted_genome_alignments.bam,162164074,141503577,20660497,0.127404896
UNCID_1541790.4df60632-cb31-4c0f-8929-d18129668469.sorted_genome_alignments.bam,149244089,126391579,22852510,0.153121709
UNCID_1541852.57e8e300-2cd1-4af1-a84c-02e1d3fc3555.sorted_genome_alignments.bam,135471315,119240994,16230321,0.119806329
UNCID_1541882.51fff807-cfea-4ff5-bd35-093b0c18f0fb.sorted_genome_alignments.bam,145556540,125449298,20107242,0.138140423
UNCID_1541896.497fcc98-1eeb-4696-88eb-22fc99627695.sorted_genome_alignments.bam,123029419,68893221,54136198,0.440026446
UNCID_1541915.60003a9d-4fed-4131-839d-13d72f6d9c28.sorted_genome_alignments.bam,160504318,112790321,47713997,0.297275473
UNCID_1541928.49516e85-eebe-491b-90eb-c76e4425f130.sorted_genome_alignments.bam,127427155,111742446,15684709,0.12308765
UNCID_1541958.56a705f4-fd28-44ff-8a3c-85bc4300c760.sorted_genome_alignments.bam,153028550,126849691,26178859,0.171071731
UNCID_1542049.39b5a7b5-e2ec-442d-94c4-ba938ee79b97.sorted_genome_alignments.bam,91977024,39251397,52725627,0.573247804
UNCID_1542135.497767ca-3148-46d2-b4fc-15530c678b0b.sorted_genome_alignments.bam,134964395,119255129,15709266,0.116395632
UNCID_1542258.559a1178-052c-4452-876c-ba2468a3160a.sorted_genome_alignments.bam,139877954,118434551,21443403,0.153300805
UNCID_1542367.48a2ae8d-a9c4-4d06-8619-ad49502b3721.sorted_genome_alignments.bam,128164630,89024518,39140112,0.305389342
UNCID_1542401.3a5d8c95-260e-471a-bdf8-2fa489a069d8.sorted_genome_alignments.bam,124920233,35643519,89276714,0.714669769
UNCID_1542472.48f886d5-bb04-4fd1-809c-4b85730c4208.sorted_genome_alignments.bam,133124565,112085377,21039188,0.158041365
UNCID_1542550.33daf82d-0b4d-474e-84d7-f21c47077c95.sorted_genome_alignments.bam,102583551,31470439,71113112,0.693221392
UNCID_1542610.48724ea4-25f1-463c-883a-69897e7d9a41.sorted_genome_alignments.bam,137496825,114588259,22908566,0.1666116
UNCID_1542735.3721666c-f46f-4b43-9f5d-b3cf85af176c.sorted_genome_alignments.bam,122969089,103963233,19005856,0.154557996
UNCID_1542772.47fbba7a-4914-4bcd-9fea-7ebb84fb4b47.sorted_genome_alignments.bam,137026640,116807607,20219033,0.14755549
UNCID_1542879.37218c7d-74ed-43db-9556-a09006645998.sorted_genome_alignments.bam,137039415,114725816,22313599,0.16282614
UNCID_1542970.39580733-5ff1-43a1-b9fd-53b6f6e879bd.sorted_genome_alignments.bam,149771446,123698120,26073326,0.174087429
UNCID_1543143.2e5a4130-bc62-4986-948b-b741b3fbdc7a.sorted_genome_alignments.bam,128821836,108718944,20102892,0.156051898
UNCID_1543152.31398055-e000-4ca1-a37d-aac2df5920b4.sorted_genome_alignments.bam,136896698,111626751,25269947,0.184591355
UNCID_1543178.2ee686c6-da57-4371-90a9-db02ab6cb278.sorted_genome_alignments.bam,139183349,124168854,15014495,0.107875655
UNCID_1543190.28239a0e-9990-49ef-a159-ba63fb078c77.sorted_genome_alignments.bam,95182431,82126304,13056127,0.137169506
UNCID_1543221.49280503-5136-4c10-8e42-061abbb6fa05.sorted_genome_alignments.bam,141457574,91463823,49993751,0.353418694
UNCID_1543376.2de8f5dd-decd-47f4-856a-bda678ee6ab8.sorted_genome_alignments.bam,132203886,117830472,14373414,0.10872157
UNCID_1543417.2d1481b0-3bdd-4b9e-b1e1-813d0c624c25.sorted_genome_alignments.bam,125196336,98277667,26918669,0.215011636
UNCID_1543424.35578669-fb40-49fa-b6b5-3bd0f239fa7e.sorted_genome_alignments.bam,146817412,129884405,16933007,0.115333779
UNCID_1543478.3053a2c5-4426-4d56-85b0-50567f1e81c9.sorted_genome_alignments.bam,149307753,126336925,22970828,0.153848863
UNCID_1543537.2cd6082b-d5e7-45a1-96f9-8ef4cccf8533.sorted_genome_alignments.bam,124148956,108448543,15700413,0.126464318
UNCID_1543598.23b23702-8e0f-4b4c-ad92-ce7ea44939e6.sorted_genome_alignments.bam,116019474,50666223,65353251,0.563295529
UNCID_1543634.2db5af77-d0af-4c3c-bd2a-779e0a7228e0.sorted_genome_alignments.bam,173906105,137342777,36563328,0.210247524
UNCID_1543723.25315562-5f8e-46d0-ab77-d1f6ce75270b.sorted_genome_alignments.bam,142470541,118180575,24289966,0.170491147
UNCID_1543741.2b467bcc-e33f-4209-92c0-dcff843027ea.sorted_genome_alignments.bam,148239516,104133515,44106001,0.297532009
UNCID_1543819.26200b50-c40c-4e09-89c4-083b873bcf25.sorted_genome_alignments.bam,138613121,119567634,19045487,0.137400319
UNCID_1543826.152afe8c-f67c-4d7c-93ac-e1b7edd56c54.sorted_genome_alignments.bam,118906176,105606024,13300152,0.111854173
UNCID_1543906.1dd740dc-2752-4511-ac12-45766c8e2737.sorted_genome_alignments.bam,138184360,112577910,25606450,0.185306427
UNCID_1543935.23c2c2d5-d035-4875-a109-aa0a4c34c20e.sorted_genome_alignments.bam,126308450,77186904,49121546,0.388901503
UNCID_1543992.271ec214-e83b-4fcb-85cf-f35f3c39f0aa.sorted_genome_alignments.bam,122577030,103573437,19003593,0.155033884
UNCID_1544002.10c78528-13e4-4ce1-b171-939c9e4492d8.sorted_genome_alignments.bam,123319615,107715898,15603717,0.126530698
UNCID_1544111.10bfa2d8-228f-43d8-ae15-1f58c25d1be3.sorted_genome_alignments.bam,119707372,98114768,21592604,0.180378231
UNCID_1544118.110100d2-bfb8-42d2-875f-9424a8bd2086.sorted_genome_alignments.bam,147430879,123741423,23689456,0.16068178
UNCID_1544138.17c98d8c-8bd4-4b16-a384-0497d730f497.sorted_genome_alignments.bam,152877586,132941293,19936293,0.130406906
UNCID_1544205.125927b5-24fd-4910-8b21-6fe37adb8a7c.sorted_genome_alignments.bam,131077992,97908312,33169680,0.253053007
UNCID_1544244.11a0e909-11e7-40f3-be04-5bd2143ee6ab.sorted_genome_alignments.bam,149119248,130248534,18870714,0.126547808
UNCID_1544312.102a0737-7d27-46b8-a433-4f1bb5300858.sorted_genome_alignments.bam,127406427,112608746,14797681,0.116145483
UNCID_1544313.0ffc2552-883a-4e8f-9f76-4f37dfce3278.sorted_genome_alignments.bam,134222051,109596331,24625720,0.183470002
UNCID_1544395.0cbec58e-f95e-4c60-a85d-210dc56bdf3c.sorted_genome_alignments.bam,134732213,110126936,24605277,0.182623565
UNCID_1544459.06fcbf45-4b5a-4c5a-976e-9b7bf57479dd.sorted_genome_alignments.bam,123595318,110337125,13258193,0.107270997
UNCID_1544531.07775763-1931-4f95-ad0a-094a228a3770.sorted_genome_alignments.bam,146047645,124333722,21713923,0.148676981
UNCID_1544661.065048d0-ecbf-4de2-b12a-55e52f8d1279.sorted_genome_alignments.bam,128615084,109341191,19273893,0.149857174
UNCID_1544732.04e97d81-96bb-40e7-9e8c-1efb19179a62.sorted_genome_alignments.bam,143248161,126285876,16962285,0.118411887
UNCID_1544755.01b7a29e-0d3a-4a18-8cb6-f8a329f9d6e6.sorted_genome_alignments.bam,140353815,125828457,14525358,0.103491009
UNCID_1544807.098b8eb6-2e55-4628-8eca-e1068e74d9e6.sorted_genome_alignments.bam,142881696,101856521,41025175,0.287126876
UNCID_1544862.051cda00-0007-4e35-9044-fd0c03c8ed4b.sorted_genome_alignments.bam,153430261,132528490,20901771,0.136229782
UNCID_1544895.05a2eea8-f366-4ae7-80f3-03324fb6e66e.sorted_genome_alignments.bam,150186356,125876062,24310294,0.161867527
UNCID_1544985.049eb561-95ee-4584-b9eb-0715c80e0a95.sorted_genome_alignments.bam,155180814,131560847,23619967,0.152209325
UNCID_1545020.03422479-a670-44ed-a9f7-33f4554ef6f6.sorted_genome_alignments.bam,154663078,129895955,24767123,0.160135976
UNCID_1552277.60273208-fd67-4180-a977-5095576c14e9.sorted_genome_alignments.bam,172853056,167000300,5852756,0.03385972
UNCID_1552289.a7519980-7225-4e6e-b0d3-cbbd7a61afda.sorted_genome_alignments.bam,188160341,182458549,5701792,0.030302836
UNCID_1552290.d6b7779f-a245-48ee-b9a8-2570c023a531.sorted_genome_alignments.bam,191103739,184848235,6255504,0.032733551
UNCID_1552316.ae0546ae-4f2e-4824-94d6-91fefd7fddbb.sorted_genome_alignments.bam,158444492,154188352,4256140,0.026862026
UNCID_1552448.29ac6f3b-2f4c-438e-96c2-5124a34b2a78.sorted_genome_alignments.bam,196965618,190628324,6337294,0.03217462
UNCID_1552458.7accb08d-acdb-46bc-bf7f-b9f678193115.sorted_genome_alignments.bam,190294097,184844065,5450032,0.028640048
UNCID_1552620.5966170d-1c88-4b55-ad39-2ace3c9230d3.sorted_genome_alignments.bam,175856410,171138171,4718239,0.026830066
UNCID_1558844.F787B8FD-80DA-4103-9102-18B08DF2BF58.sorted_genome_alignments.bam,149162139,144758004,4404135,0.029525824
UNCID_1558847.2A382958-2B06-4F44-8E21-E2A5BF2F5D15.sorted_genome_alignments.bam,150272593,147095426,3177167,0.021142691
UNCID_1558848.34d78c1c-7631-4546-89e1-60f4eb9bf12c.sorted_genome_alignments.bam,114356869,110741883,3614986,0.031611446
UNCID_1558849.45B849C2-A006-4B63-90FF-206182DFC5A3.sorted_genome_alignments.bam,160525154,155522680,5002474,0.031163178
UNCID_1558850.BC638135-8E42-44BF-924E-679EC5CE2F7C.sorted_genome_alignments.bam,174209277,170605157,3604120,0.02068845
UNCID_1559541.204579EC-D4C2-4A36-9231-F0C82F62DE12.sorted_genome_alignments.bam,203685714,198899736,4785978,0.023496876
UNCID_1559806.36669A48-FD56-4718-AA90-B9D39A65BB57.sorted_genome_alignments.bam,202164575,197615907,4548668,0.022499827
UNCID_1559807.23E64279-3952-49D7-BCFA-7F1EAD36304C.sorted_genome_alignments.bam,172110835,162389180,9721655,0.056484852
UNCID_1559814.5AA236CE-9A58-4439-81FA-0F882548407D.sorted_genome_alignments.bam,177787780,171921439,5866341,0.032996312
UNCID_1559817.853DE7E0-6FE3-40AF-B243-E1BECA83E6BD.sorted_genome_alignments.bam,172398896,166146527,6252369,0.036266874
UNCID_1559990.ED6DFCED-49E3-47C5-9EF3-86CB52CC8CF5.sorted_genome_alignments.bam,191352405,185953249,5399156,0.028215773
UNCID_1560024.d50f859d-4178-4c87-8116-80d0824db8db.sorted_genome_alignments.bam,138526717,133903351,4623366,0.033375266
UNCID_1560027.701AEFEB-87D3-4F35-96D1-57A23EAAD37A.sorted_genome_alignments.bam,123456838,84511637,38945201,0.315456006
UNCID_1560058.39BC85C4-E9AC-40E3-8932-7AA4AFB27B84.sorted_genome_alignments.bam,176698292,169600529,7097763,0.040168826
UNCID_1560061.207051F1-5725-4C9B-9AC8-E4DF261B4C94.sorted_genome_alignments.bam,156284829,152453688,3831141,0.024513838
UNCID_1560062.A2834ABA-B6C1-4E62-8682-D6FC9D093E49.sorted_genome_alignments.bam,171941757,165663105,6278652,0.036516156
UNCID_1560084.CD987AFF-9F7D-47BB-AD56-555D863855A5.sorted_genome_alignments.bam,204616526,197244613,7371913,0.036027945
UNCID_1560088.8900F950-C646-4CEC-9D10-F0C2D75FE7CA.sorted_genome_alignments.bam,173052502,164878281,8174221,0.047235497
UNCID_1560089.B3FCDE50-D71F-4288-BB9A-1F65088FC4D5.sorted_genome_alignments.bam,181798380,173771830,8026550,0.044150833
UNCID_1560103.69B918B2-61B4-42A1-9F60-D9743936CB81.sorted_genome_alignments.bam,196013507,188870766,7142741,0.036440045
UNCID_1560145.393DEC41-BD0A-40FD-836D-57F5090AC82A.sorted_genome_alignments.bam,192182760,186060126,6122634,0.031858394
UNCID_1560158.FB7854D1-EE9F-4CD4-B871-A124D26D712B.sorted_genome_alignments.bam,199531607,193502024,6029583,0.030218686
UNCID_1560175.BEDFA47C-8383-4AAF-A609-F96850B414A2.sorted_genome_alignments.bam,184408441,178628080,5780361,0.031345425
UNCID_1560211.D0B96C1F-FFAE-4503-9864-AADE8173B4E7.sorted_genome_alignments.bam,184806837,178283796,6523041,0.035296535
UNCID_1560220.96E0E370-4DB3-4DB4-8123-7026ECC1E320.sorted_genome_alignments.bam,196029480,163378269,32651211,0.166562759
UNCID_1560238.1F51AFCD-B6B1-490B-A8FF-F538094605F5.sorted_genome_alignments.bam,203618116,195689325,7928791,0.038939517
UNCID_1560276.A2642F34-BADA-4983-A1A9-93B62AE1CC8F.sorted_genome_alignments.bam,249052383,240406867,8645516,0.034713645
UNCID_1560924.8472944D-C0FA-4886-999A-5BEC7312C367.sorted_genome_alignments.bam,212456039,205464517,6991522,0.032908088
UNCID_1561788.BDF948A0-E974-40D0-B9CA-492E33943F40.sorted_genome_alignments.bam,176165654,171081110,5084544,0.028862289
UNCID_1565334.ba53832f-dfbc-4581-b7b1-cdc476174d72.sorted_genome_alignments.bam,143013030,139860527,3152503,0.022043467
UNCID_1565337.663ec986-6cdd-4b8c-8d16-5f2afb5caad0.sorted_genome_alignments.bam,144801311,141766639,3034672,0.02095749
UNCID_1565370.9CE6D6B5-0457-4127-99C8-0A5632B8BEE2.sorted_genome_alignments.bam,189882401,185306957,4575444,0.024096198
UNCID_1565410.fb8000a5-63e3-44ec-813d-e81482d53d07.sorted_genome_alignments.bam,171658938,168041188,3617750,0.021075221
UNCID_1565594.1a2ee9d7-2ef4-4247-9f29-cc1caaabaa5f.sorted_genome_alignments.bam,185870426,181417236,4453190,0.023958572
UNCID_1565614.09500c89-0578-415c-9df3-73ae02acbdab.sorted_genome_alignments.bam,162177338,158681545,3495793,0.021555373
UNCID_1565621.97d4524f-bd35-4dfe-9ef5-e1298713aaa4.sorted_genome_alignments.bam,174299955,170098174,4201781,0.02410661
UNCID_1565627.F88AF011-238B-465B-B83C-F4C4CE1FA296.sorted_genome_alignments.bam,195391447,190895713,4495734,0.023008858
UNCID_1565638.E40F49F2-C949-4260-AE96-5913AB2FB0A9.sorted_genome_alignments.bam,176690783,170631028,6059755,0.034295818
UNCID_1565673.74ce9dad-f088-4a82-9d16-3282124e9b4c.sorted_genome_alignments.bam,174391116,170006527,4384589,0.025142273
UNCID_1565705.D84C9CCD-897B-436D-8CBE-165CD8A0D42B.sorted_genome_alignments.bam,205946529,200177237,5769292,0.028013543
UNCID_1565706.D291F0D0-18A9-45C7-B545-9C260FCBF864.sorted_genome_alignments.bam,217402617,211086306,6316311,0.029053519
UNCID_1565726.5BB6BF4F-84AF-4B86-9292-E56153B2A401.sorted_genome_alignments.bam,199296476,194482249,4814227,0.024156107
UNCID_1565801.507e9f4a-c9b8-42f9-923c-d6061645e845.sorted_genome_alignments.bam,207085164,201249898,5835266,0.028178098
UNCID_1565802.C8125AAF-E8DE-4C26-AB88-2F22D8933D21.sorted_genome_alignments.bam,233824336,227212328,6612008,0.028277673
UNCID_1565913.39DDCDD4-520A-4039-9838-4C0456CC5223.sorted_genome_alignments.bam,241593338,235395713,6197625,0.025653129
UNCID_1566151.33849BB7-6A8F-49EF-8363-BF36C2F53941.sorted_genome_alignments.bam,191604761,185882027,5722734,0.029867389
UNCID_1566541.72721695-e7f3-48c8-82a1-84156e174cad.sorted_genome_alignments.bam,185231864,179294305,5937559,0.032054739
UNCID_1566591.bebddc30-e74e-426f-b5f8-ba739b8db54f.sorted_genome_alignments.bam,154005057,146652192,7352865,0.047744309
UNCID_1566791.75082199-c190-4838-8570-d172058bc98b.sorted_genome_alignments.bam,124415003,120278182,4136821,0.033250178
UNCID_1566960.ced731fa-332e-4c23-b3f9-2cea76a73029.sorted_genome_alignments.bam,181966099,175243695,6722404,0.036943167
UNCID_1566968.f6a8512b-7649-4ca0-aa55-5bf468e8931e.sorted_genome_alignments.bam,178111661,171348692,6762969,0.037970389
UNCID_1566992.cda7debf-70f9-4ea5-9018-35c560bd5ab0.sorted_genome_alignments.bam,163501910,158514422,4987488,0.030504157
UNCID_1567005.33ceeccf-d800-4e8b-928a-35765299cbaf.sorted_genome_alignments.bam,163362421,158540038,4822383,0.029519537
UNCID_1567034.52c20e74-8d7a-4e11-8981-8d2d32a33a32.sorted_genome_alignments.bam,167194955,162116202,5078753,0.030376234
UNCID_1567041.2c56dc64-28cf-4b56-ac9d-1d7b906fd56d.sorted_genome_alignments.bam,166463334,162096046,4367288,0.026235735
UNCID_1567138.a48f9376-bff1-4939-8d52-349e471b650f.sorted_genome_alignments.bam,223783090,215125115,8657975,0.038689139
UNCID_1567182.61e0c561-bf01-400c-843a-7c63e5a74b9f.sorted_genome_alignments.bam,198211075,189089298,9121777,0.046020521
UNCID_1567183.c57ba10b-0485-4566-be4b-def8197360a4.sorted_genome_alignments.bam,182327338,175948863,6378475,0.034983646
UNCID_1567266.b520d7b8-846f-4ba1-93eb-4891a0d99e72.sorted_genome_alignments.bam,164554620,158615633,5938987,0.036091281
UNCID_1567354.34f24020-97fd-4ead-a681-fb4d3957ea83.sorted_genome_alignments.bam,160035285,156267943,3767342,0.023540696
UNCID_1567399.82a92ead-9cb1-473e-9a21-a6be1ddfbaba.sorted_genome_alignments.bam,152854293,149687449,3166844,0.020718057
UNCID_1567413.cf6bfd15-1f21-48ab-975d-5e211c8b2fba.sorted_genome_alignments.bam,169846597,165984076,3862521,0.022741233
UNCID_1567414.9dae5e73-aec6-461b-94e7-785065eea36e.sorted_genome_alignments.bam,159640679,156386745,3253934,0.020382862
UNCID_1567425.a40ec658-73b1-48d5-b9d1-51931e76bff0.sorted_genome_alignments.bam,177563321,172450324,5112997,0.028795345
UNCID_1567626.940cfbb0-1808-41e0-8b13-4447b0d3c8cc.sorted_genome_alignments.bam,154979300,151459447,3519853,0.022711762
UNCID_1567656.11b3ce08-d237-4e4e-8656-a235d3964f8f.sorted_genome_alignments.bam,143235030,140267615,2967415,0.020717104
UNCID_1568164.960c1e43-d2be-41f0-9f3a-8234cddb84be.sorted_genome_alignments.bam,166043662,162212787,3830875,0.023071492
UNCID_1568171.94bf61a3-9b70-4429-b538-a32163d186cb.sorted_genome_alignments.bam,170393012,166719330,3673682,0.021560051
UNCID_1568192.fbf30d45-d36c-49f8-8f5b-7ebcd226f777.sorted_genome_alignments.bam,160997648,157494959,3502689,0.02175615
UNCID_1568303.ef7cd9b2-f363-40db-bdc1-a07c10e31fd2.sorted_genome_alignments.bam,179939708,174370739,5568969,0.030949083
UNCID_1568312.46359f28-97f8-42ee-9b7b-6652ac0f469a.sorted_genome_alignments.bam,166200696,162476952,3723744,0.022405105
UNCID_1568414.118ba2f8-3a61-41f3-9b4c-18a34181b1bb.sorted_genome_alignments.bam,203585562,198278704,5306858,0.026066966
UNCID_1568442.fe9eb79d-a750-4830-9db4-32ea4034cb39.sorted_genome_alignments.bam,176585551,172629776,3955775,0.022401465
UNCID_1568684.e752561a-f5e2-4390-93f1-a487447b6557.sorted_genome_alignments.bam,210666453,205260995,5405458,0.025658846
UNCID_1568721.c34a63cc-746b-4502-a1ff-d7bece07b679.sorted_genome_alignments.bam,202296126,196340328,5955798,0.029440989
UNCID_1568741.796ff6a5-e27c-4e86-8ac3-7aa29d3b6bd8.sorted_genome_alignments.bam,179904826,175391848,4512978,0.025085364
UNCID_1568826.20108871-61a3-4160-8a9d-c5e4481143a6.sorted_genome_alignments.bam,183336489,178103073,5233416,0.028545414
UNCID_1568827.25a13ca2-fb62-40aa-bec5-a8bf83a9360b.sorted_genome_alignments.bam,170400061,165863844,4536217,0.026620982
UNCID_1568904.748811da-49b0-4ff6-a718-0549921871be.sorted_genome_alignments.bam,192360344,186995801,5364543,0.027887988
UNCID_1568948.a5a2a97b-91dd-45a8-b76c-05d6d40cbe9f.sorted_genome_alignments.bam,213966202,208077917,5888285,0.027519697
UNCID_1568951.2ef476c6-ffb6-45b0-b92c-47808e9b4f10.sorted_genome_alignments.bam,232665250,226302565,6362685,0.02734695
UNCID_1568985.2c1bdff1-365e-42f2-8fc6-772e9e5fa274.sorted_genome_alignments.bam,177123295,172322192,4801103,0.027105994
UNCID_1569053.338cef4b-d790-4823-8dad-40bf78c29c68.sorted_genome_alignments.bam,173988879,169072376,4916503,0.02825757
UNCID_1569114.974f4223-c166-4ea2-a061-25e3f4b415e7.sorted_genome_alignments.bam,170593191,162099430,8493761,0.049789566
UNCID_1569158.5fd57857-2f5d-4cfd-a365-bf4d5369f926.sorted_genome_alignments.bam,219322060,212728341,6593719,0.030064094
UNCID_1569203.076c0fa3-ca40-4362-9ba4-5d31fc27af41.sorted_genome_alignments.bam,242579332,232655128,9924204,0.040911169
UNCID_1569555.ba0661be-f70f-4273-af82-911f189b2adb.sorted_genome_alignments.bam,157454111,153995626,3458485,0.021965035
UNCID_1569595.708e83be-4726-4eb6-a72c-ad855942551c.sorted_genome_alignments.bam,180192672,173006537,7186135,0.039880284
UNCID_1569618.8204b99d-4224-4bb9-b297-413956b203ee.sorted_genome_alignments.bam,166021207,160753635,5267572,0.031728308
UNCID_1571780.9b1118f0-743f-4186-b6cb-571ddb72bc74.sorted_genome_alignments.bam,241397156,231714987,9682169,0.040108878
UNCID_1572404.aca30642-6479-4cfb-bcac-b9b5e45c5686.sorted_genome_alignments.bam,171306675,162143043,9163632,0.053492557
UNCID_1572443.87e51ccb-9ded-43c6-bb1a-a8a85d2d9fa6.sorted_genome_alignments.bam,201406800,194085210,7321590,0.036352248
UNCID_1572446.772f9a82-9a03-4bf0-b7ce-877b15e3d017.sorted_genome_alignments.bam,157849986,151441865,6408121,0.040596272
UNCID_1572462.dbd2c9f3-4a21-4f9f-8346-62551d1c609b.sorted_genome_alignments.bam,176590579,172766857,3823722,0.021653035
UNCID_1572662.ea0be0ea-2959-435e-a1c6-c5a3b4c52f51.sorted_genome_alignments.bam,288184215,278389257,9794958,0.033988531
UNCID_1572775.b36262a1-0c6b-4112-b690-3e8d508f3415.sorted_genome_alignments.bam,144854409,136956076,7898333,0.05452601
UNCID_1572918.db7af625-8bd4-4490-8a1c-97cfda2221d1.sorted_genome_alignments.bam,146247712,136239314,10008398,0.068434561
UNCID_1573000.1a331a89-0666-49c2-8f5c-915568d8cb31.sorted_genome_alignments.bam,152200908,147298816,4902092,0.032208034
UNCID_1573055.f835bdde-2b5e-4013-a8d4-0074f66c9317.sorted_genome_alignments.bam,143438479,137939183,5499296,0.038339057
UNCID_1573056.a76a8a5d-b85e-4494-9cf6-d6be34d3fdb9.sorted_genome_alignments.bam,154916587,149296351,5620236,0.036279111
UNCID_1573104.f9e17a94-37a3-4bac-bbfe-0128fc3a644b.sorted_genome_alignments.bam,174793630,167451477,7342153,0.042004694
UNCID_1573142.106facc9-9e09-46e7-84db-1d0a541be7b8.sorted_genome_alignments.bam,161956900,153231942,8724958,0.053872098
UNCID_1573235.82c13c62-b9d6-46b6-8415-6d61b1dcc25a.sorted_genome_alignments.bam,181687301,174907064,6780237,0.037318167
UNCID_1573280.2acc6f62-4829-4c3d-a813-951ec8136ae7.sorted_genome_alignments.bam,235511026,227059140,8451886,0.035887432
UNCID_1573378.8fabb97c-5921-4156-98c0-86bdd642c612.sorted_genome_alignments.bam,261148152,250426537,10721615,0.04105568
UNCID_1573483.b497a736-d140-47f4-8429-f53a7c005334.sorted_genome_alignments.bam,183245284,179056809,4188475,0.022857205
UNCID_1573499.4ae49c4c-909f-48f0-8905-f27879c29426.sorted_genome_alignments.bam,215312404,210497457,4814947,0.022362609
UNCID_1573578.16ced370-3e97-40a5-9743-6bdd7bbc37d3.sorted_genome_alignments.bam,210543422,200911285,9632137,0.045748933
UNCID_1573600.355c3ccb-f1c3-4e73-a41a-7a3ece9a5f6b.sorted_genome_alignments.bam,171950227,167652917,4297310,0.024991592
UNCID_1573628.bf359688-8652-4266-b4fd-e2f8f2782a97.sorted_genome_alignments.bam,223250522,215094067,8156455,0.036534987
UNCID_1573682.6928f894-9d97-40c9-8284-3fd9456152de.sorted_genome_alignments.bam,187020404,182258808,4761596,0.025460302
UNCID_1573769.dd69f2af-4ec7-4fb5-bc82-cc93686e2790.sorted_genome_alignments.bam,229598452,223548074,6050378,0.026351998
UNCID_1573875.0C8A92AE-0B90-471A-9EF8-FA8E42F6204D.sorted_genome_alignments.bam,206758042,201627248,5130794,0.024815451
UNCID_1573876.ba2365d8-1217-4630-8181-b46bfeed3207.sorted_genome_alignments.bam,211700055,206587718,5112337,0.024148964
UNCID_1575798.C2BCC24E-DAE0-4577-9C62-C0DA60C5CC2C.sorted_genome_alignments.bam,208988064,203483320,5504744,0.026339992
UNCID_1577040.8dedea58-fb63-44cc-860c-56e66b52d11b.sorted_genome_alignments.bam,256755067,248140789,8614278,0.033550567
UNCID_1577719.7e67a342-4e90-47f9-9c95-03d32009e858.sorted_genome_alignments.bam,245234647,239743463,5491184,0.022391551
UNCID_1578323.c3d463e2-8625-403f-af7b-63029bcb6eab.sorted_genome_alignments.bam,129241160,117827667,11413493,0.088311595
UNCID_1578324.90E7F816-EAD8-413D-A5C4-3BB5B3C48461.sorted_genome_alignments.bam,193956647,188729489,5227158,0.026950136
UNCID_1578375.1C09D4DA-0DC2-4640-84D3-C3D82CB9E7B9.sorted_genome_alignments.bam,191448693,186963365,4485328,0.023428355
UNCID_1578399.389D9804-EA66-4E27-8808-295A9EB16697.sorted_genome_alignments.bam,192279866,187269764,5010102,0.026056301
UNCID_1578625.9b3c4b8e-0457-471d-8af5-4169795b9e12.sorted_genome_alignments.bam,111850609,98243798,13606811,0.121651649
UNCID_1578636.49daff5e-1e6b-4e22-85e6-d828dbd94fca.sorted_genome_alignments.bam,113158120,102984692,10173428,0.089904534
UNCID_1579525.710f0852-1fd8-43e3-86b5-444d7716cb93.sorted_genome_alignments.bam,22702399,18275073,4427326,0.195015778
UNCID_1579761.614a010b-44f7-41ce-81a2-1df497d251a9.sorted_genome_alignments.bam,28177796,23594564,4583232,0.162654027
UNCID_1580237.9fc223be-56b9-4fde-8981-806a82045236.sorted_genome_alignments.bam,24423738,19757414,4666324,0.191056914
UNCID_1580584.bd33fafa-9922-4efe-9e1d-c8d8f6b8e7cc.sorted_genome_alignments.bam,32888112,29818790,3069322,0.093326184
UNCID_1580669.65b07800-1ecf-4988-9a74-1cfaf3fe03ea.sorted_genome_alignments.bam,32337289,25500439,6836850,0.211423104
UNCID_1581162.bb512143-3a0c-4d43-a54b-0a7e607faad8.sorted_genome_alignments.bam,30719918,29462715,1257203,0.040924686
UNCID_1584207.b8b6f964-8742-4ef5-9d61-9f8df9a6fa37.sorted_genome_alignments.bam,26350763,23896378,2454385,0.093142844
UNCID_1585378.b2ee51d4-301a-47f2-9be0-de43df53cad6.sorted_genome_alignments.bam,29283857,24234705,5049152,0.172421003
UNCID_1586072.0ed69a79-334b-4d82-b2be-253dfcb24dd2.sorted_genome_alignments.bam,32554148,29684873,2869275,0.088138538
UNCID_1587190.2d950f6f-304f-4f54-9afc-b8fc3009ea92.sorted_genome_alignments.bam,35099184,31398446,3700738,0.105436582
UNCID_1587305.ba4c5bb6-117d-473e-8be9-4223e498b82a.sorted_genome_alignments.bam,39804625,35797263,4007362,0.100675788
UNCID_1587333.65313f08-b04d-4860-95a4-258670e5d185.sorted_genome_alignments.bam,38980032,37687074,1292958,0.033169752
UNCID_1587795.79017748-51ba-41b4-8beb-4fb4645c87f6.sorted_genome_alignments.bam,31904665,28927285,2977380,0.093321149
UNCID_1589643.bac65746-cf47-4ad3-ae4c-e4d3d967059c.sorted_genome_alignments.bam,12833102,12436090,397012,0.030936558
UNCID_1590280.d660ee4f-58f3-4fd9-997a-6a2d0eefa66f.sorted_genome_alignments.bam,32796341,30272408,2523933,0.076957762
UNCID_1592218.c4356a34-5215-4703-9671-d7ce0d83cf9d.sorted_genome_alignments.bam,31766962,24612506,7154456,0.225216878
UNCID_1592284.5d039b16-7523-4200-b403-c665da8ff35e.sorted_genome_alignments.bam,36344322,33806899,2537423,0.069816215
UNCID_1592292.cde3355b-7452-4c37-a39d-19caa96030d6.sorted_genome_alignments.bam,36391894,35037280,1354614,0.03722296
UNCID_1592531.470561f0-ed96-4076-ae5f-a943441509d0.sorted_genome_alignments.bam,39864709,28369996,11494713,0.288343081
UNCID_1592840.77b6d9b6-8413-4cd2-b0ff-c866aef4aaa7.sorted_genome_alignments.bam,30947284,26112919,4834365,0.156212901
UNCID_1592854.1b7c1662-b8ee-4e22-92f8-1e9eaff7b3ad.sorted_genome_alignments.bam,40386872,29580504,10806368,0.267571304
UNCID_1593387.82a1c742-2d97-4c7a-bf1d-ca0233c60b6c.sorted_genome_alignments.bam,17745769,15077474,2668295,0.15036232
UNCID_1593719.9a9659ea-3ac5-4bde-81eb-b57bf44c8d2c.sorted_genome_alignments.bam,28731358,26048528,2682830,0.093376373
UNCID_1594149.4caafd38-d9aa-41a8-af74-cd7e7eafc18a.sorted_genome_alignments.bam,15924323,13793079,2131244,0.133835768
UNCID_1595745.736ff36f-dfda-4b29-90e5-3ee1503ca93b.sorted_genome_alignments.bam,29842645,24946658,4895987,0.164060089
UNCID_1598325.8B4C42A9-7D09-4989-A0E2-43ABB6097137.sorted_genome_alignments.bam,104298721,101771919,2526802,0.024226587
UNCID_1598539.9D3DFA06-4C69-49A8-93C2-EE54AAB7B2D8.sorted_genome_alignments.bam,175642011,171535694,4106317,0.0233789
UNCID_1598549.B28D2B0F-9C6C-451C-A77B-5BEAA8C46FAD.sorted_genome_alignments.bam,126773635,123616205,3157430,0.024906046
UNCID_1599282.3499b1ce-1d6d-423d-8509-77e3f6818b0c.sorted_genome_alignments.bam,29704289,25072844,4631445,0.155918393
UNCID_1599307.1d71d88a-0007-40e9-85e5-1a4eeb0a74df.sorted_genome_alignments.bam,32762312,30208467,2553845,0.077950695
UNCID_1599514.af976606-3e8a-4f8e-85c4-5773a4c65756.sorted_genome_alignments.bam,34492885,30969652,3523233,0.102143761
UNCID_1599800.33b33a7a-b049-4cb5-b72d-c5bdb334fe2a.sorted_genome_alignments.bam,32467479,24068141,8399338,0.258700036
UNCID_1600091.32d0d293-ce07-487a-b914-062548072260.sorted_genome_alignments.bam,43306125,37935774,5370351,0.12400904
UNCID_1600852.a5790a9d-d7a3-4d26-8df9-0bbae194f638.sorted_genome_alignments.bam,26864767,23358680,3506087,0.130508744
UNCID_1601715.e5564429-a34d-457a-a1be-face4ad57adc.sorted_genome_alignments.bam,13418686,1854086,11564600,0.861828051
UNCID_1602106.e505cac9-a568-42db-bc67-d90af57e5265.sorted_genome_alignments.bam,31193731,26624864,4568867,0.146467475
UNCID_1603791.7bc83c49-3fd8-4048-adf4-b461fcffcc00.sorted_genome_alignments.bam,44560334,41336882,3223452,0.072339045
UNCID_1604357.654f3e2f-00c7-4db6-b092-e2d0d50845da.sorted_genome_alignments.bam,42809348,41058879,1750469,0.040889878
UNCID_1604665.8b72e6e7-cac5-4b7f-8f6a-7abef8b24e01.sorted_genome_alignments.bam,43901331,41928607,1972724,0.044935403
UNCID_1605059.ed74f54a-ccf8-48a9-a672-209613e7c326.sorted_genome_alignments.bam,154848052,150207120,4640932,0.029970878
UNCID_1605080.c3ad6e29-a29b-4090-85ac-2d349ae487ed.sorted_genome_alignments.bam,161646253,155974186,5672067,0.035089381
UNCID_1605117.16E9CF50-2B80-4501-B7C9-B44494842A14.sorted_genome_alignments.bam,157212952,153141578,4071374,0.025897192
UNCID_1605367.58623d8a-f51b-470a-bde3-f31e91f9bd80.sorted_genome_alignments.bam,42501718,39367713,3134005,0.073738313
UNCID_1605781.afceaea6-337b-4ac4-a7fb-773c98d95547.sorted_genome_alignments.bam,41632784,39237317,2395467,0.057537997
UNCID_1606102.b408b777-f98b-4660-b01b-89fa0c607c3b.sorted_genome_alignments.bam,50528711,47112716,3415995,0.06760503
UNCID_1606256.ca056af5-cdea-498c-adaf-9550e8fb4336.sorted_genome_alignments.bam,37186864,17881394,19305470,0.519147568
UNCID_1606343.b5ee1a9b-caca-4abf-9317-d6bf673b8e65.sorted_genome_alignments.bam,35000981,24230378,10770603,0.307722889
UNCID_1606420.a644742b-ae08-41e3-810e-800bf0eef8fe.sorted_genome_alignments.bam,39268212,31042852,8225360,0.20946612
UNCID_1607609.6b8a0d03-6a82-49ed-b3ee-66937dc06201.sorted_genome_alignments.bam,41943928,39227521,2716407,0.064762819
UNCID_1609472.2b483617-1fc6-4809-b15c-d48d687ca3b8.sorted_genome_alignments.bam,27893560,24617689,3275871,0.11744184
UNCID_1609673.0fd52e18-275a-4c3d-8c8d-9e27859a5482.sorted_genome_alignments.bam,29027495,24481133,4546362,0.156622609
UNCID_1610373.3d4e6413-b717-45c2-8531-118ed3a593a0.sorted_genome_alignments.bam,36422464,33516765,2905699,0.079777661
UNCID_1610495.6eb1ae77-4d92-4823-ad9e-2a15cae95db2.sorted_genome_alignments.bam,19604682,18556993,1047689,0.053440755
UNCID_1610642.3289fb8a-7268-4669-8d0c-471fc24a8607.sorted_genome_alignments.bam,47094470,42184207,4910263,0.10426411
UNCID_1610812.f9533750-9b2f-44a2-8b4e-941fe0c53acb.sorted_genome_alignments.bam,17354227,16055814,1298413,0.074818256
UNCID_1611021.2b64fee1-6e95-417d-b9b7-25bad9db4dc3.sorted_genome_alignments.bam,27319892,25392511,1927381,0.070548632
UNCID_1611112.833990d5-5a6c-4d68-b15b-f2cc2309c611.sorted_genome_alignments.bam,29463523,27857092,1606431,0.054522706
UNCID_1613435.21aa44a9-e23e-4ab9-aa35-6942b118b066.sorted_genome_alignments.bam,29733832,26228320,3505512,0.117896408
UNCID_1613654.59022898-5d0a-4109-90fa-9f8ad89b9758.sorted_genome_alignments.bam,32026562,27031845,4994717,0.155955453
UNCID_1614801.6eefe77a-d312-44fc-9b9e-7c3b439a7e23.sorted_genome_alignments.bam,43677181,40532098,3145083,0.072007463
UNCID_1614938.ab3e5a04-9d4c-4289-93ed-38dba3e619b2.sorted_genome_alignments.bam,48508860,44147501,4361359,0.089908503
UNCID_1614997.28e3b0f0-29e2-4726-8e28-c6f5a2275fff.sorted_genome_alignments.bam,50038075,42044308,7993767,0.159753688
UNCID_1615140.afac17a3-d4bc-4fbd-bc8e-0847dffe8dd2.sorted_genome_alignments.bam,23865619,13556809,10308810,0.431952341
UNCID_1616349.64b434c0-0692-4034-9561-698a4d34629d.sorted_genome_alignments.bam,40133051,33362464,6770587,0.168703521
UNCID_1617465.80b16496-74bd-4fe7-967c-31058b2c022b.sorted_genome_alignments.bam,42586465,37965357,4621108,0.10851119
UNCID_1618031.f7c0fda7-4950-4516-8379-ea506b8b4303.sorted_genome_alignments.bam,45546449,41685111,3861338,0.084778025
UNCID_1618129.c30ce88d-5dff-4503-b090-01b4b6aa0b80.sorted_genome_alignments.bam,34486636,24785787,9700849,0.281292991
UNCID_1618811.06745c8c-5e2b-4131-93a5-9023c32665ac.sorted_genome_alignments.bam,42811276,36498732,6312544,0.147450499
UNCID_1619377.f9814b3c-60f3-4d83-885e-1e1a88e520a9.sorted_genome_alignments.bam,42830452,37780594,5049858,0.117903449
UNCID_1619659.2b56219d-b0d0-4107-acdf-b2ad9c18f090.sorted_genome_alignments.bam,39881231,33860333,6020898,0.150970716
UNCID_1619828.7348f1f9-8bcf-41e2-bcb0-743823cac926.sorted_genome_alignments.bam,40020407,35868185,4152222,0.103752618
UNCID_1620065.35759844-0020-4b37-bd5a-ede870b7f0ab.sorted_genome_alignments.bam,42057354,37434509,4622845,0.109917638
UNCID_1620075.6c1a95ef-3b5a-49ac-aaeb-dcd8071bed23.sorted_genome_alignments.bam,41677312,36395629,5281683,0.126728015
UNCID_1620498.aefb693b-0af3-44fa-96b4-260964a33d45.sorted_genome_alignments.bam,34760073,32406293,2353780,0.067715048
UNCID_1621299.a4bf07a3-893a-462a-bd60-821fab35608d.sorted_genome_alignments.bam,30735072,22433019,8302053,0.270116595
UNCID_1621578.2ff064bb-9e08-497e-a83a-7360cf80f62d.sorted_genome_alignments.bam,28462007,25048017,3413990,0.119949025
UNCID_1622166.5f8c2272-4530-45b3-a6d7-00de9be46d71.sorted_genome_alignments.bam,38016202,29580884,8435318,0.221887447
UNCID_1622472.14d89fac-d1b8-41fb-b812-0ba78aa61d90.sorted_genome_alignments.bam,24486693,21321852,3164841,0.129247383
UNCID_1622938.c428bc7d-84de-46e7-97ad-5994999e183e.sorted_genome_alignments.bam,36580664,32751786,3828878,0.104669451
UNCID_1623358.08890bb3-7ad1-41c2-8774-b10bf86ee047.sorted_genome_alignments.bam,31532987,28958205,2574782,0.081653603
UNCID_1623663.fb355c45-282b-4eff-8d06-074d9acf1ea5.sorted_genome_alignments.bam,37700463,32919235,4781228,0.126821466
UNCID_1624708.2e11f69d-8c0d-484e-8f22-1ad97f26c78d.sorted_genome_alignments.bam,37664331,33387823,4276508,0.113542651
UNCID_1625921.7e8a4ecc-07b0-4765-a8da-5868523736f5.sorted_genome_alignments.bam,23530003,20170374,3359629,0.142780645
UNCID_1626312.860613bc-72b2-47bb-90ac-2b272e549860.sorted_genome_alignments.bam,38446091,33807706,4638385,0.120646466
UNCID_1626795.67a8a629-6001-48cb-99b1-588a69f49ecc.sorted_genome_alignments.bam,42627349,39111692,3515657,0.082474212
UNCID_1626796.5e981b2d-fef0-44c2-8228-8f5f7e9e3026.sorted_genome_alignments.bam,40375856,37320324,3055532,0.075677207
UNCID_1626875.1bce2d6c-cbe9-4191-b23c-a3bb815ec5e1.sorted_genome_alignments.bam,36944477,33619261,3325216,0.090005767
UNCID_1627101.46b06f7a-18ed-42a6-9cb9-75e6dc98b30e.sorted_genome_alignments.bam,45134335,41503698,3630637,0.080440689
UNCID_1629941.4f440484-1605-442b-b1e5-b3534277b9c2.sorted_genome_alignments.bam,35058214,33028227,2029987,0.05790332
UNCID_1630781.88e9cdc4-bcf1-49e9-8965-7dc6b3688585.sorted_genome_alignments.bam,38146226,35116913,3029313,0.079413177
UNCID_1630833.c4bc1759-7de2-427c-a936-431f343ea929.sorted_genome_alignments.bam,36621007,33701174,2919833,0.079731095
UNCID_1631817.168116db-99c5-4d7a-9e9f-3858e1824298.sorted_genome_alignments.bam,37506422,33963353,3543069,0.094465662
UNCID_1631891.2c5d86e0-2e3d-4259-97e9-023df54c8c56.sorted_genome_alignments.bam,34797199,29097843,5699356,0.163787781
UNCID_1631950.20f433c2-0909-4b42-9429-215774b19604.sorted_genome_alignments.bam,38127297,34897965,3229332,0.084698687
UNCID_1631951.3b8301c9-646f-43e7-9b8c-7690294d0356.sorted_genome_alignments.bam,39626452,32761892,6864560,0.173231759
UNCID_1632102.e76c4434-3eaf-4ab2-a994-6c27237d344d.sorted_genome_alignments.bam,38597961,32442528,6155433,0.1594756
UNCID_1632192.0ca45a1d-6cdc-48f5-8bde-633cfd15d687.sorted_genome_alignments.bam,38145861,35057097,3088764,0.080972455
UNCID_1632342.db91880d-1e53-4852-8a94-dd40e2b9aa6c.sorted_genome_alignments.bam,40140006,34765585,5374421,0.133891883
UNCID_1634800.40c2c93a-81a9-4baa-91b3-3c950042475a.sorted_genome_alignments.bam,19864470,18214133,1650337,0.083079841
UNCID_1634872.8edc23c4-43f8-4dd3-8c40-257297393492.sorted_genome_alignments.bam,17298617,16238456,1060161,0.061285882
UNCID_1635047.ba50902a-fcf9-4023-bdbc-3e7d61c7011b.sorted_genome_alignments.bam,43877333,40342970,3534363,0.080550999
UNCID_1635305.432f025e-4ece-432e-b573-01a8e6f9a1e5.sorted_genome_alignments.bam,42943998,39687914,3256084,0.075821632
UNCID_1635487.b280c179-336d-4638-9309-0f51426f8054.sorted_genome_alignments.bam,34875544,31563986,3311558,0.094953587
UNCID_1636381.65e557db-24de-47df-827c-d8336cb099eb.sorted_genome_alignments.bam,37492605,33911670,3580935,0.095510435
UNCID_1637146.514a9fc3-0b51-41f3-8c94-f6c8d8c0911e.sorted_genome_alignments.bam,34745821,31762294,2983527,0.085867218
UNCID_1637248.37d2da87-d591-440d-87d3-a34a038bef5b.sorted_genome_alignments.bam,34671778,31134429,3537349,0.102023871
UNCID_1637250.578f3ec4-17e0-4cf9-bfa8-56624d174374.sorted_genome_alignments.bam,36417110,33778321,2638789,0.072460143
UNCID_1642513.d41e3959-2f2c-4c5e-a79b-3869d0f60485.sorted_genome_alignments.bam,190198383,183037877,7160506,0.037647565
UNCID_1642580.6e7c5435-acde-4de9-a8bc-bb912a208756.sorted_genome_alignments.bam,225552714,218320445,7232269,0.032064651
UNCID_1642737.ce2a4f0a-e77f-446b-9412-432daaf5d351.sorted_genome_alignments.bam,150297783,146893000,3404783,0.022653581
UNCID_1642759.c0a8b929-166d-4227-a0e1-fe8ab8abac11.sorted_genome_alignments.bam,172430043,168822531,3607512,0.020921598
UNCID_1642773.3cd458e4-4e4a-4360-b667-5953c1425f75.sorted_genome_alignments.bam,174595935,170271461,4324474,0.024768469
UNCID_1642800.c891ca94-dfb0-4932-95ea-b2f1858b43b8.sorted_genome_alignments.bam,211342515,204620485,6722030,0.031806331
UNCID_1642869.8719f9af-0876-4ec6-a4dc-4178ad964349.sorted_genome_alignments.bam,241236082,230589640,10646442,0.044132876
UNCID_1642870.d7ab48ba-9204-4c95-a337-acf8c8683950.sorted_genome_alignments.bam,183725651,178224441,5501210,0.029942526
UNCID_1642923.20810196-c093-459a-ad14-c488376363b5.sorted_genome_alignments.bam,221076193,213925690,7150503,0.032344066
UNCID_1643025.6058cfd7-abc1-451e-a445-7c9833b512d7.sorted_genome_alignments.bam,225015803,217842274,7173529,0.031880112
UNCID_1646447.484a9564-c6dd-4e54-a319-4d826f308d0c.sorted_genome_alignments.bam,41610188,38161354,3448834,0.082884365
UNCID_1648398.a886bebc-9578-424a-910c-43ebff0d5696.sorted_genome_alignments.bam,104378081,100853501,3524580,0.033767434
UNCID_1648401.31a34ec1-460d-4768-a8aa-03c81c3226be.sorted_genome_alignments.bam,106563648,104140907,2422741,0.022735154
UNCID_1648408.42862121-daed-47fa-932d-3df4c9efa4cb.sorted_genome_alignments.bam,115351188,112647458,2703730,0.023439117
UNCID_1648474.62b17846-7d74-4a34-bbed-48c4c9e462f9.sorted_genome_alignments.bam,120124633,117541024,2583609,0.021507737
UNCID_1648496.a6f7a064-b3af-41aa-9e80-fc2f728b0d83.sorted_genome_alignments.bam,127304785,124342859,2961926,0.023266415
UNCID_1648499.654ea6d9-1a5b-442a-8627-5d6f4baa8460.sorted_genome_alignments.bam,140107267,136908926,3198341,0.022827802
UNCID_1648526.80dac2db-4e32-4854-ba10-2d9aa059bf45.sorted_genome_alignments.bam,129949150,126827579,3121571,0.024021481
UNCID_1648536.62ddc24c-ffff-4459-95e7-bc2cb08769c9.sorted_genome_alignments.bam,145476277,142204581,3271696,0.02248955
UNCID_1648550.550b677c-c33a-499c-95dc-68250384b6a8.sorted_genome_alignments.bam,113129771,106338339,6791432,0.060032226
UNCID_1648583.642ac0c8-44f2-452b-98d8-3ad56c82e3b1.sorted_genome_alignments.bam,151315035,147783330,3531705,0.02334008
UNCID_1648603.7f5d8015-9a38-4d1c-b63d-2d5a0b882259.sorted_genome_alignments.bam,160577615,156922524,3655091,0.022762145
UNCID_1648604.8d64e025-7822-4888-bd98-dd39ab8c73f1.sorted_genome_alignments.bam,160194079,156566242,3627837,0.022646511
UNCID_1648637.3042bdd7-5fc9-4428-afcc-ecd76f71d68d.sorted_genome_alignments.bam,163931786,160286688,3645098,0.022235456
UNCID_1648716.e47cae41-4eee-4164-a58c-4aeb83fed7fc.sorted_genome_alignments.bam,163965328,159974127,3991201,0.024341738
UNCID_1648816.EB3A7004-78FD-466A-A7C4-ACB85BF5CC37.sorted_genome_alignments.bam,75461894,71887808,3574086,0.047362792
UNCID_1648879.0046fef7-052b-4d4e-b264-b3bf2e2699b1.sorted_genome_alignments.bam,123642303,115403904,8238399,0.066630909
UNCID_1649060.5ff64ded-bdb0-4125-b1b9-8a3945e82810.sorted_genome_alignments.bam,143957996,136482168,7475828,0.05193062
UNCID_1649357.fa83a73a-1157-42a7-9ed6-7eb73f71724c.sorted_genome_alignments.bam,203747818,198676079,5071739,0.024892237
UNCID_1649367.2D965E21-BFD1-4513-A87C-83F7E570D07F.sorted_genome_alignments.bam,195722702,186948302,8774400,0.044830773
UNCID_1649490.42250872-9CAE-4D81-97EF-1A21EC1F977A.sorted_genome_alignments.bam,180228004,176120468,4107536,0.022790776
UNCID_1649588.1273978E-A5C1-478D-BED4-A0419884EDA1.sorted_genome_alignments.bam,183540726,170068791,13471935,0.073400249
UNCID_1649717.833baf21-bec9-4fde-aa6b-fb1b1256ae26.sorted_genome_alignments.bam,208876833,202725170,6151663,0.02945115
UNCID_1649734.44a2f3dd-bf3d-4b8f-9b34-d1eb228e5476.sorted_genome_alignments.bam,175529708,170314810,5214898,0.029709489
UNCID_1649852.ebe70126-032b-4f1e-9d89-1e0bd2f05907.sorted_genome_alignments.bam,198975456,188760664,10214792,0.051336945
UNCID_1649868.E5E28111-9541-4A74-A2EC-9B60637C76E8.sorted_genome_alignments.bam,186160792,177953951,8206841,0.044084691
UNCID_1649886.cf0a3802-710c-4ec7-9778-2d8150656ab7.sorted_genome_alignments.bam,207881929,201003658,6878271,0.033087393
UNCID_1649992.A57EBF88-F20E-4AE7-83C6-810EF72B99BA.sorted_genome_alignments.bam,174385184,160537093,13848091,0.079410938
UNCID_1650070.C4E3BE04-2A2C-4ABE-912E-C3D9602E29C4.sorted_genome_alignments.bam,188575884,178879425,9696459,0.051419401
UNCID_1650162.0FC423CF-3426-4577-BF9D-80400217B500.sorted_genome_alignments.bam,136679313,120222240,16457073,0.120406466
UNCID_1650607.3F73B2D7-1C70-4A7D-A742-E3F6E9B77CCC.sorted_genome_alignments.bam,171769813,163679677,8090136,0.047098706
UNCID_1650860.9EFC9346-8524-4935-AE3F-A953D7E58E3F.sorted_genome_alignments.bam,164699859,157728786,6971073,0.04232592
UNCID_1652320.32E30D37-EAAD-411B-A008-F8B69FFD1624.sorted_genome_alignments.bam,116236583,113238817,2997766,0.025790211
UNCID_1652431.ce5f6628-79c7-414b-8ad1-5714016c44ab.sorted_genome_alignments.bam,134321764,130997108,3324656,0.024751432
UNCID_1652457.728E9020-E0B9-4816-ADE5-C2C6554E276F.sorted_genome_alignments.bam,131548754,127264470,4284284,0.032568032
UNCID_1652471.2d0cb65e-cd71-431a-9eaa-9e0844446d63.sorted_genome_alignments.bam,133077331,129177575,3899756,0.029304435
UNCID_1652671.D717118D-EBF2-4C3A-9F42-63BA021612C8.sorted_genome_alignments.bam,160059474,155991377,4068097,0.025416159
UNCID_1652683.C8110C7F-903D-49EC-9E65-44DB1CBB5E7F.sorted_genome_alignments.bam,146440668,142937517,3503151,0.023921982
UNCID_1652723.1EFC2B34-1BB6-4A6E-993B-151D44F3B2ED.sorted_genome_alignments.bam,142361917,138629933,3731984,0.026214764
UNCID_1652726.26c57d9f-1ee1-4c64-9b42-e00aed49d22d.sorted_genome_alignments.bam,146665683,142556837,4108846,0.028015047
UNCID_1652767.83D04848-BB60-4F0B-8AB4-BAD21D237DED.sorted_genome_alignments.bam,180522105,170675880,9846225,0.054543043
UNCID_1652778.E3700170-29EA-4485-8B22-93EDBEEDB1F7.sorted_genome_alignments.bam,140101162,136729508,3371654,0.024065853
UNCID_1652851.D82A6D70-CA0E-42DA-94B6-70554643139A.sorted_genome_alignments.bam,164246153,160236707,4009446,0.024411202
UNCID_1652865.905404ec-68c8-45d8-a9ad-ec08cbe207f4.sorted_genome_alignments.bam,162639497,158558522,4080975,0.025092152
UNCID_1652909.476F4434-E85B-435D-9070-B5C0BF6ABBFF.sorted_genome_alignments.bam,192570208,184623301,7946907,0.041267583
UNCID_1652912.C5B06E27-6E58-4555-84D9-B14078219E18.sorted_genome_alignments.bam,190553880,172327656,18226224,0.095648664
UNCID_1652976.4C657A84-F794-4324-B1C7-D118AD2E90A8.sorted_genome_alignments.bam,214824398,189945039,24879359,0.115812539
UNCID_1652981.3f679347-cd3b-4711-aa6c-e5d87fa93052.sorted_genome_alignments.bam,169641370,155657974,13983396,0.082429162
UNCID_1653028.77A2CB06-217F-4F5D-A799-D0CFDC244DE1.sorted_genome_alignments.bam,154571525,150580662,3990863,0.025818876
UNCID_1653114.67C6149C-47B1-4A72-BE1C-9CFD6EB66227.sorted_genome_alignments.bam,147820947,142841613,4979334,0.033684901
UNCID_1653126.F44C7F83-8AFA-419A-9C7A-2F5D1CD7A24D.sorted_genome_alignments.bam,214587173,199342062,15245111,0.071043906
UNCID_1653137.62EAA394-4B8C-4719-B483-C450D223597B.sorted_genome_alignments.bam,145595508,141358797,4236711,0.029099188
UNCID_1653306.D8C91DE0-3257-4C49-8EAE-DFC381A81481.sorted_genome_alignments.bam,161842264,155171841,6670423,0.041215581
UNCID_1653313.c67538d7-7e64-4325-878e-53fd324a11f9.sorted_genome_alignments.bam,173144934,168650083,4494851,0.025960049
UNCID_1653381.E4BFDD2A-A9F4-4A3A-82A9-C6AD1002F256.sorted_genome_alignments.bam,118770803,103875883,14894920,0.125408936
UNCID_1653384.30E48AD0-AF7E-4030-95B2-1C3FD3D96D52.sorted_genome_alignments.bam,204584924,192021958,12562966,0.061407096
UNCID_1653445.7EF03172-68BE-438A-85CD-B9DB97FFD5B9.sorted_genome_alignments.bam,156718137,151127772,5590365,0.035671462
UNCID_1653496.521D8EE8-5906-42E6-8455-2362B884662F.sorted_genome_alignments.bam,194668204,189988167,4680037,0.024041096
UNCID_1653564.19186235-EB28-449F-9B58-9594F7BD8456.sorted_genome_alignments.bam,144764325,140478987,4285338,0.029602169
UNCID_1653734.D38A7386-1ACE-4EDD-A42C-D3D93C8ACE02.sorted_genome_alignments.bam,235056067,225908846,9147221,0.03891506
UNCID_1653821.8F45A24A-220D-4F37-99C3-D5F584CF3B64.sorted_genome_alignments.bam,174037567,163345991,10691576,0.061432576
UNCID_1653891.7E2BFC91-ACAB-4170-81E1-A8E37D09A112.sorted_genome_alignments.bam,162946953,157063961,5882992,0.036103725
UNCID_1653956.a4de3863-03d5-44b0-b711-87aadcb29008.sorted_genome_alignments.bam,229203421,221446458,7756963,0.033843138
UNCID_1653957.49A08D66-91CC-4DB0-BEED-DB9C9E4D9BD0.sorted_genome_alignments.bam,187283252,179794537,7488715,0.039986037
UNCID_1653958.D57A412E-F560-4F06-92D8-06E6F66EBB2A.sorted_genome_alignments.bam,183706108,177316569,6389539,0.03478131
UNCID_1654095.965FECE0-A9D5-4165-9904-82F46AB8DA01.sorted_genome_alignments.bam,179789153,175219065,4570088,0.025419153
UNCID_1654123.B6F2E7D7-CC9C-409B-B4EB-4659C81C721C.sorted_genome_alignments.bam,167418931,162249623,5169308,0.030876484
UNCID_1654161.4B93192A-1C4E-4B25-B732-36F5484F44C3.sorted_genome_alignments.bam,205003035,197931105,7071930,0.034496709
UNCID_1654232.60A442F5-072E-40D2-9945-380FA5375B2E.sorted_genome_alignments.bam,192275981,183145174,9130807,0.047488027
UNCID_1654373.F60D7FBE-225A-48F6-879D-7F342DCF3057.sorted_genome_alignments.bam,160230929,152506536,7724393,0.048207878
UNCID_1654399.B174413D-E07A-4A7A-8CFE-43833A4890D9.sorted_genome_alignments.bam,169603123,157104195,12498928,0.073695152
UNCID_1654481.E3806569-B487-4F9F-AE56-837EC20246B9.sorted_genome_alignments.bam,211084084,205537942,5546142,0.026274563
UNCID_1654528.5F1F0D7C-FC9B-43A3-9709-6682EAC9EC08.sorted_genome_alignments.bam,199925916,194459701,5466215,0.027341203
UNCID_1654613.A4153890-D27B-4F55-A5E5-5204B7F59392.sorted_genome_alignments.bam,195745501,190649272,5096229,0.026034974
UNCID_1654634.631E7034-363E-4334-B448-217FB137009E.sorted_genome_alignments.bam,190226258,181397517,8828741,0.046411789
UNCID_1654729.29D6F5E8-46CB-4EFC-B230-F213F4B25A8C.sorted_genome_alignments.bam,204359349,198932263,5427086,0.026556583
UNCID_1654797.63136B4D-1B36-4C2A-9A63-2EEAEB830CED.sorted_genome_alignments.bam,224843579,217297386,7546193,0.033561968
UNCID_1654821.108BCE52-0187-4F9F-9DCD-921450B2E9C3.sorted_genome_alignments.bam,181883343,175828355,6054988,0.033290503
UNCID_1654855.9B3CC625-CE0D-4C2D-A240-6F8664AF5485.sorted_genome_alignments.bam,190394606,183987375,6407231,0.033652377
UNCID_1655037.4727BB20-6CDA-414E-A0D0-0DB7EEB583DC.sorted_genome_alignments.bam,191283381,184845978,6437403,0.03365375
UNCID_1655237.8285C4A6-98CC-4277-BBB9-45D38BD3951C.sorted_genome_alignments.bam,197349668,192249469,5100199,0.025843464
UNCID_1655253.6C9706BF-5C90-4436-A2D9-E8A6E08A2AFB.sorted_genome_alignments.bam,172217483,166852596,5364887,0.031151814
UNCID_1655350.3aab069c-f3e6-4a95-89eb-bf896b36c4b3.sorted_genome_alignments.bam,254235946,244524044,9711902,0.03820035
UNCID_1655699.75EF1CC4-96BC-4721-A271-FD699A3F8E04.sorted_genome_alignments.bam,146919322,141594305,5325017,0.036244498
UNCID_1655758.3781742A-0468-41DB-9D54-112FFB35AD92.sorted_genome_alignments.bam,254714966,245640255,9074711,0.035626925
UNCID_1655759.C2E04130-80EB-4DF2-8D7D-767512A8C196.sorted_genome_alignments.bam,231582826,226057133,5525693,0.023860547
UNCID_1655841.D038B388-E5E0-4EE8-AF7C-4D044128E3B8.sorted_genome_alignments.bam,187102651,180989806,6112845,0.032671076
UNCID_1655901.DF2975AC-92DC-4A93-8F9C-965E6D4E2CF3.sorted_genome_alignments.bam,200595772,194580084,6015688,0.029989107
UNCID_1655987.ED9566E3-E8A7-4B47-B4A2-60BCE3D9BA63.sorted_genome_alignments.bam,196652578,189230898,7421680,0.03774006
UNCID_1656005.910DDC69-2AD3-4C0D-8B2D-D5D09B6BD2E6.sorted_genome_alignments.bam,187393335,180614110,6779225,0.036176447
UNCID_1656060.7A455C8A-E7D5-4C52-BE07-C75DC51C2EB6.sorted_genome_alignments.bam,198412568,191652674,6759894,0.034069888
UNCID_1656109.8DE3CF71-A0C4-4F4C-8341-E9BB406D757A.sorted_genome_alignments.bam,199611994,194412455,5199539,0.026048229
UNCID_1656155.1D81C9EC-DFC7-4937-A0DD-36E2F9DDA4AC.sorted_genome_alignments.bam,155251925,149275450,5976475,0.038495336
UNCID_1656172.EE052957-28E2-4192-B54D-B7C877594ECE.sorted_genome_alignments.bam,171821618,165726166,6095452,0.035475466
UNCID_1656194.6B0283FD-2875-43AB-9FC0-860ED691C5A3.sorted_genome_alignments.bam,110099001,84115958,25983043,0.235997082
UNCID_1656238.AC6623D5-A616-4AE9-87B9-3F3A5C00ABDF.sorted_genome_alignments.bam,195509812,188319001,7190811,0.036779796
UNCID_1656249.C131A5EF-4BCE-419E-9BD2-4FF4D348BE12.sorted_genome_alignments.bam,226973317,220129914,6843403,0.030150694
UNCID_1656297.37F1CC69-2CF8-46AE-A052-EA82ACAB9BEF.sorted_genome_alignments.bam,168462807,163252255,5210552,0.030929984
UNCID_1656335.a1ff456d-7a22-4200-a429-c2a41e5c3e04.sorted_genome_alignments.bam,137435276,131469235,5966041,0.043409823
UNCID_1656360.508E645C-DD4A-4C2B-93D8-864EC3A8080C.sorted_genome_alignments.bam,169082117,162550169,6531948,0.038631809
UNCID_1656494.edd006f4-1914-48b6-84d9-420a09dd82d1.sorted_genome_alignments.bam,126806940,118406550,8400390,0.066245507
UNCID_1656541.0E8D7581-46BC-4F0B-B202-19D80A59E2D6.sorted_genome_alignments.bam,201670965,191660299,10010666,0.049638608
UNCID_1656577.BB5BE7FF-D74C-41F6-B3C7-9F79F494C024.sorted_genome_alignments.bam,209826453,196910064,12916389,0.061557486
UNCID_1656709.FF3A57B6-EA37-4002-92A6-20E33ABF98E1.sorted_genome_alignments.bam,166687288,154740907,11946381,0.071669418
UNCID_1656742.A8AE9773-3287-43E4-A18A-1ACE7291E83F.sorted_genome_alignments.bam,175705526,168592276,7113250,0.040483929
UNCID_1656782.A6D66740-E560-42DC-9AAC-4AD00649E361.sorted_genome_alignments.bam,268570023,259892061,8677962,0.03231173
UNCID_1656884.6434CAA0-3816-472B-9A2A-6238C10131F7.sorted_genome_alignments.bam,164846475,158741531,6104944,0.037034119
UNCID_1657075.656bb2ee-b7f9-4cee-a694-1217fecf25a7.sorted_genome_alignments.bam,170448174,158677679,11770495,0.069056152
UNCID_1657076.174159b7-d7a4-43d5-8c04-7f62f8d0db14.sorted_genome_alignments.bam,158593042,151353537,7239505,0.045648314
UNCID_1657131.D0EFB6CA-A89C-4692-B9EC-FC582971E846.sorted_genome_alignments.bam,183664130,169836813,13827317,0.075285887
UNCID_1657159.23642A6A-168A-4294-9AC9-2DD73477AE04.sorted_genome_alignments.bam,236276559,225235102,11041457,0.046731072
UNCID_1657214.A9522B26-CB18-4BDE-B2A4-8EF4701C29D8.sorted_genome_alignments.bam,181149768,169246374,11903394,0.065710236
UNCID_1657332.6F1184E8-EA92-4E59-90CA-0F61A9428F20.sorted_genome_alignments.bam,256903907,248931459,7972448,0.031032802
UNCID_1657359.51C0F97A-C059-4688-8E48-7B9975CD4B17.sorted_genome_alignments.bam,179576251,163713747,15862504,0.088332972
UNCID_1657396.5B552577-3C91-402E-B9AA-45D79FA77E22.sorted_genome_alignments.bam,106189762,100935131,5254631,0.049483405
UNCID_1657478.C262A55B-8CF2-4C47-A867-F010361E22AC.sorted_genome_alignments.bam,231403018,223047859,8355159,0.036106526
UNCID_1657516.47BE93CB-CA80-4C0C-8AD3-90D2A323C571.sorted_genome_alignments.bam,198139065,186275718,11863347,0.059873842
UNCID_1657551.CDD106AF-CBA4-4DAF-A24C-7F7021EEEE0A.sorted_genome_alignments.bam,206928147,194698169,12229978,0.059102535
UNCID_1657560.5199A3B8-6C4D-485F-963E-7131EB539CC6.sorted_genome_alignments.bam,179065440,167458858,11606582,0.064817544
UNCID_1657602.03A8D214-2F94-4EDE-B6BC-E5E7D6D6515D.sorted_genome_alignments.bam,183360078,171389886,11970192,0.065282433
UNCID_1657667.2CC86CC6-6EE2-4006-B019-01F58B75184D.sorted_genome_alignments.bam,192435571,182681256,9754315,0.050688732
UNCID_1657698.aabf5831-8886-4570-9266-00cd858ba17b.sorted_genome_alignments.bam,199236151,189816694,9419457,0.047277851
UNCID_1657766.63F9E0C0-A0FF-4172-B19E-F87C1EF1D62A.sorted_genome_alignments.bam,201662945,193218677,8444268,0.041873176
UNCID_1657816.2D1871C3-4AD4-4AF6-8E36-125A385CC899.sorted_genome_alignments.bam,241798061,230039916,11758145,0.048627954
UNCID_1657825.49FCB2C7-64FB-47F5-9FE9-7C197F442397.sorted_genome_alignments.bam,206548207,195323148,11225059,0.054345952
UNCID_1657843.011A74C8-2C14-4481-B608-412979CA3F51.sorted_genome_alignments.bam,188346853,180019379,8327474,0.044213502
UNCID_1657898.029c4ec1-b4a1-4aea-a126-aceadb8ab52a.sorted_genome_alignments.bam,149669156,140085948,9583208,0.064029278
UNCID_1657927.92E44AF9-1DF7-4346-9FD1-23ED1B7DF109.sorted_genome_alignments.bam,226005812,216889875,9115937,0.040334967
UNCID_1658077.694a3bf4-f789-4aef-9dc8-13f4f8ae0283.sorted_genome_alignments.bam,131262447,126179430,5083017,0.038724076
UNCID_1658191.AA07B260-11CC-439B-BF1B-84C1A3260F1B.sorted_genome_alignments.bam,206881434,198782128,8099306,0.039149506
UNCID_1658249.7a1f4f51-4bea-4e5f-b59a-02fb223d2965.sorted_genome_alignments.bam,191138307,181002911,10135396,0.053026503
UNCID_1658318.1f870a12-9d70-4fe4-a176-4cbee06c44e6.sorted_genome_alignments.bam,112751898,107424587,5327311,0.047248083
UNCID_1658355.4eadb0cd-c88e-4f3e-b3a1-d76d3b16aba0.sorted_genome_alignments.bam,248879012,237218614,11660398,0.046851673
UNCID_1658461.6ff35e89-30b4-447e-9ef5-b67210b7859d.sorted_genome_alignments.bam,148011980,143938018,4073962,0.027524542
UNCID_1658559.e93a5c0b-9c66-46d2-a8d6-ae969b28a501.sorted_genome_alignments.bam,148760202,144917090,3843112,0.025834275
UNCID_1658661.6a2acb28-0ccb-4f10-aba9-4d8b2aa29b1d.sorted_genome_alignments.bam,154863542,148912512,5951030,0.038427573
UNCID_1658689.c1d8d162-5154-4d6a-8166-6e4e8bf5cc8d.sorted_genome_alignments.bam,161098885,154662791,6436094,0.039951201
UNCID_1658697.0270b7ae-ef7f-4dd7-b019-3e10afa191ff.sorted_genome_alignments.bam,156223442,152415230,3808212,0.0243767
UNCID_1658791.05e8c2a3-20fa-4324-b147-8a94948bda68.sorted_genome_alignments.bam,151565822,147091577,4474245,0.029520145
UNCID_1658802.78F4DE91-9CB5-40C4-AF0D-F295468716FD.sorted_genome_alignments.bam,183884511,176281644,7602867,0.04134588
UNCID_1658922.84c59879-1b8a-4750-8069-9d0e434fa0dc.sorted_genome_alignments.bam,166907373,162711104,4196269,0.025141304
UNCID_1658952.3DD39419-C444-4D9A-B238-D3A935CDDA1E.sorted_genome_alignments.bam,197586003,189736170,7849833,0.03972869
UNCID_1659187.29092F9C-DFAC-467E-8432-C615B1DA79CE.sorted_genome_alignments.bam,214241303,205611931,8629372,0.040278751
UNCID_1659271.67107614-9A9D-4D62-9C2E-3B8E242AC92D.sorted_genome_alignments.bam,186000104,177528005,8472099,0.045548894
UNCID_1659398.6a65b2f5-ebe5-4974-9ca6-7e824e7ca087.sorted_genome_alignments.bam,181871591,176326973,5544618,0.030486444
UNCID_1659429.0E538879-75BE-4F5B-8EC1-A513546AF04B.sorted_genome_alignments.bam,169481794,165454013,4027781,0.023765272
UNCID_1659467.70039C47-DB43-4DF9-AE1F-1EF7D9B7EDEC.sorted_genome_alignments.bam,200438317,193440206,6998111,0.034914038
UNCID_1659498.8b82c786-64be-410a-89bf-d28dc8d7c4e9.sorted_genome_alignments.bam,198403593,192138983,6264610,0.031575083
UNCID_1659549.9100EDAC-3939-4318-993E-276E0F6CE00D.sorted_genome_alignments.bam,178598094,174676788,3921306,0.021956035
UNCID_1659561.5b31fb5f-9321-43d8-9b5f-600e8ba2f6cc.sorted_genome_alignments.bam,185045610,177553931,7491679,0.040485581
UNCID_1659641.45ce60c9-d18f-43a2-b240-8dc7d854cd27.sorted_genome_alignments.bam,211021594,201716763,9304831,0.044094212
UNCID_1659756.3ed6846b-8a17-4eed-bc64-c28fb9aed192.sorted_genome_alignments.bam,258448391,246343358,12105033,0.046837332
UNCID_1659765.2BC6743C-DC3D-4693-B5D2-F55381712D7F.sorted_genome_alignments.bam,202255522,189201579,13053943,0.064541837
UNCID_1659794.e5452386-f28c-450f-b13b-4b1ef4713fa1.sorted_genome_alignments.bam,229257341,220557148,8700193,0.037949463
UNCID_1659798.721c59a5-22b6-4388-a47d-d0108ea2c1aa.sorted_genome_alignments.bam,225558169,216879099,8679070,0.03847819
UNCID_1659801.CDECDCED-115E-4775-BE8A-614FD1A3414F.sorted_genome_alignments.bam,113699153,109031055,4668098,0.041056577
UNCID_1659955.EC1D84CB-235B-488F-ADC8-54006BC36850.sorted_genome_alignments.bam,171029940,166551368,4478572,0.026185895
UNCID_1660007.5BA03C4D-F473-48B0-872E-ACD901B75680.sorted_genome_alignments.bam,159576031,155477943,4098088,0.0256811
UNCID_1660029.a8717ede-a85b-4133-bafc-48abd7892f71.sorted_genome_alignments.bam,213677349,206481328,7196021,0.033677042
UNCID_1660100.2C8CB0D0-2E13-4EC6-B097-F82645D47B2E.sorted_genome_alignments.bam,177917488,169172109,8745379,0.049154128
UNCID_1660125.88E25F76-1B1F-4AFB-AB08-215D4F7F08B5.sorted_genome_alignments.bam,192193799,183343044,8850755,0.0460512
UNCID_1660162.135752CC-F7BC-4A55-9E4A-28A4B12A9699.sorted_genome_alignments.bam,188147257,183425999,4721258,0.025093419
UNCID_1660221.0F89CE40-61EA-430F-87D1-BE87D9AC924F.sorted_genome_alignments.bam,165887277,160262330,5624947,0.033908248
UNCID_1660228.2F59CBC7-724A-48D3-B02F-8DEDC49833FD.sorted_genome_alignments.bam,205821396,197532298,8289098,0.040273257
UNCID_1660264.04F1E2D6-DDA4-4346-978C-AA71CBFC880A.sorted_genome_alignments.bam,172462459,167601433,4861026,0.028185995
UNCID_1660291.2B0BABA1-90EF-47AD-9910-44B522F7182D.sorted_genome_alignments.bam,177452179,172391932,5060247,0.028516116
UNCID_1660347.3B8BD89B-9D4E-49A9-BC74-8D6C712D5DD8.sorted_genome_alignments.bam,203883165,194398523,9484642,0.046519986
UNCID_1660368.1B4E42C0-C100-404F-843D-A27EA314858A.sorted_genome_alignments.bam,188747687,184255527,4492160,0.023799815
UNCID_1660396.C61C9218-5597-42F8-AB05-A04D2F56A7F0.sorted_genome_alignments.bam,177229920,172682184,4547736,0.025660092
UNCID_1660402.840AB30A-7BD1-4B9C-B098-86A8117182BD.sorted_genome_alignments.bam,235119797,227509026,7610771,0.032369758
UNCID_1660450.1D531770-F138-4CDE-A7CA-D3DF996FBB5C.sorted_genome_alignments.bam,189996684,184750203,5246481,0.02761354
UNCID_1660451.5015be4c-acad-4536-bb65-59696b168717.sorted_genome_alignments.bam,173965566,164775983,9189583,0.052824149
UNCID_1660573.F1526B61-BC90-46BE-BFBE-9279A247EF66.sorted_genome_alignments.bam,169224936,165532391,3692545,0.021820336
UNCID_1660587.AEA3BB66-7279-4352-9CEF-5459CBDFE183.sorted_genome_alignments.bam,175455514,171308006,4147508,0.023638516
UNCID_1660761.AFD66B08-2D7E-4E49-AC27-1AB68DA1D1B9.sorted_genome_alignments.bam,172384545,167405917,4978628,0.028880942
UNCID_1660777.2B5A5886-6A1C-4E22-B453-C0715B657249.sorted_genome_alignments.bam,189812286,183573002,6239284,0.032870812
UNCID_1660780.5a7840e4-48ef-4d10-8709-c963b6b4c25a.sorted_genome_alignments.bam,144237666,130738978,13498688,0.093586428
UNCID_1660801.6F0967E7-B8AB-42D8-AABB-77D59C54EB74.sorted_genome_alignments.bam,182270689,176480880,5789809,0.031764893
UNCID_1660965.2D5E9D92-0FE5-4D07-B9E0-6F26D9E0A266.sorted_genome_alignments.bam,145544423,136902674,8641749,0.059375336
UNCID_1661001.3618662D-67B4-4796-9869-3EC651E0AEC9.sorted_genome_alignments.bam,252730754,238732230,13998524,0.05538908
UNCID_1661040.DBFB44E2-A785-4E49-A02B-FBE06573689D.sorted_genome_alignments.bam,172546302,163284052,9262250,0.053679794
UNCID_1661160.A5D1CA87-47C3-4602-A591-9E4F4077417E.sorted_genome_alignments.bam,194629772,188289751,6340021,0.032574775
UNCID_1661229.c4c15b15-8010-47d8-8c6b-3c6b9dae9716.sorted_genome_alignments.bam,137689486,119282731,18406755,0.133683083
UNCID_1661271.C97AD389-99D9-4C27-B19E-CBF454C04E43.sorted_genome_alignments.bam,178714248,163862279,14851969,0.08310456
UNCID_1661300.feb35af1-052d-41a6-9e76-f47b610ab956.sorted_genome_alignments.bam,183539730,164923670,18616060,0.101427958
UNCID_1661355.3EDD1965-26F0-4223-9840-9FDBE2CA531E.sorted_genome_alignments.bam,141910888,120669739,21241149,0.149679488
UNCID_1661620.318e2cdd-08c5-4611-913f-7f4a6f49677d.sorted_genome_alignments.bam,133857874,122154298,11703576,0.087432854
UNCID_1661626.f301f3e6-eaec-4d35-b8c0-b0eb6acd2847.sorted_genome_alignments.bam,201137328,181362670,19774658,0.098314212
UNCID_1661636.F94F2B3A-4DC6-4FD2-9945-6DDD721B5D30.sorted_genome_alignments.bam,229318245,221442316,7875929,0.034344973
UNCID_1661802.CF7BE099-A25C-4258-AB16-740ECE414172.sorted_genome_alignments.bam,227791823,215528540,12263283,0.053835484
UNCID_1661828.0bb1946f-bc01-47d8-887f-e63f3a16e32d.sorted_genome_alignments.bam,206049523,185889680,20159843,0.097839795
UNCID_1661936.17123AF6-1425-4125-9579-00C6800227C7.sorted_genome_alignments.bam,226366002,217511899,8854103,0.039114102
UNCID_1662014.F4B77689-800D-4A80-BEEE-AFC74877A4EC.sorted_genome_alignments.bam,227942586,218302115,9640471,0.042293418
UNCID_1662110.dfb5da30-7995-4132-8bc9-439b0f4f7c4c.sorted_genome_alignments.bam,180648583,156039864,24608719,0.136224257
UNCID_1662336.6252138d-526e-4ed4-8369-7d6e4bde3fbe.sorted_genome_alignments.bam,187234105,162367597,24866508,0.132809714
UNCID_1662513.3337929b-5381-41ae-88f2-b6dbeb17f088.sorted_genome_alignments.bam,184454430,178906142,5548288,0.030079451
UNCID_1662532.3FBCB5F7-24D9-4093-A34E-1FC6F83C7D3B.sorted_genome_alignments.bam,207942446,198911548,9030898,0.043429796
UNCID_1662593.9ED1D311-747A-434E-9AB4-5DF6BC6B75DE.sorted_genome_alignments.bam,335561747,323754804,11806943,0.035185605
UNCID_1662635.B40B5BB9-ABC4-452B-9859-88873097739A.sorted_genome_alignments.bam,172511700,160360063,12151637,0.070439495
UNCID_1662663.73bf920b-b9dc-4f81-b57a-63ebebccf9cd.sorted_genome_alignments.bam,204914781,175984156,28930625,0.14118369
UNCID_1662670.cde3fda7-c23f-480b-bc20-ac27bcfe4536.sorted_genome_alignments.bam,246079063,210804654,35274409,0.143345836
UNCID_1662828.f426f6c4-bb1f-4ce4-a770-7b5fcc4408fa.sorted_genome_alignments.bam,175503569,169111651,6391918,0.036420445
UNCID_1663037.70b5a53a-d822-4634-b181-79fef68346c0.sorted_genome_alignments.bam,172341837,154359388,17982449,0.104341751
UNCID_1663154.1dbe0951-14cc-4489-aaf2-f3592be05f07.sorted_genome_alignments.bam,187049125,175318540,11730585,0.062713926
UNCID_1664011.a1d00776-9535-4361-af77-8896e51465fe.sorted_genome_alignments.bam,300602568,273528255,27074313,0.090066805
UNCID_1664039.93810b75-cbbb-4dbb-bbe1-efb66d19516d.sorted_genome_alignments.bam,179308509,173570183,5738326,0.03200253
UNCID_1664075.22dcbc1b-95f2-4343-b1e4-18daacd66e28.sorted_genome_alignments.bam,188324377,183952456,4371921,0.023214844
UNCID_1664138.9B57B16A-E4C3-4290-AB1C-7B3FA30F622D.sorted_genome_alignments.bam,180677824,162515148,18162676,0.100525209
UNCID_1664163.12953bc4-8704-4fcc-9efa-3801a1a6c4b7.sorted_genome_alignments.bam,170917276,166723635,4193641,0.024536086
UNCID_1664260.9fd5309d-03cc-4123-8bc8-d7dfba4955d2.sorted_genome_alignments.bam,178348985,167911447,10437538,0.058523114
UNCID_1664263.D199CBF2-7C0B-4506-B476-2E9BD63AE514.sorted_genome_alignments.bam,177526215,169726221,7799994,0.043937139
UNCID_1664310.3349e197-7ef8-4cfd-b365-1dbf5c7db58d.sorted_genome_alignments.bam,171432253,166691399,4740854,0.027654388
UNCID_1664337.3e7df498-0263-483e-98e8-e09324b5fae8.sorted_genome_alignments.bam,167736255,163624668,4111587,0.024512214
UNCID_1664343.BF8240F0-9780-49B9-90FD-DD008629ECEA.sorted_genome_alignments.bam,198093392,187712348,10381044,0.052404797
UNCID_1664344.E2D953B8-350F-4D87-9BA6-2AEFEC4F1803.sorted_genome_alignments.bam,137883800,129905982,7977818,0.057858994
UNCID_1664399.7fcd4e64-e758-4418-b19e-02a4e7ee1fef.sorted_genome_alignments.bam,196798360,192270914,4527446,0.023005507
UNCID_1664433.54E48C8B-068A-4548-A31D-82EC1128A58E.sorted_genome_alignments.bam,161555810,157985809,3570001,0.022097633
UNCID_1664460.b99c2f7f-3b3c-4ea9-b6b1-84aadaeecd91.sorted_genome_alignments.bam,205284254,197792377,7491877,0.036495137
UNCID_1664461.fa8d81bb-a026-426c-8e24-2c8ca93007c4.sorted_genome_alignments.bam,161232314,155398617,5833697,0.036181934
UNCID_1664542.1e176d9d-dba9-4d41-946e-05b7f35eba64.sorted_genome_alignments.bam,163649927,148826873,14823054,0.090577822
UNCID_1664628.1a6ee24e-975c-4ba8-8cc3-666555fb89d6.sorted_genome_alignments.bam,148375997,144276484,4099513,0.02762922
UNCID_1664710.0EC4878F-2B07-40E5-A6F1-F89814A2B6E9.sorted_genome_alignments.bam,154585622,148801641,5783981,0.037416035
UNCID_1664730.00471faf-5a40-430a-8555-564fa885f618.sorted_genome_alignments.bam,144968313,140221573,4746740,0.032743293
UNCID_1664755.854C8055-70C4-404E-A0B7-1D6084430B0B.sorted_genome_alignments.bam,221186090,210482856,10703234,0.048390177
UNCID_1664776.ab31f363-93f1-4ef9-a47a-731657fdf534.sorted_genome_alignments.bam,211136214,200148840,10987374,0.052039268
UNCID_1664788.40EA4BB8-CD20-4475-B9D2-4A611975AEB8.sorted_genome_alignments.bam,180070146,170022956,10047190,0.055795979
UNCID_1664900.68A09A90-0FEF-4EBA-BBA8-B6F0DBB74B75.sorted_genome_alignments.bam,200722534,192759583,7962951,0.039671435
UNCID_1664922.DA1A8538-F647-463B-B927-F375F6A5B82F.sorted_genome_alignments.bam,205165097,194736084,10429013,0.050832296
UNCID_1664923.C578FB16-0105-4E86-B582-440DFEE16791.sorted_genome_alignments.bam,161634128,155545622,6088506,0.037668443
UNCID_1665000.51257d94-f973-4dfd-93d7-72ec4013def7.sorted_genome_alignments.bam,198433027,187611121,10821906,0.054536819
UNCID_1665029.A8B74A73-DB40-4A71-A922-2A6943122F97.sorted_genome_alignments.bam,216125104,205914062,10211042,0.047245978
UNCID_1665087.6366C684-E20D-4E51-916B-9CA2FBBBA85F.sorted_genome_alignments.bam,205658369,195572643,10085726,0.049041165
UNCID_1665123.36618B4C-C4DA-4513-A4B7-6579F3CFFEB2.sorted_genome_alignments.bam,169699057,163264029,6435028,0.037920234
UNCID_1665155.9A8AE8E6-6343-4E09-8D87-4F87002993A9.sorted_genome_alignments.bam,161097987,155034500,6063487,0.037638503
UNCID_1665182.FEA9C2BF-A2B5-44FE-BCCC-20C99837CFAB.sorted_genome_alignments.bam,167006211,159996266,7009945,0.041974157
UNCID_1665209.7C023A70-C233-4A12-B0B5-69CAFDECA483.sorted_genome_alignments.bam,149348791,140750698,8598093,0.057570556
UNCID_1665242.cbf9a913-bf0f-41cf-b7c5-048b72bbbb5d.sorted_genome_alignments.bam,171184691,166691923,4492768,0.026245151
UNCID_1665269.953f918b-a82a-408f-b080-d0cb4441e1ef.sorted_genome_alignments.bam,182354833,176435501,5919332,0.032460516
UNCID_1665371.70DD0D77-092F-4770-82C6-E6B37B800AD2.sorted_genome_alignments.bam,169505552,163763343,5742209,0.03387623
UNCID_1665394.32583958-4AE0-4BBB-9518-19E24AC77A17.sorted_genome_alignments.bam,173687608,162465163,11222445,0.064612813
UNCID_1665449.26616de7-08df-4359-9c00-c649409b1480.sorted_genome_alignments.bam,175706970,169736075,5970895,0.033982118
UNCID_1665526.0e842eda-bb7f-4f4a-b1bc-9d6dcf563125.sorted_genome_alignments.bam,225070137,211682677,13387460,0.059481281
UNCID_1665582.9f86c904-9c2f-4413-a5ad-95a6fd65cb71.sorted_genome_alignments.bam,192803503,165959900,26843603,0.139227776
UNCID_1665614.D0B1F7B1-C604-46A9-B2E3-FD4285E56C8C.sorted_genome_alignments.bam,138568393,125349958,13218435,0.095392858
UNCID_1665831.689fb0d6-789a-45c2-8f2f-12cc3a2ea553.sorted_genome_alignments.bam,195464478,189539351,5925127,0.030313063
UNCID_1666085.3F6778E5-26ED-41BB-AC86-4AAAC7AB07A6.sorted_genome_alignments.bam,190574569,184945690,5628879,0.02953636
UNCID_1666133.a57566b4-dd26-46bd-a00f-82136bc2a9be.sorted_genome_alignments.bam,252731372,221754124,30977248,0.122569857
UNCID_1666561.386fbf20-f41e-41e1-96de-578066c35560.sorted_genome_alignments.bam,194568126,186899012,7669114,0.039416086
UNCID_1666634.21E92DD7-ADEE-4826-9470-FB7501AD280D.sorted_genome_alignments.bam,163457592,157739769,5717823,0.034980468
UNCID_1666706.4811BA43-5130-4CD4-8317-6D4495144C9E.sorted_genome_alignments.bam,202593359,195752623,6840736,0.033765845
UNCID_1667355.0A78E78C-F31A-488A-BF37-C47B108954FD.sorted_genome_alignments.bam,197411913,186342010,11069903,0.056075152
UNCID_1667494.6CF5747F-22B4-498F-B8CE-13E4A2741883.sorted_genome_alignments.bam,207913015,199406770,8506245,0.040912518
UNCID_1667562.6F54279A-F0B1-4E9D-9E71-7F91CEF40BA2.sorted_genome_alignments.bam,206210098,199898973,6311125,0.030605315
UNCID_1667659.8724D94D-C194-491B-8C0E-38675B59C2E8.sorted_genome_alignments.bam,189565727,183231438,6334289,0.033414737
UNCID_1667821.6EDC7D3A-9F83-449F-A371-C040D8B5164D.sorted_genome_alignments.bam,237847221,225645335,12201886,0.05130136
UNCID_1668682.DBC6D549-CAB2-4A9B-A85B-2E9B09BD016D.sorted_genome_alignments.bam,197828476,192929067,4899409,0.024765944
UNCID_1668690.d7954ccb-a03f-45cb-a059-88fc217cb753.sorted_genome_alignments.bam,139686832,123736857,15949975,0.114183812
UNCID_1668721.0b28fcb7-a5a5-41d1-b830-5f7c52d18e25.sorted_genome_alignments.bam,155675866,152158467,3517399,0.022594376
UNCID_1668725.66EBCE67-41F3-41CE-ACA4-AD4068159A1C.sorted_genome_alignments.bam,148343906,140200834,8143072,0.054893202
UNCID_1668740.CDEE4003-1526-465C-A028-270254F22141.sorted_genome_alignments.bam,178903476,174068511,4834965,0.027025551
UNCID_1668823.faeb1918-077c-417e-9acc-9733b756511c.sorted_genome_alignments.bam,161187549,157297680,3889869,0.024132565
UNCID_1668828.477B8DD7-F662-471A-962D-E4E06742AE71.sorted_genome_alignments.bam,175016278,170353672,4662606,0.026640985
UNCID_1668829.0E830C7A-984C-4D77-BE7A-78ABB57F2E4E.sorted_genome_alignments.bam,202096384,196963143,5133241,0.025399965
UNCID_1668952.71fddbd0-c910-40f0-80fb-09148065220b.sorted_genome_alignments.bam,160852403,157051889,3800514,0.023627337
UNCID_1668996.8ddbc97b-376a-4851-906d-efe41fa45eee.sorted_genome_alignments.bam,152658811,148929834,3728977,0.02442687
UNCID_1669018.f1f0a4e6-8757-43f2-96c5-5b6bae173590.sorted_genome_alignments.bam,184711708,172241768,12469940,0.067510285
UNCID_1669050.89e158ef-3b5a-4d90-9206-b2200a5a343e.sorted_genome_alignments.bam,141930462,138726997,3203465,0.022570666
UNCID_1669065.6878010a-30d5-44ef-bd70-99f532a584d5.sorted_genome_alignments.bam,198007592,189910737,8096855,0.040891639
UNCID_1669086.38948BD8-BC9A-4E38-9F7A-F72D3531050E.sorted_genome_alignments.bam,224288045,216359088,7928957,0.03535167
UNCID_1669087.a0187097-fff8-497c-87df-ae5d5cc151c1.sorted_genome_alignments.bam,173660934,169496346,4164588,0.023981145
UNCID_1669092.5a558400-4b95-4d48-abb3-a7b9576d9d94.sorted_genome_alignments.bam,165616811,161127000,4489811,0.027109633
UNCID_1669121.886e8f4f-107d-4ebd-a312-7cdbacabd35e.sorted_genome_alignments.bam,238981774,229193607,9788167,0.040957797
UNCID_1669172.10336d59-9732-4305-9062-75bc76ee9c93.sorted_genome_alignments.bam,153579497,149767146,3812351,0.024823307
UNCID_1669196.5A2EBAB3-98A8-4226-987C-3009B2E0D062.sorted_genome_alignments.bam,196415375,182945035,13470340,0.068580884
UNCID_1669228.65a188b3-1fc9-4021-bc3e-158c0cce2c8e.sorted_genome_alignments.bam,174133917,169924780,4209137,0.024171839
UNCID_1669304.9e8a108f-c2a6-4947-9512-72609d13ade1.sorted_genome_alignments.bam,175196551,170476117,4720434,0.026943647
UNCID_1669352.afbe6025-3c74-403b-ad84-c89f312d50c5.sorted_genome_alignments.bam,171086441,167241137,3845304,0.022475796
UNCID_1669399.12113ec4-2f73-488b-9926-89f1301e1fb9.sorted_genome_alignments.bam,179452446,175297435,4155011,0.023153828
UNCID_1669408.b9e35423-81e4-4ffe-b08a-4bb93b3cf976.sorted_genome_alignments.bam,185541573,165667301,19874272,0.107114927
UNCID_1669424.ef3a0956-e7bf-4f1b-bc54-7e21fd318bbd.sorted_genome_alignments.bam,197599513,192387733,5211780,0.02637547
UNCID_1669453.ba1613b5-3076-4fc5-8da0-f0e951d077ef.sorted_genome_alignments.bam,205333984,200189805,5144179,0.02505274
UNCID_1669454.31f32186-f631-434d-9c00-f2bbd4cced40.sorted_genome_alignments.bam,182940190,178399954,4540236,0.024818144
UNCID_1669495.0F291A80-E139-4876-B91F-A91CE3066580.sorted_genome_alignments.bam,215689411,208441117,7248294,0.033605238
UNCID_1669509.2cdcd676-9056-4b42-8029-5b8dc44d3b57.sorted_genome_alignments.bam,200420990,190835879,9585111,0.047824886
UNCID_1669520.622F0488-00C2-4F4F-8D5E-6CC9AB5B0E11.sorted_genome_alignments.bam,201151238,192293156,8858082,0.044036925
UNCID_1669578.7feffd22-85c5-4bf9-9a41-28a1f4e0586d.sorted_genome_alignments.bam,222420566,214074455,8346111,0.037524008
UNCID_1669613.1eb669bc-04cc-474a-baae-cba7bea98a18.sorted_genome_alignments.bam,195206198,190428170,4778028,0.024476825
UNCID_1669744.b74c4373-3809-4536-85ef-4c9e651a913e.sorted_genome_alignments.bam,206496195,198451487,8044708,0.038958142
UNCID_1669763.50b34335-7e00-417a-8e0d-c50a4384b4c9.sorted_genome_alignments.bam,198744264,180551447,18192817,0.091538828
UNCID_1670326.1fc14ee0-e307-4349-a2ac-9e28c31163f2.sorted_genome_alignments.bam,235082691,206453363,28629328,0.121784075
UNCID_1670553.ad6cc53a-1a99-4e1b-8701-9abf0c975adb.sorted_genome_alignments.bam,148181936,144229467,3952469,0.026673082
UNCID_1670742.f4a540b2-5ad6-442b-b454-cdb23a4cbacc.sorted_genome_alignments.bam,162633895,158416923,4216972,0.025929232
UNCID_1670790.b675a1c5-e16c-427d-9c47-1b75e8e51f4d.sorted_genome_alignments.bam,173750727,169317957,4432770,0.025512239
UNCID_1670830.6fbc1aba-a377-4b7e-90ee-d86053187a67.sorted_genome_alignments.bam,206816343,201625686,5190657,0.025097905
UNCID_1670989.aedec7d6-da5f-414f-b200-3b2dc7535182.sorted_genome_alignments.bam,172646515,168321790,4324725,0.025049593
UNCID_1671011.5ee6524b-9289-45a8-949e-ba0ce44913fe.sorted_genome_alignments.bam,148228108,144533498,3694610,0.024925165
UNCID_1671162.266003f1-3a9d-413b-9d18-1b2c40c48a22.sorted_genome_alignments.bam,194359882,189361865,4998017,0.025715271
UNCID_1671182.77366e1e-618f-433c-8e6b-e2046a876231.sorted_genome_alignments.bam,171612543,167397665,4214878,0.024560431
UNCID_1671205.8028a19b-10cf-4eb9-84ec-d61558b9976b.sorted_genome_alignments.bam,183385332,178707022,4678310,0.025510819
UNCID_1671212.80d3ddd2-1dbe-4f47-b1f1-b1ea99970332.sorted_genome_alignments.bam,156446618,152577434,3869184,0.024731656
UNCID_1671296.6c47a99a-ad05-4478-82fd-d57fe8f54f32.sorted_genome_alignments.bam,179580102,174936046,4644056,0.025860638
UNCID_1671354.3fea413e-d892-461c-b0e3-cf07efaf860c.sorted_genome_alignments.bam,161882435,158212163,3670272,0.022672454
UNCID_1671420.8bae571a-8285-48dd-aea3-9eb002c0610b.sorted_genome_alignments.bam,202126925,193731898,8395027,0.041533442
UNCID_1673019.12391798-07e4-44bd-9689-db2f95f6d710.sorted_genome_alignments.bam,124038004,120973787,3064217,0.024703856
UNCID_1673092.cbb45082-6d4e-4457-b023-52f9372ae053.sorted_genome_alignments.bam,63777145,62056085,1721060,0.026985529
UNCID_1673191.cb18ceb5-73e7-44d7-8ab0-96b832e980bd.sorted_genome_alignments.bam,148591371,144988435,3602936,0.024247276
UNCID_1673253.65955c38-4907-4b09-8ef6-94a6b9ff5817.sorted_genome_alignments.bam,151729042,147913892,3815150,0.025144494
UNCID_1673306.fc4a13f0-831a-4e31-a2a1-29486bf9d006.sorted_genome_alignments.bam,155576305,151778153,3798152,0.024413435
UNCID_1673338.8af4a557-aebf-44ac-8ed5-b8b7b10ed24e.sorted_genome_alignments.bam,109624104,90346749,19277355,0.175849601
UNCID_1673341.e4762187-c19b-40d5-8385-ecb21f3ec6c3.sorted_genome_alignments.bam,178461773,173931971,4529802,0.025382478
UNCID_1673386.17d328ce-367a-47c4-8f70-7f4644b37506.sorted_genome_alignments.bam,171032923,166921667,4111256,0.024037805
UNCID_1673434.477e059b-1b0a-4f2b-b14d-8e1362fc38ee.sorted_genome_alignments.bam,164951909,161213712,3738197,0.022662345
UNCID_1673479.a00de36d-7c6d-453a-b791-08c752ccfefc.sorted_genome_alignments.bam,179419133,175533161,3885972,0.021658627
UNCID_1673532.ae97b841-ddef-4bed-81ac-0b91627c4ef3.sorted_genome_alignments.bam,162290965,92078639,70212326,0.432632377
UNCID_1673586.049ee2d6-c67a-42e2-a39d-2eb15650ca63.sorted_genome_alignments.bam,196254406,191692436,4561970,0.023245185
UNCID_1673769.65c41ecc-29dc-4deb-bfbc-11ca732065f7.sorted_genome_alignments.bam,200155761,195681061,4474700,0.022356089
UNCID_1673778.09d1b9e5-a828-4e12-8a66-2a90c18d2f3e.sorted_genome_alignments.bam,183244358,175056404,8187954,0.044683253
UNCID_1673856.8b216b0f-1881-45de-a4ae-78dfd87764fe.sorted_genome_alignments.bam,163962480,159706041,4256439,0.025959835
UNCID_1673868.1462b0a9-6467-4977-aea7-006ea3f5109e.sorted_genome_alignments.bam,199057271,162376063,36681208,0.184274645
UNCID_1673925.3e08280c-f748-43c7-928b-007b322917b2.sorted_genome_alignments.bam,197329307,159230292,38099015,0.193073272
UNCID_1673940.D1F596D6-1F2C-4728-BE8C-0EF9CC402F88.sorted_genome_alignments.bam,202174716,197613889,4560827,0.02255884
UNCID_1674392.7509b7dc-18cc-4430-ad93-fa598fc97330.sorted_genome_alignments.bam,180618170,175592591,5025579,0.027824327
UNCID_1674395.fa1917b0-c3e1-412d-b063-e74b5cafb8dc.sorted_genome_alignments.bam,234578090,229286197,5291893,0.022559196
UNCID_1674525.e2d7656c-0d06-427c-998c-c26ba4a1def4.sorted_genome_alignments.bam,205986611,166596057,39390554,0.19122871
UNCID_1674773.7bf79330-52fa-4111-88fe-b3ea62bcc63a.sorted_genome_alignments.bam,268208653,256854492,11354161,0.042333314
UNCID_1674886.E35790F7-26DF-4D0A-9474-88F13372D606.sorted_genome_alignments.bam,167417443,158959506,8457937,0.050520046
UNCID_1674963.A5793D2B-3DEC-477F-B29B-163D235431AC.sorted_genome_alignments.bam,210833823,203504157,7329666,0.034765133
UNCID_1674980.d5c39754-79c3-432c-b496-34a394662e17.sorted_genome_alignments.bam,277496077,272053475,5442602,0.019613257
UNCID_1675025.72b7ab0e-81e0-4385-8125-5146243e21ac.sorted_genome_alignments.bam,216190538,190050111,26140427,0.120913835
UNCID_1675969.06121F93-9719-4D96-94E1-5B8AFCC347A7.sorted_genome_alignments.bam,141589500,136158371,5431129,0.038358275
UNCID_1676596.cb3b19a0-fb0a-49c8-a4e1-c2e3215a192f.sorted_genome_alignments.bam,147747525,142196352,5551173,0.03757202
UNCID_1676597.B045331F-5CB5-4BE4-896F-E4C60D5AAD8F.sorted_genome_alignments.bam,103120943,100187305,2933638,0.028448518
UNCID_1676654.02486980-EB4F-4930-BA27-356E346929B6.sorted_genome_alignments.bam,110808351,107869273,2939078,0.026523976
UNCID_1676690.f09a51df-011a-419e-b90a-7cd2037c5690.sorted_genome_alignments.bam,110353416,107448109,2905307,0.026327296
UNCID_1676725.BA8BA1AC-8313-49F7-BE6F-10A6AA774DFE.sorted_genome_alignments.bam,129200667,126116971,3083696,0.023867493
UNCID_1676753.76DF8BB7-5EA9-4EEC-91F3-0AA571AA0660.sorted_genome_alignments.bam,127123423,124181396,2942027,0.023143076
UNCID_1676772.381B7A17-FCAC-45CF-90E8-8663262EC2AC.sorted_genome_alignments.bam,130547436,127363829,3183607,0.024386592
UNCID_1676807.FE6954B6-8214-41D8-B7F9-2CED8727408D.sorted_genome_alignments.bam,126452255,123392471,3059784,0.024197149
UNCID_1676869.263DE7AD-D70E-4E10-B406-1D2E368A99B2.sorted_genome_alignments.bam,154140763,150363359,3777404,0.024506198
UNCID_1676878.6D0395F6-4EB7-4DBA-BFBE-E2E728482E37.sorted_genome_alignments.bam,151559604,148039916,3519688,0.023223127
UNCID_1676901.128a925c-6b94-44ed-aa40-97d1ce11715f.sorted_genome_alignments.bam,172163559,165591545,6572014,0.038173084
UNCID_1676942.61051f5f-b74b-4b31-ae20-b91491f571d6.sorted_genome_alignments.bam,166630811,162181088,4449723,0.026704083
UNCID_1676989.b740efb3-f63b-4c0c-b6cd-4c0ceb7b8100.sorted_genome_alignments.bam,161176537,150040117,11136420,0.069094548
UNCID_1677043.83c19944-f07c-455c-a156-b4a7a6d4ec8d.sorted_genome_alignments.bam,164894027,158617344,6276683,0.038064951
UNCID_1677050.D4111037-F2AC-4B83-8E8C-87ABF68EC189.sorted_genome_alignments.bam,241863032,236335678,5527354,0.02285324
UNCID_1677380.fa65871c-a168-4697-a2a8-740bc3521555.sorted_genome_alignments.bam,212992519,206653895,6338624,0.029759843
UNCID_1677449.9715811a-fe94-4991-b850-5d50793de443.sorted_genome_alignments.bam,186170104,180028522,6141582,0.032989088
UNCID_1677657.20622835-4f7b-4896-b8a5-3a361f459923.sorted_genome_alignments.bam,220199043,205781168,14417875,0.065476556
UNCID_1677675.aaf4883f-911b-4a55-a271-e197b2ca6ab6.sorted_genome_alignments.bam,175535271,170146583,5388688,0.030698605
UNCID_1703627.e887731b-227e-458c-9a91-375ff7a91de1.sorted_genome_alignments.bam,114363508,110557788,3805720,0.033277398
UNCID_1703775.d7dcd997-63d5-4e12-9c26-c5ddd0e02fb0.sorted_genome_alignments.bam,168902420,163807926,5094494,0.030162351
UNCID_1703788.3405fefa-29da-429f-9cac-01e07abcfedc.sorted_genome_alignments.bam,155243598,149523581,5720017,0.036845429
UNCID_1703867.365edca8-a3eb-4e98-9243-90b121b7222c.sorted_genome_alignments.bam,154439218,150461150,3978068,0.025758146
UNCID_1703898.0acf650f-8275-4319-bdb4-bb0a6c35c235.sorted_genome_alignments.bam,180975214,175424684,5550530,0.030670112
UNCID_1703909.baa1261d-78ae-4a47-8459-2513361ba6de.sorted_genome_alignments.bam,166393660,161711452,4682208,0.028139341
UNCID_1703920.6ec3effa-f0dd-4fae-90d3-c7a90a8e5041.sorted_genome_alignments.bam,173310086,168665253,4644833,0.026800708
UNCID_1703928.dcdeb647-e266-4494-ab18-1798ccbfabf4.sorted_genome_alignments.bam,168273432,163091078,5182354,0.030797221
UNCID_1703953.4d3c1834-7351-4aaa-aa2c-70e0c06ebbce.sorted_genome_alignments.bam,147805475,143112432,4693043,0.031751483
UNCID_1703965.faad58ae-6000-4ab9-8469-ecd92f0344ff.sorted_genome_alignments.bam,175298918,170768174,4530744,0.025845818
UNCID_1703969.34864a18-2c95-4cbd-9f73-405a38f6d37e.sorted_genome_alignments.bam,165981592,160725973,5255619,0.031663867
UNCID_1704013.13f286ad-31e3-4ac7-94d2-d6f6a6c12c0e.sorted_genome_alignments.bam,163134854,158351187,4783667,0.02932339
UNCID_1704207.93543d44-72a0-4f35-bc35-3acffc85ced6.sorted_genome_alignments.bam,166344552,161140922,5203630,0.031282239
UNCID_1704260.deb2a587-f82c-4e0c-8902-7cd307900574.sorted_genome_alignments.bam,187431759,181928359,5503400,0.029362153
UNCID_1704323.b7b1b89b-13f9-4cae-9673-34e4c31cd3ca.sorted_genome_alignments.bam,183339318,178709342,4629976,0.02525359
UNCID_1705470.632dbd49-0206-4a3e-9791-3c51c2c40af5.sorted_genome_alignments.bam,178483907,173748024,4735883,0.02653395
UNCID_1705881.d937a17b-e4a9-4299-bb8a-6147483ee11e.sorted_genome_alignments.bam,139586257,135588879,3997378,0.028637332
UNCID_1706052.91aaef0d-6d3f-43e8-90b9-7c8e86beb2c6.sorted_genome_alignments.bam,202808249,196068463,6739786,0.033232307
UNCID_1706358.67e21e3d-63a0-4fca-9880-58a71c938294.sorted_genome_alignments.bam,162603170,158530976,4072194,0.025043755
UNCID_1706454.d4d86182-64cd-4b99-91ee-b41b57de112f.sorted_genome_alignments.bam,178496859,172444539,6052320,0.033907151
UNCID_1706888.1573fde6-2abe-4ef8-b2f3-3c33507aca0c.sorted_genome_alignments.bam,185311161,179661198,5649963,0.030489059
UNCID_1706935.ee8417b7-5d4b-42e7-b0f1-094a9990fda8.sorted_genome_alignments.bam,181707200,176579434,5127766,0.028219938
UNCID_1707404.ca134742-0f02-4178-b1bf-c6f7a9ff8cce.sorted_genome_alignments.bam,208220177,202881751,5338426,0.02563837
UNCID_1707918.bfaa88c7-f004-411b-9b5d-23edf91e758b.sorted_genome_alignments.bam,190765125,185675053,5090072,0.026682403
UNCID_1708226.e03cb807-3698-434e-8145-6f1620bfd1b4.sorted_genome_alignments.bam,161169450,156841369,4328081,0.026854227
UNCID_1708257.7af273bb-bede-495c-8a07-0a1d5d23a0eb.sorted_genome_alignments.bam,187383073,181971132,5411941,0.028881696
UNCID_1708383.bc33e129-174b-4193-b65a-844e06984a81.sorted_genome_alignments.bam,164637003,159355848,5281155,0.03207757
UNCID_1708388.ba365c68-a51f-4802-98b4-7fbf7e35bafc.sorted_genome_alignments.bam,192754234,187842895,4911339,0.025479798
UNCID_1708605.680b6b06-1331-4060-adb3-c44e862895b0.sorted_genome_alignments.bam,173070951,167392946,5678005,0.032807383
UNCID_1708731.fd4eb5ce-47b3-4c31-b9c5-ca08b3f580db.sorted_genome_alignments.bam,190182982,185570841,4612141,0.024251071
UNCID_1708738.6a753497-6d42-4c65-a54a-c14bcbcaaf62.sorted_genome_alignments.bam,161946205,156641130,5305075,0.032758255
UNCID_1708907.17aa0cc6-c07e-4512-8c0a-e520863a58e4.sorted_genome_alignments.bam,180264615,175355733,4908882,0.027231534
UNCID_1709110.9e634d59-f421-4a8c-b840-21fd612de48f.sorted_genome_alignments.bam,201403449,195468248,5935201,0.029469212
UNCID_1709196.c2a7dae3-028c-4434-b7f1-07dafe196acf.sorted_genome_alignments.bam,173909188,168923320,4985868,0.028669377
UNCID_1709241.97fd79a1-7275-47c2-bd10-b62eb0622856.sorted_genome_alignments.bam,195392547,189194200,6198347,0.031722535
UNCID_1709279.4b80a4f6-c58b-4955-b390-53c9d722ebfa.sorted_genome_alignments.bam,151996738,147079197,4917541,0.032352938
UNCID_1709280.034d17f6-d3ef-474c-867a-2fa51eab60f2.sorted_genome_alignments.bam,199380295,194142327,5237968,0.026271242
UNCID_1709297.90c36d60-f8f2-4bf6-9f01-fc02e19dde5d.sorted_genome_alignments.bam,210271736,204555083,5716653,0.027186978
UNCID_1709347.11a26b32-d4df-468f-9a17-b89fba51cf88.sorted_genome_alignments.bam,166038957,161972583,4066374,0.024490481
UNCID_1709378.cb8180ec-ce5f-4c1f-ab1a-38717607169f.sorted_genome_alignments.bam,173828128,169252371,4575757,0.026323456
UNCID_1709487.d5965538-4255-4877-88a8-9a71b5cea58c.sorted_genome_alignments.bam,231382440,225039206,6343234,0.0274145
UNCID_1709692.733eaed2-1df1-4832-bc6a-a401b1021795.sorted_genome_alignments.bam,192956016,188221513,4734503,0.024536695
UNCID_1709787.a805252c-7dca-4e09-9bfa-ded6b5213c2b.sorted_genome_alignments.bam,199959860,193548658,6411202,0.032062445
UNCID_1710053.b107d3e2-8d45-425c-9aa7-0293463b6d66.sorted_genome_alignments.bam,185777470,178951244,6826226,0.0367441
UNCID_1710080.ddd83e9a-35cb-4539-8141-7557eccd3b34.sorted_genome_alignments.bam,197966684,189341448,8625236,0.043569129
UNCID_1710588.362473ea-d151-4a1b-8ba7-66a3634dca7b.sorted_genome_alignments.bam,216591979,210398810,6193169,0.028593714
UNCID_1710626.16af7da5-68af-4af9-9a2b-66241dfa4d84.sorted_genome_alignments.bam,202201111,196444125,5756986,0.028471584
UNCID_1711502.981a7d0e-ca01-476d-bd58-a46b8d8595cc.sorted_genome_alignments.bam,177340223,171969362,5370861,0.030285634
UNCID_1711616.894cd09b-645d-43b8-93ea-5f7f48db12da.sorted_genome_alignments.bam,182380938,177534763,4846175,0.026571719
UNCID_1711732.c59486e3-0de6-4fd2-adef-b3b369d41e7c.sorted_genome_alignments.bam,186169820,178994152,7175668,0.038543669
UNCID_1712116.76e090d4-d2c2-4918-97d8-4dd1dbea5452.sorted_genome_alignments.bam,223025119,213815192,9209927,0.04129547
UNCID_1712330.102bbfea-fb71-41c8-899d-75670fda81e8.sorted_genome_alignments.bam,176702657,171936461,4766196,0.026972973
UNCID_1712595.4421b2c6-8de1-41c3-a47a-20c60a86b694.sorted_genome_alignments.bam,196672958,190980890,5692068,0.028941793
UNCID_1712862.04bf866a-cb97-4e47-a3dd-2fe2e0c5d123.sorted_genome_alignments.bam,219755488,210643129,9112359,0.0414659
UNCID_1713687.099a51db-4d31-4d90-b9cb-fd482309479a.sorted_genome_alignments.bam,183908500,174581621,9326879,0.050714779
UNCID_1714959.58ccb54d-2d23-4bce-b05d-02e543d83306.sorted_genome_alignments.bam,227380902,218138631,9242271,0.040646646
UNCID_1715198.2713b35a-f04a-4078-85c6-34140350398f.sorted_genome_alignments.bam,196805555,189028099,7777456,0.039518478
UNCID_1715474.3c109286-fa30-4f6b-98d1-70cd89f87f31.sorted_genome_alignments.bam,246473645,232294515,14179130,0.057527976
UNCID_1715902.0375a538-64dc-4f7b-807e-d765c8d88c23.sorted_genome_alignments.bam,191465676,182868672,8597004,0.044901019
UNCID_1717859.edb12ff7-a099-4b48-a734-eee8e6e1b6a7.sorted_genome_alignments.bam,177090783,169245812,7844971,0.044299149
UNCID_1719046.0584b467-a0f7-45fd-9948-9a01318d34bd.sorted_genome_alignments.bam,207106932,199216863,7890069,0.038096595
UNCID_1720053.75871924-05ce-4e57-8b04-74093b412822.sorted_genome_alignments.bam,163592049,153187359,10404690,0.063601441
UNCID_1721033.fbf405c9-b3de-4e77-b7c2-b97dc8e90e76.sorted_genome_alignments.bam,197689000,190919575,6769425,0.034242801
UNCID_1721073.091c332c-1596-4db6-88e7-e40ef85f15dd.sorted_genome_alignments.bam,209489507,193274271,16215236,0.077403571
UNCID_1721243.06c5b3d6-24c7-4d53-8871-7a9b19377c20.sorted_genome_alignments.bam,173979972,164497016,9482956,0.054506021
UNCID_1722274.15907695-4f7d-4e7c-a4d3-ca016c72ebba.sorted_genome_alignments.bam,190845758,183205972,7639786,0.040031207
UNCID_1722396.811B2337-58EC-416A-9C72-7E89A05459CE.sorted_genome_alignments.bam,167747225,160628548,7118677,0.042436929
UNCID_1722734.6c6c44ac-3626-482e-8d33-adbd122f8352.sorted_genome_alignments.bam,135118054,129357098,5760956,0.042636464
UNCID_1722828.58d4d6ea-cb30-47f9-87ff-d2dec6e3385e.sorted_genome_alignments.bam,99977029,94418365,5558664,0.055599412
UNCID_1722889.cbd09825-5118-4f55-b032-efced3e3699a.sorted_genome_alignments.bam,198310806,190537692,7773114,0.039196624
UNCID_1722895.7c2ff08a-754f-4e76-9c9b-3ce02248d2e6.sorted_genome_alignments.bam,188408453,182220992,6187461,0.032840676
UNCID_1722951.249A179F-25D7-4508-B64C-BE08AAAFC82A.sorted_genome_alignments.bam,176366893,170083246,6283647,0.035628268
UNCID_1722994.4e27ce05-b76a-4d5a-b070-78c508f509a3.sorted_genome_alignments.bam,210948553,202763897,8184656,0.038799299
UNCID_1723252.AAB8AE6F-AE54-4203-B2E6-2B86B9CA0337.sorted_genome_alignments.bam,217757652,207605213,10152439,0.046622651
UNCID_1723672.E26F5A99-6A8D-429E-8849-8A9B5680D466.sorted_genome_alignments.bam,182771600,173786860,8984740,0.049158294
UNCID_1723708.4300d79a-b4c8-4d95-8a42-4d5d8962eadc.sorted_genome_alignments.bam,105108494,98851853,6256641,0.059525551
UNCID_1723730.851064C8-582A-414A-BFCC-E1042BB9FF7B.sorted_genome_alignments.bam,169587578,164084856,5502722,0.032447671
UNCID_1723919.48ee0be7-9c0f-4e6d-81cf-638c52beef8b.sorted_genome_alignments.bam,186292885,178181216,8111669,0.043542559
UNCID_1724201.7FB5882C-6F15-462F-83E6-8BFF997BF16D.sorted_genome_alignments.bam,194418244,182628042,11790202,0.060643496
UNCID_1724291.A1DBD227-73B7-466F-B766-063A3006A206.sorted_genome_alignments.bam,203556555,195738966,7817589,0.038404998
UNCID_1724405.801bb661-2677-48a6-80b9-de57224cf5ef.sorted_genome_alignments.bam,192957298,184794860,8162438,0.042301784
UNCID_1724741.11288911-ed89-4dfb-9850-01d3e5438b5d.sorted_genome_alignments.bam,231652006,220555415,11096591,0.047901985
UNCID_1724849.0d5727f8-2f06-4b7e-bc23-0241d44594cc.sorted_genome_alignments.bam,145985539,142106443,3879096,0.026571783
UNCID_1724870.88EE3A4F-7688-4247-B03C-73F6E3AF7493.sorted_genome_alignments.bam,183338662,176704793,6633869,0.036183688
UNCID_1724951.61e7bd27-eded-4508-932a-dedef832192b.sorted_genome_alignments.bam,169393448,159983239,9410209,0.055552379
UNCID_1725088.7ff4a152-f31d-43c5-bdda-3b95d6972652.sorted_genome_alignments.bam,196746572,189312782,7433790,0.037783581
UNCID_1725324.15c869eb-856e-4dda-9efd-4a4252b33464.sorted_genome_alignments.bam,166310793,159340390,6970403,0.04191191
UNCID_1725508.7e7e0d0f-aa97-4c0d-bffc-7d8977288836.sorted_genome_alignments.bam,210035818,201951071,8084747,0.03849223
UNCID_1725534.17238de6-eab7-47ed-948e-be06ee5de5b7.sorted_genome_alignments.bam,175531188,167244303,8286885,0.047210328
UNCID_1725589.4c416913-332a-47e4-bb98-94927c050db4.sorted_genome_alignments.bam,169365732,159144259,10221473,0.060351482
UNCID_1725661.59d21a33-8d29-4c23-95a8-7986d2a3db36.sorted_genome_alignments.bam,194749265,183938926,10810339,0.055509011
UNCID_1726061.a259c8ba-80df-4398-bc4a-34ee841becdb.sorted_genome_alignments.bam,163325731,156235606,7090125,0.043410949
UNCID_1726085.d06c82c3-9575-4d5d-8796-7b4a6323f881.sorted_genome_alignments.bam,137506283,126072041,11434242,0.083154324
UNCID_1726086.f6e81351-3d0e-4a4b-aec4-e88011e8f3f9.sorted_genome_alignments.bam,177982200,169364874,8617326,0.048416785
UNCID_1726219.7e49cf6c-9feb-43a9-a123-917cd38e4f1d.sorted_genome_alignments.bam,188434796,177863126,10571670,0.056102536
UNCID_1726295.182a5fad-d6f5-4656-b198-aceb2ac081d1.sorted_genome_alignments.bam,175630452,171300520,4329932,0.024653652
UNCID_1726632.95a815e7-101e-416c-90b0-5c6c568ab897.sorted_genome_alignments.bam,197398311,188202959,9195352,0.046582729
UNCID_1726657.8d1db793-102c-4ddf-a006-c69b7c96d099.sorted_genome_alignments.bam,174550719,163610443,10940276,0.062676774
UNCID_1726747.d324b289-764c-46e0-8aa3-8d10f6a8c495.sorted_genome_alignments.bam,192113328,182956246,9157082,0.047665001
UNCID_1726764.a882f372-5345-4810-87d1-bf82a4be5aa3.sorted_genome_alignments.bam,151339518,146605018,4734500,0.031283964
UNCID_1726775.a6a4630e-3d28-4a38-8c9f-29fc0c7b380a.sorted_genome_alignments.bam,199041295,190662605,8378690,0.042095235
UNCID_1726786.1a2a7cd4-e8cb-4333-b5bd-990a37041df1.sorted_genome_alignments.bam,193086928,188233212,4853716,0.025137466
UNCID_1726808.b06483d3-e2c0-4f6f-9af4-871c922eb506.sorted_genome_alignments.bam,190687911,185287558,5400353,0.028320374
UNCID_1726903.c188647f-7c72-4228-acd8-de6e5892f7fe.sorted_genome_alignments.bam,204183019,188562235,15620784,0.076503835
UNCID_1726923.a6adbcc1-dc20-4d7f-8397-d699a64287e0.sorted_genome_alignments.bam,169098393,164327386,4771007,0.028214384
UNCID_1726949.5ee3613b-e8d8-44fb-a17b-1d5e59ed5fb8.sorted_genome_alignments.bam,162926086,154125653,8800433,0.05401488
UNCID_1726950.070ff02a-0851-4538-939c-01507b152e26.sorted_genome_alignments.bam,164679773,156508558,8171215,0.049618814
UNCID_1727101.c30a6cac-b8c1-490a-b897-bbf35dcf0cbc.sorted_genome_alignments.bam,184701365,175809547,8891818,0.048141593
UNCID_1727196.efc2a8d3-1ef2-4719-b60d-bd752edda684.sorted_genome_alignments.bam,178125591,173309459,4816132,0.027037844
UNCID_1727448.42ac5002-fdad-426e-9037-e5cc99d093eb.sorted_genome_alignments.bam,197634962,185691298,11943664,0.060432951
UNCID_1727552.5c5d18f0-dc25-4d65-9ea7-f90d69db0ce8.sorted_genome_alignments.bam,266551651,257073020,9478631,0.035560204
UNCID_1727619.73d7f45e-37a5-494b-8a00-31fc9d310b09.sorted_genome_alignments.bam,145514333,122530228,22984105,0.157950798
UNCID_1727647.e8cc9981-3f57-49cc-9779-72d1c50bc59a.sorted_genome_alignments.bam,192417296,187457635,4959661,0.025775547
UNCID_1727692.2a70e115-e2dd-4c26-bd20-b09c58f551c7.sorted_genome_alignments.bam,193443479,188354047,5089432,0.026309659
UNCID_1727738.2b684237-e6b2-4f87-882e-3fa8ffbb829e.sorted_genome_alignments.bam,184203419,179417391,4786028,0.025982297
UNCID_1727774.19f0564c-19e3-4e32-8362-750fc676f576.sorted_genome_alignments.bam,183302042,178216754,5085288,0.02774267
UNCID_1727833.c8506a16-e3ac-445d-bd12-65adf10e813f.sorted_genome_alignments.bam,182328616,177075595,5253021,0.028810733
UNCID_1727877.01816f78-7cee-4160-8a99-85cb23d3a124.sorted_genome_alignments.bam,180103406,174230680,5872726,0.032607523
UNCID_1727937.d42c9589-3960-4964-be28-83d275bdc672.sorted_genome_alignments.bam,210090259,204445378,5644881,0.026868837
UNCID_1728039.7e8e0292-b1af-48af-9c53-823d7e0432c9.sorted_genome_alignments.bam,198008609,191865070,6143539,0.031026626
UNCID_1728133.114b9dbd-0672-4b83-8bdc-cc2432f4fd91.sorted_genome_alignments.bam,197819024,193007650,4811374,0.0243221
UNCID_1728371.ce000792-03e1-4f52-b65c-046b2b504cf1.sorted_genome_alignments.bam,174327747,170135402,4192345,0.024048639
UNCID_1728401.17f52efc-8576-41cc-9ae0-e76c860ea47c.sorted_genome_alignments.bam,171300276,164828387,6471889,0.037780961
UNCID_1728491.cac2a45e-6d54-4e63-a921-3b4183b8677a.sorted_genome_alignments.bam,184022381,179478683,4543698,0.024691008
UNCID_1728508.4b5102ee-e3a7-4ea6-b993-853180be3e05.sorted_genome_alignments.bam,193044664,187395475,5649189,0.029263637
UNCID_1728576.ec85470e-1f9c-46fd-87d2-02b00947abb5.sorted_genome_alignments.bam,212701743,207366517,5335226,0.025083132
UNCID_1728672.9d5d8b6b-f214-4549-92d9-4ac85f21d25e.sorted_genome_alignments.bam,193129297,184062322,9066975,0.046947693
UNCID_1728702.cc2d2364-0f6a-4387-8b01-41402bfa15ee.sorted_genome_alignments.bam,172506280,167711833,4794447,0.027792884
UNCID_1728999.5cb8881d-dc6e-4b62-b9a3-d96c83d2567e.sorted_genome_alignments.bam,205906072,200678817,5227255,0.0253866
UNCID_1729015.131cd009-c2f2-4e38-a72d-2018af79986a.sorted_genome_alignments.bam,203020830,194812063,8208767,0.040433127
UNCID_1729389.4c1d10e6-c86a-4139-94f6-185a97377550.sorted_genome_alignments.bam,172136502,167437050,4699452,0.027300729
UNCID_1729569.1e9eb42f-6c0c-4bfe-8ffe-f300d2700697.sorted_genome_alignments.bam,210342588,205289667,5052921,0.024022339
UNCID_1729631.ab48f18b-485b-4258-9940-b8b536bd2d04.sorted_genome_alignments.bam,200613798,194921108,5692690,0.028376363
UNCID_1729644.44b567d8-025b-4f5b-80aa-4e19c6a6afc7.sorted_genome_alignments.bam,197961390,192273777,5687613,0.028730921
UNCID_1729730.828c21a3-2e9b-4c2e-b2b5-47ec3ad7c548.sorted_genome_alignments.bam,162558850,157802908,4755942,0.02925674
UNCID_1729778.e5ea7704-6e27-4c1e-878e-1bcc809cbf2b.sorted_genome_alignments.bam,204979540,200156553,4822987,0.023529114
UNCID_1729798.0fbc9c35-cfb7-40dc-8b00-8322eb00ffc9.sorted_genome_alignments.bam,174062564,168620698,5441866,0.031263851
UNCID_1729817.777339be-465d-4877-9f73-6c49b9326e73.sorted_genome_alignments.bam,195095935,189859826,5236109,0.026838637
UNCID_1730179.7e787a16-e77d-46eb-8666-7489349b5c82.sorted_genome_alignments.bam,159307891,153863213,5444678,0.034177077
UNCID_1730257.3790dc43-aa3d-4d1b-aa7a-340675c98bd4.sorted_genome_alignments.bam,151668960,147331416,4337544,0.028598759
UNCID_1730274.ee8dbce4-8e78-42dd-b090-8de64629f92f.sorted_genome_alignments.bam,198181089,192230811,5950278,0.030024449
UNCID_1730291.47d13480-7771-450a-ab70-07c8ca2eb14f.sorted_genome_alignments.bam,168074323,163625470,4448853,0.026469558
UNCID_1730460.3b6f54f6-1812-474f-aced-f6790e59611c.sorted_genome_alignments.bam,188280088,177058549,11221539,0.059600243
UNCID_1730605.8dfd97d6-25a9-4579-80a7-b3bb0ef53074.sorted_genome_alignments.bam,290434792,246031875,44402917,0.15288429
UNCID_1771542.cb2d5668-d44b-49dc-8941-79615d2fb6c2.sorted_genome_alignments.bam,144943934,137220385,7723549,0.053286459
UNCID_1771618.dbac085b-714a-408e-9e7f-cf0f5d79d52f.sorted_genome_alignments.bam,164674204,153688490,10985714,0.066711809
UNCID_1771627.de0a584e-117e-4cf6-8c4a-6fb040270eda.sorted_genome_alignments.bam,179065011,169690755,9374256,0.052351132
UNCID_1771657.9ad4cb9a-b29f-41cc-beab-46fad52897f4.sorted_genome_alignments.bam,182972741,170644249,12328492,0.067378845
UNCID_1771690.f542b8ee-9eec-4229-a25c-ba4d9d51723f.sorted_genome_alignments.bam,160884090,149768986,11115104,0.069087652
UNCID_1771729.4f0fdfc6-6578-4d9a-92ae-6d82291a3785.sorted_genome_alignments.bam,169356277,159099756,10256521,0.0605618
UNCID_1771776.9adad1de-52dd-48a2-b025-bc9081af4ac9.sorted_genome_alignments.bam,180828918,170303879,10525039,0.058204402
UNCID_1771799.7f374230-9b8d-4fda-a4d3-29c77ba5bedf.sorted_genome_alignments.bam,164165126,152670696,11494430,0.07001749
UNCID_1771925.bc94874b-f73a-44c8-bc6f-9ec50972c9b2.sorted_genome_alignments.bam,193306790,180692471,12614319,0.065255437
UNCID_1771943.359ed529-c947-47f9-8119-78f2fd038ee5.sorted_genome_alignments.bam,175420539,166223238,9197301,0.052430012
UNCID_1772158.5d549f61-0d8c-4851-b231-33f3e04643cf.sorted_genome_alignments.bam,208247734,193480320,14767414,0.070912724
UNCID_1772261.6c392517-fe3d-4d86-8397-c08734fe20cc.sorted_genome_alignments.bam,192067296,181537050,10530246,0.054825815
UNCID_1772313.20518691-782a-4e1d-8bef-3f1212884571.sorted_genome_alignments.bam,229400664,214761172,14639492,0.063816258
UNCID_1772341.b3687219-3921-4263-9d1f-7b9f525c5a05.sorted_genome_alignments.bam,173582942,162857424,10725518,0.061789009
UNCID_1772497.9cc387f7-67f8-44a7-882a-37d37ef2d97a.sorted_genome_alignments.bam,205405506,191142003,14263503,0.069440704
UNCID_1772532.9dee5379-3d01-4300-b416-32bbe469ae55.sorted_genome_alignments.bam,235503833,217744482,17759351,0.07541003
UNCID_1773274.6fb7bc7b-2198-410d-998d-fb9a3f8cb3fe.sorted_genome_alignments.bam,64814827,62961033,1853794,0.028601388
UNCID_1773288.2c178e64-b87b-4887-b599-cc928e45db86.sorted_genome_alignments.bam,76165393,73939234,2226159,0.029227959
UNCID_1776022.1c78c6f8-4e3c-40f1-afb2-b83a316b4c1a.sorted_genome_alignments.bam,142041989,137630767,4411222,0.031055761
UNCID_1777776.10e3d6b9-8f72-4902-94ca-f89811b98e35.sorted_genome_alignments.bam,129138029,125325099,3812930,0.029526004
UNCID_1778733.e867a2e9-dd1a-4da5-b786-1df0e5352030.sorted_genome_alignments.bam,151650531,146791651,4858880,0.03203998
UNCID_1779734.139abcca-ef3c-4520-9829-ebf4915d6b92.sorted_genome_alignments.bam,177323324,172494075,4829249,0.027234144
UNCID_1779947.f6b30464-1e34-4b52-baff-544f5fc8f52f.sorted_genome_alignments.bam,180779221,174500725,6278496,0.034730186
UNCID_1780031.f7df4f7f-cd8e-44ba-b16f-203d6049c4fa.sorted_genome_alignments.bam,163679056,158639676,5039380,0.030788179
UNCID_1780179.33f711ae-41c4-415e-8faf-3d7984c4b5cb.sorted_genome_alignments.bam,187368664,181468001,5900663,0.031492262
UNCID_1780670.0cc201f9-d974-4441-b052-1fc4279131c8.sorted_genome_alignments.bam,94426999,89838208,4588791,0.048596175
UNCID_1780751.edde0611-3cdb-4f1c-a259-68cb4a905bea.sorted_genome_alignments.bam,148008771,141695770,6313001,0.042652884
UNCID_1780787.50dd2bb1-e069-42f8-89f4-1e3055adafee.sorted_genome_alignments.bam,150867199,146858157,4009042,0.026573318
UNCID_1780816.71704004-c6ff-403f-9480-4a25dd087bee.sorted_genome_alignments.bam,99792520,96084110,3708410,0.037161202
UNCID_1780892.2e609497-e790-42cf-9cd1-7f2f03741adf.sorted_genome_alignments.bam,114911446,109784057,5127389,0.044620351
UNCID_1780920.a28a6e48-d0c8-434d-a9f6-22b7f6a44707.sorted_genome_alignments.bam,133034962,129507621,3527341,0.026514391
UNCID_1780998.6dca96d6-fdfa-4f4d-91d4-f29ad13c959f.sorted_genome_alignments.bam,136452460,129706649,6745811,0.049437079
UNCID_1781005.b63c5cf4-5e75-498e-b08f-ceb835b71182.sorted_genome_alignments.bam,130634679,125323854,5310825,0.040654021
UNCID_1781040.7da31566-c632-479e-93d1-01488621c12b.sorted_genome_alignments.bam,123385566,120047275,3338291,0.027055766
UNCID_1781082.a2ce6ade-bf78-481f-a75f-22f731abc9ca.sorted_genome_alignments.bam,113926876,110428866,3498010,0.030703993
UNCID_1781098.7dab0105-975d-459f-97d3-f1462afddd4d.sorted_genome_alignments.bam,128362308,123811413,4550895,0.035453515
UNCID_1781103.ecf539d8-a411-43d8-8ce4-97a19c6ed6c5.sorted_genome_alignments.bam,125201513,120829302,4372211,0.034921391
UNCID_1781129.85dd63e4-f58f-401d-8a76-cabc67a06fa9.sorted_genome_alignments.bam,119548908,114291569,5257339,0.04397647
UNCID_1781143.c809549e-bd06-4b47-a3ff-dd2dbb2dfd2c.sorted_genome_alignments.bam,107008630,103962145,3046485,0.028469526
UNCID_1781178.e35d643d-003d-4eed-88ce-65b7d4ba5a92.sorted_genome_alignments.bam,103788004,101085564,2702440,0.026038077
UNCID_1781208.b0617934-4319-4d0c-aac4-c004349926f7.sorted_genome_alignments.bam,131554513,126551972,5002541,0.038026373
UNCID_1781241.50d204f6-742d-4458-bf96-b39e2d692cd2.sorted_genome_alignments.bam,117894812,112731473,5163339,0.043796151
UNCID_1781256.b1a08390-b233-490f-8b9c-bb7ca78e6cab.sorted_genome_alignments.bam,129170435,124764871,4405564,0.034106597
UNCID_1781261.e1921d3b-cb2c-4a65-8cd9-07268cc10903.sorted_genome_alignments.bam,131912494,126646031,5266463,0.039923913
UNCID_1781269.221bd562-e77d-4374-9491-efb5c3b026c3.sorted_genome_alignments.bam,143154878,137351667,5803211,0.04053799
UNCID_1781299.737716a4-7b84-4049-935a-71f4496ccc97.sorted_genome_alignments.bam,118772664,114544153,4228511,0.035601719
UNCID_1781300.caa3723b-04fc-4269-9df3-227a3f131f10.sorted_genome_alignments.bam,116304428,111234111,5070317,0.043595219
UNCID_1781346.f686cc71-5307-49cc-a421-27816e0dc7ae.sorted_genome_alignments.bam,112719099,109036121,3682978,0.032673948
UNCID_1781386.f1e06c46-dbe7-4e9c-9a9b-e37e9d5b8deb.sorted_genome_alignments.bam,108939015,105527023,3411992,0.031320202
UNCID_1781389.9d0e5f4b-9121-417f-bfa7-6abbfcecc2c9.sorted_genome_alignments.bam,141020708,134688023,6332685,0.044906064
UNCID_1781410.68ecb607-d2d8-452d-a58d-23c0831be131.sorted_genome_alignments.bam,130710680,126032101,4678579,0.035793395
UNCID_1781428.52a6f698-2bd3-410f-9245-b6811e31bc55.sorted_genome_alignments.bam,142733270,137906808,4826462,0.033814555
UNCID_1781463.d6ef59bf-3da0-4399-842c-3067f53d2f4f.sorted_genome_alignments.bam,152883658,147233946,5649712,0.036954322
UNCID_1781488.4cca2f70-fb21-4bfa-b544-c8e7ff4cf58a.sorted_genome_alignments.bam,103916664,100911860,3004804,0.028915516
UNCID_1781503.e4a881ab-362f-4ddc-a80f-2d4eb2a96258.sorted_genome_alignments.bam,109471845,105049905,4421940,0.0403934
UNCID_1781570.bd5b7c93-fabe-4bb8-a78f-981aeed75d79.sorted_genome_alignments.bam,197957410,191844440,6112970,0.030880228
UNCID_1781612.24be3a59-8143-4138-bc1a-942944061447.sorted_genome_alignments.bam,112021156,108530318,3490838,0.03116231
UNCID_1781625.73220a3d-e4e3-4494-a832-86baa98333b4.sorted_genome_alignments.bam,172300000,166743166,5556834,0.032250923
UNCID_1781651.c18465ae-447d-46c8-8b54-0156ab502265.sorted_genome_alignments.bam,124087506,118894162,5193344,0.041852272
UNCID_1781683.578f08c1-84d4-4dea-8b0d-a41a803bb7ce.sorted_genome_alignments.bam,101268835,98361768,2907067,0.028706433
UNCID_1781701.58d47d74-8218-4ec8-9956-f737382d4f30.sorted_genome_alignments.bam,104257232,100745660,3511572,0.033681807
UNCID_1781763.ea40f663-3f52-4efe-98a4-7fe321aa4964.sorted_genome_alignments.bam,117966104,114156275,3809829,0.032295964
UNCID_1781814.354e7bb8-0b64-40ad-ac20-af3dbacb8e16.sorted_genome_alignments.bam,156430228,150781839,5648389,0.03610804
UNCID_1781897.e68b253d-6149-4c42-a5b3-1ddc2448759b.sorted_genome_alignments.bam,230037571,223854269,6183302,0.026879531
UNCID_1781968.745e0cd1-721b-4598-b560-3efdccaa854f.sorted_genome_alignments.bam,138745313,135114503,3630810,0.026168884
UNCID_1782097.d2580e75-3a28-443d-916e-d689f97d6962.sorted_genome_alignments.bam,112595472,109483194,3112278,0.027641236
UNCID_1782153.c802ea4d-922b-4a14-a74d-95f3ca10f9a3.sorted_genome_alignments.bam,155039604,149802255,5237349,0.033780717
UNCID_1782200.ee2d17da-c7dd-4240-a45f-23e52418be3a.sorted_genome_alignments.bam,116360790,112701895,3658895,0.031444398
UNCID_1782241.0e3fb123-3857-43d4-8ba7-46412571ccdf.sorted_genome_alignments.bam,120583484,117032847,3550637,0.029445467
UNCID_1782278.ce5ac357-df4c-4dc3-b899-55328a21dc18.sorted_genome_alignments.bam,106905452,102368272,4537180,0.042441053
UNCID_1782770.04c767c7-f458-4610-880f-1fc5424170fa.sorted_genome_alignments.bam,113610341,110573557,3036784,0.02672982
UNCID_1782833.c479f86b-22b4-420d-9177-91551f60a907.sorted_genome_alignments.bam,118533368,115382548,3150820,0.026581713
UNCID_1782938.2f165c52-b5b5-4c07-8048-1f1b32faa7c3.sorted_genome_alignments.bam,115088981,111670622,3418359,0.029701879
UNCID_1783013.e5a1aad9-6d5d-4590-84b0-f719b7fb33a5.sorted_genome_alignments.bam,106371960,103402546,2969414,0.027915383
UNCID_1783030.ec575115-1302-4b57-afc0-8dcbb47c0b41.sorted_genome_alignments.bam,120786082,117093709,3692373,0.030569524
UNCID_1783217.bec98631-8daf-4f90-a095-485b8078e4d6.sorted_genome_alignments.bam,113187196,109874927,3312269,0.029263637
UNCID_1783499.100d05e8-c2b5-4177-8685-b47875a5614c.sorted_genome_alignments.bam,119916814,116697377,3219437,0.026847253
UNCID_1783502.8e95aefa-3df8-4c97-abda-bb4e8b3309e2.sorted_genome_alignments.bam,101747895,98989642,2758253,0.027108698
UNCID_1783519.8f8b493a-366c-4961-9586-bbc80878d91b.sorted_genome_alignments.bam,106875653,103112636,3763017,0.035209301
UNCID_1783730.95f8c3eb-2072-4fa1-bcdf-3403580f1a0c.sorted_genome_alignments.bam,125124126,121762554,3361572,0.026865898
UNCID_1783832.9be88350-4691-41cb-88c5-d1676dca68ab.sorted_genome_alignments.bam,105634909,101533925,4100984,0.038822242
UNCID_1783847.495bec4f-0d23-40ca-bcab-f03dd724137f.sorted_genome_alignments.bam,140242220,136546528,3695692,0.026352207
UNCID_1783890.5e1e93f4-c5a1-4137-9ae2-4beff960b56e.sorted_genome_alignments.bam,136517737,132604717,3913020,0.028663089
UNCID_1783906.45ef09fb-4989-4774-812a-e33937b13621.sorted_genome_alignments.bam,135789235,131781978,4007257,0.029510859
UNCID_1783968.56da8a36-15d0-4140-8164-4965945eb218.sorted_genome_alignments.bam,115292656,111799127,3493529,0.030301401
UNCID_1784029.ee650e88-f485-4dae-aa97-0775d9b0a7bf.sorted_genome_alignments.bam,92926711,90179524,2747187,0.029562942
UNCID_1784130.9a966df0-da41-4dd8-856a-82b40056c0d1.sorted_genome_alignments.bam,110725072,107169382,3555690,0.032112781
UNCID_1784131.002f75a0-98e8-4b4b-a568-538b79703c19.sorted_genome_alignments.bam,106461327,103321860,3139467,0.029489272
UNCID_1784332.0d8e19e9-20fd-4b1a-98ea-2a7262b58c73.sorted_genome_alignments.bam,105829937,103261559,2568378,0.024268917
UNCID_1784374.29a63711-6e49-4659-a7e0-8e8fef23a941.sorted_genome_alignments.bam,106067062,102487018,3580044,0.033752646
UNCID_1784456.86414f87-c2a2-4ecb-92eb-7663492ba76b.sorted_genome_alignments.bam,141593038,137218132,4374906,0.030897748
UNCID_1784479.1493b166-ffc2-4689-8b77-a8b972b6dbc0.sorted_genome_alignments.bam,101784828,98946317,2838511,0.027887368
UNCID_1784565.c0dfbc46-52e7-454f-8cca-ac933ed31789.sorted_genome_alignments.bam,100004084,96666849,3337235,0.033370987
UNCID_1784652.6fcc9bee-2d5f-4f75-9710-381d57fc883c.sorted_genome_alignments.bam,137979732,134084103,3895629,0.028233342
UNCID_1784671.2fd204da-a117-4329-a2f3-41bc869b1ee1.sorted_genome_alignments.bam,112170095,109122181,3047914,0.027172251
UNCID_1784731.7e7bd6d1-e7ee-472c-9c03-abcf2bff5688.sorted_genome_alignments.bam,116500253,113370537,3129716,0.026864457
UNCID_1784762.6d26af33-f181-4b3f-95b9-ac3c15c96592.sorted_genome_alignments.bam,112858385,109705694,3152691,0.027934929
UNCID_1784777.76dbad94-73a2-4903-8a6f-3f3b40ce6f48.sorted_genome_alignments.bam,122551845,119221633,3330212,0.027173903
UNCID_1784816.5dce6ab3-c24f-4de9-ba94-6b9589e87735.sorted_genome_alignments.bam,121722601,117971091,3751510,0.03082016
UNCID_1784858.798972e4-04d6-498b-9fe8-6ca7c2868da0.sorted_genome_alignments.bam,127482100,123645103,3836997,0.03009832
UNCID_1785118.72540fd3-40fd-44bb-8114-38b71afa16d0.sorted_genome_alignments.bam,128964831,125439848,3524983,0.027332901
UNCID_1785681.596101F8-7371-46AB-B3C6-D54355719064.sorted_genome_alignments.bam,144039210,140561860,3477350,0.02414169
UNCID_1791488.84834bf6-2a9c-4c2d-adcc-0e9a772c4cfe.sorted_genome_alignments.bam,106937874,103770297,3167577,0.029620722
UNCID_1793110.7ac6df66-aaf9-4347-8a32-a23147f58acf.sorted_genome_alignments.bam,111944814,107513149,4431665,0.039587944
UNCID_1793538.caf2f9a3-64ca-44a0-bb55-23f5f50ed6a9.sorted_genome_alignments.bam,140824356,136360566,4463790,0.031697571
UNCID_1793551.b3ce7ee4-fc5e-445c-b1ca-5f324b33678a.sorted_genome_alignments.bam,192261026,179212036,13048990,0.067871218
UNCID_1793853.4545ed8f-a83b-4049-9504-ba673ecd6d1d.sorted_genome_alignments.bam,171751264,159887109,11864155,0.069077541
UNCID_1793924.59b2f0cb-4789-4642-9aa6-605a1ebb0e32.sorted_genome_alignments.bam,184325308,174481914,9843394,0.053402292
UNCID_1793953.bdbeb4d2-aa03-492f-b43c-8b1c49d5b0ee.sorted_genome_alignments.bam,102329785,96921569,5408216,0.052850849
UNCID_1793970.176b2422-3599-41c5-be62-ae6e28d60b90.sorted_genome_alignments.bam,172514584,165377686,7136898,0.041369824
UNCID_1794071.185d3410-2daa-4d28-ab60-a7c13ae9d4fb.sorted_genome_alignments.bam,205026980,194309183,10717797,0.052275057
UNCID_1794096.966a397b-871a-4604-b515-4b90779b5134.sorted_genome_alignments.bam,120114450,114979185,5135265,0.042753099
UNCID_1794486.8cba00ec-2a7f-4af0-bd7b-87a4d9d1cd9b.sorted_genome_alignments.bam,105395376,101755352,3640024,0.034536847
UNCID_1794504.02425503-99c9-4a4e-841f-5b8b4de64148.sorted_genome_alignments.bam,111565042,106992477,4572565,0.040985643
UNCID_1794565.3bdc62fe-be13-4028-bbec-6e3465f80888.sorted_genome_alignments.bam,110501669,105352372,5149297,0.046599269
UNCID_1794644.e11b286b-e614-4ab3-8ad0-002a183dcb94.sorted_genome_alignments.bam,98478893,93347981,5130912,0.052101642
UNCID_1794666.de496c8a-d9ad-4339-98e6-b224026384b2.sorted_genome_alignments.bam,117477444,112729037,4748407,0.040419734
UNCID_1794741.02cb8dbe-ef56-471c-b52d-41c29219fd95.sorted_genome_alignments.bam,107928008,103423995,4504013,0.041731642
UNCID_1795888.8878d8e4-bd26-4acf-883c-b46103062bf4.sorted_genome_alignments.bam,105999025,101951089,4047936,0.038188427
UNCID_1795902.fbf67b9e-05a7-4280-a7b8-13363f1bd1c4.sorted_genome_alignments.bam,112192918,107607221,4585697,0.04087332
UNCID_1795920.a2a6704f-accd-4fd7-8c54-04dc1a2efba6.sorted_genome_alignments.bam,118346136,113852704,4493432,0.037968557
UNCID_1795935.08a2202b-31f5-4559-90f9-c1ecd73d613b.sorted_genome_alignments.bam,104215483,99373072,4842411,0.04646537
UNCID_1795972.df2f08c6-d160-46af-aafa-f6c7886f3a92.sorted_genome_alignments.bam,120163339,114961876,5201463,0.043286605
UNCID_1796006.0d76a939-8917-41f8-b61f-d87b0a4fa568.sorted_genome_alignments.bam,115914283,111202210,4712073,0.040651358
UNCID_1796140.9fbb6479-13b9-4202-8c32-27981e2658a2.sorted_genome_alignments.bam,115882055,110157021,5725034,0.049403974
UNCID_1796143.7beba335-8982-4dfe-8782-7ec8cbea91ed.sorted_genome_alignments.bam,111533718,106949109,4584609,0.041105139
UNCID_1796254.a2ba7b50-7ff5-420d-be38-49b2050298f3.sorted_genome_alignments.bam,135855006,130460823,5394183,0.039705442
UNCID_1796255.a4009b02-e60c-47a5-8b18-47d56fd2aa9e.sorted_genome_alignments.bam,118952034,113421354,5530680,0.046495044
UNCID_1796287.b9ea9694-d656-4fa2-8f93-f651ad81483f.sorted_genome_alignments.bam,112988580,107106414,5882166,0.052059828
UNCID_1797048.affaf79d-f5a4-45a3-9cbf-181c473a8b2a.sorted_genome_alignments.bam,164316276,158686279,5629997,0.034263173
UNCID_1797226.45684bfb-a8c1-4224-a632-a93aa7f70b47.sorted_genome_alignments.bam,170400493,164371550,6028943,0.035381019
UNCID_1797295.d1983eba-5033-4b14-959c-71b17a066998.sorted_genome_alignments.bam,116955658,112158768,4796890,0.041014604
UNCID_1797311.8c79f5ec-ce4f-4c86-8d1c-71495c276d74.sorted_genome_alignments.bam,175257257,168738104,6519153,0.037197621
UNCID_1797408.a4afd001-11fa-4bce-8766-b60b54566fcd.sorted_genome_alignments.bam,184343716,178280928,6062788,0.032888498
UNCID_1797513.2436079d-3e40-4c50-9f99-85d4a8c2ddac.sorted_genome_alignments.bam,144977489,139476978,5500511,0.037940449
UNCID_1797877.92c0e4e0-e7a5-486b-82f9-ba7621a10b83.sorted_genome_alignments.bam,178530908,172402485,6128423,0.034326958
UNCID_1798573.1c2972fc-456c-4567-be96-bde9d39a0b76.sorted_genome_alignments.bam,150328159,144631043,5697116,0.037897863
UNCID_1801780.ecf0b608-fed2-4082-a936-8f9cf510be99.sorted_genome_alignments.bam,85807014,82987067,2819947,0.032863829
UNCID_1801860.6d731b41-f8d6-489f-a81c-a458b31e9043.sorted_genome_alignments.bam,97126549,93548259,3578290,0.036841523
UNCID_1801929.29e4210f-709c-457d-a570-7054ce29ef99.sorted_genome_alignments.bam,114758039,110890002,3868037,0.033706022
UNCID_1801940.94bcd902-dea9-4d95-a202-943d226f7ad5.sorted_genome_alignments.bam,129767683,125474690,4292993,0.033082143
UNCID_1801969.2f31b846-4424-438e-b169-c1989b288920.sorted_genome_alignments.bam,106439966,99198335,7241631,0.068034886
UNCID_1802011.b4fe4472-ff04-497b-bd11-f9bab81b2062.sorted_genome_alignments.bam,110477627,105940744,4536883,0.041066079
UNCID_1802071.ab83c3ff-29a1-422c-89fb-2c815de358cd.sorted_genome_alignments.bam,116721974,112063429,4658545,0.039911465
UNCID_1802094.3adb2bd1-1df6-4f20-b3d0-6ecb410505ea.sorted_genome_alignments.bam,118784834,114317067,4467767,0.037612268
UNCID_1802166.05cebc11-0dce-482c-893e-5b279ec67a78.sorted_genome_alignments.bam,121907247,117865530,4041717,0.033154034
UNCID_1802235.0eb5967b-472f-446b-8b04-a6c7480b166a.sorted_genome_alignments.bam,117381813,113268417,4113396,0.035042873
UNCID_1802304.e2e46f4c-b069-4c80-9ff0-ec6d45e14fb7.sorted_genome_alignments.bam,134827837,130583906,4243931,0.031476668
UNCID_1802422.e4a168d2-b3ca-47c3-af94-93c4a6d90560.sorted_genome_alignments.bam,137855530,131662404,6193126,0.044924756
UNCID_1803689.28c3f171-d7e6-40f2-8764-45b22ede8a0e.sorted_genome_alignments.bam,84699720,81407783,3291937,0.038865973
UNCID_1803722.6bff2e04-5771-4e5e-a98e-b1e1e0cd1774.sorted_genome_alignments.bam,119369703,115165426,4204277,0.035220637
UNCID_1803739.ee1ed607-fb29-4475-9767-37a80ec7cdcd.sorted_genome_alignments.bam,55201200,52927248,2273952,0.041193887
UNCID_1803822.9043031b-caea-441e-8187-34f63ab36978.sorted_genome_alignments.bam,103444197,100110664,3333533,0.032225423
UNCID_1803874.4c3f5930-d886-436e-861a-7ed08c44e32b.sorted_genome_alignments.bam,65634178,62528313,3105865,0.047320849
UNCID_1803936.bdc32766-c722-43b9-946b-5204fd535f87.sorted_genome_alignments.bam,70899877,67405179,3494698,0.049290607
UNCID_1804059.c90eedc2-4b27-479c-b857-9a19267164dc.sorted_genome_alignments.bam,112389907,108579408,3810499,0.033904281
UNCID_1804189.e4eaae39-90e1-4900-af4c-f9211149a4f5.sorted_genome_alignments.bam,122243720,118353308,3890412,0.031825046
UNCID_1804228.f017e087-41c2-495b-82bd-8d425a4aacf4.sorted_genome_alignments.bam,118882183,113039075,5843108,0.04915041
UNCID_1804266.4e92fe80-4985-4b69-bab6-aece3c61c695.sorted_genome_alignments.bam,129622899,124540666,5082233,0.039207833
UNCID_1804268.e931ef71-b983-438e-8fce-d08b3d37fb61.sorted_genome_alignments.bam,141326562,136410582,4915980,0.034784544
UNCID_1804304.a5315ab1-d2f9-4d83-a1d5-7c903573d695.sorted_genome_alignments.bam,137733384,132851294,4882090,0.035445945
UNCID_1804469.699710f3-f0ca-4875-ba01-b1196e9afeeb.sorted_genome_alignments.bam,125401270,121552847,3848423,0.030688868
UNCID_1804503.75c8ccb7-9a13-4e28-9946-9a80e13ba160.sorted_genome_alignments.bam,131643211,127205150,4438061,0.033712798
UNCID_1804652.6805b5da-d028-436d-85a7-1d151da16731.sorted_genome_alignments.bam,116415231,112745310,3669921,0.031524406
UNCID_1804712.c428bc7d-84de-46e7-97ad-5994999e183e.sorted_genome_alignments.bam,125358194,120912849,4445345,0.035461144
UNCID_1804740.14d89fac-d1b8-41fb-b812-0ba78aa61d90.sorted_genome_alignments.bam,121093094,117425454,3667640,0.030287772
UNCID_1804865.5693546f-76cc-460e-ae90-01d44f010cda.sorted_genome_alignments.bam,155844745,150893677,4951068,0.031769233
UNCID_1804890.a4bf07a3-893a-462a-bd60-821fab35608d.sorted_genome_alignments.bam,132880655,127717015,5163640,0.03885923
UNCID_1804905.5f8c2272-4530-45b3-a6d7-00de9be46d71.sorted_genome_alignments.bam,133191039,128733864,4457175,0.033464526
UNCID_1804970.2ff064bb-9e08-497e-a83a-7360cf80f62d.sorted_genome_alignments.bam,136968328,132943243,4025085,0.029386976
UNCID_1805000.4a01323f-408b-4e74-8686-ee6d4d076ee8.sorted_genome_alignments.bam,131937375,126200762,5736613,0.043479818
UNCID_1805126.3558d726-a24a-417e-bc54-4ea732a1c50c.sorted_genome_alignments.bam,131777932,126764090,5013842,0.03804766
UNCID_1805267.9fa69546-20fc-49d2-bac2-7db3587e0a0a.sorted_genome_alignments.bam,134183925,129557787,4626138,0.034476097
UNCID_1805367.0593faf5-8fcc-4aba-a926-c06c70cef7a8.sorted_genome_alignments.bam,179376762,169634971,9741791,0.054309103
UNCID_1805401.8875aad0-5dfd-4fad-b9ea-69fbb472845c.sorted_genome_alignments.bam,144080028,139695869,4384159,0.030428638
UNCID_1805467.f47007db-f16a-4721-aac4-c7fb6e9ca868.sorted_genome_alignments.bam,169125635,159595434,9530201,0.056349831
UNCID_1805523.2fa59be9-ecde-49b2-b109-7000d5180847.sorted_genome_alignments.bam,197479130,190864086,6615044,0.033497433
UNCID_1805627.5d5982c0-530f-4b2b-b1fb-d70c8168c793.sorted_genome_alignments.bam,118664332,114668024,3996308,0.033677415
UNCID_1805722.e04bddbb-224b-4c6c-a8c8-88fd42a52ac5.sorted_genome_alignments.bam,210995918,202551122,8444796,0.040023504
UNCID_1805739.b2d76401-5eae-4aa9-9c5c-3d6ad41f50d9.sorted_genome_alignments.bam,172820443,148575386,24245057,0.140290446
UNCID_1805766.40c7e862-e1f6-4425-af9d-c9d07161a2ed.sorted_genome_alignments.bam,184060355,177908824,6151531,0.033421271
UNCID_1805811.976a1b88-ed7a-493a-8ac9-3d504edfbc76.sorted_genome_alignments.bam,167272337,157661436,9610901,0.057456607
UNCID_1805856.4d9bb08c-d954-4e14-aff2-3bec55cdf1c1.sorted_genome_alignments.bam,206018949,196402657,9616292,0.046676736
UNCID_1805895.6b70d210-9cbd-44bc-a770-a075fd0d4672.sorted_genome_alignments.bam,197534095,190761580,6772515,0.034285296
UNCID_1805951.2a591fdd-c9e5-4c6e-90f8-8f993450a8d7.sorted_genome_alignments.bam,182091244,173900018,8191226,0.044984184
UNCID_1805987.bbb7f769-ac55-4e7f-b0bf-acc36294bb05.sorted_genome_alignments.bam,180187171,169518988,10668183,0.059206119
UNCID_1806103.fc895598-73b9-4269-a250-52e4475c6be7.sorted_genome_alignments.bam,178582270,164690648,13891622,0.077788361
UNCID_1806122.7c355987-c70f-43f1-94cc-f4d12afe0132.sorted_genome_alignments.bam,207273186,201102107,6171079,0.029772684
UNCID_1806145.9a9d7ee5-e3fa-491f-ab5b-0ab69652b8a5.sorted_genome_alignments.bam,188091065,179207911,8883154,0.047227942
UNCID_1806203.0a423f86-ffa5-4c16-97ab-2d262c34fd41.sorted_genome_alignments.bam,165336621,148418272,16918349,0.102326689
UNCID_1806228.f6cbfa5a-7d10-4efb-ae74-195e1a1e9774.sorted_genome_alignments.bam,185634567,171093560,14541007,0.078331354
UNCID_1806277.043d5dcd-1524-402b-939c-984a1dc916a0.sorted_genome_alignments.bam,184110074,177812262,6297812,0.034206776
UNCID_1806348.799df122-75f1-46bf-8b5e-ca557cd38d53.sorted_genome_alignments.bam,177466396,169686895,7779501,0.043836474
UNCID_1806361.42c88ed3-de96-487d-8b03-e1d4269d0505.sorted_genome_alignments.bam,224054498,216193967,7860531,0.035083121
UNCID_1806384.2ec1df5c-7272-44f4-922c-cdd6ba37f6b6.sorted_genome_alignments.bam,181515032,172950040,8564992,0.047186131
UNCID_1806441.e0a10445-6266-4f41-a747-fb19d7182652.sorted_genome_alignments.bam,193683045,185715666,7967379,0.041136172
UNCID_1806460.fc2aa9aa-3df5-4723-9892-95edcc92bb6f.sorted_genome_alignments.bam,191149050,183641671,7507379,0.039275
UNCID_1806528.90d04601-4a15-44fc-bf1b-e0859310e644.sorted_genome_alignments.bam,159861228,155300073,4561155,0.028531965
UNCID_1806589.b1dbf4a7-16f8-49bc-a89f-aeac729e3c3c.sorted_genome_alignments.bam,187714266,179133099,8581167,0.045713984
UNCID_1806653.7fdcbf9d-e485-4b2b-8b9e-dba41ceed97b.sorted_genome_alignments.bam,158995089,154283284,4711805,0.029634909
UNCID_1806672.20d25e27-b509-45eb-a734-9b8d6a40c632.sorted_genome_alignments.bam,174015809,169184061,4831748,0.027766144
UNCID_1808344.2e83ed1e-fbff-4729-8dfa-c070aa13c78e.sorted_genome_alignments.bam,178916344,174318794,4597550,0.025696646
UNCID_1808377.990bafa2-fdcf-4e80-aeb3-702157438626.sorted_genome_alignments.bam,208213182,202921546,5291636,0.02541451
UNCID_1808411.0ab02d97-2058-47bc-bc0d-3ec662c0b2d6.sorted_genome_alignments.bam,195401630,190222252,5179378,0.026506319
UNCID_1808443.3f4f3e8c-af8c-405e-8fd4-c971f394e35f.sorted_genome_alignments.bam,190897996,186310547,4587449,0.024030891
UNCID_1808450.e35ae11f-244b-42bf-b506-1dc1f612b414.sorted_genome_alignments.bam,180706942,175217317,5489625,0.030378606
UNCID_1808459.c2624390-7f99-4346-b10d-568de512a8f9.sorted_genome_alignments.bam,189409493,184881956,4527537,0.023903432
UNCID_1808519.f6c0f677-2bd8-4406-8d44-f0d2d1c02763.sorted_genome_alignments.bam,186650290,179625775,7024515,0.037634632
UNCID_1808747.0c5d09fe-e0e0-4cfa-9cd8-802b5725a3f6.sorted_genome_alignments.bam,205697756,198198218,7499538,0.036459017
UNCID_1809502.a4367d0e-d5a3-4865-8c58-4ef4c5493465.sorted_genome_alignments.bam,188687724,180147237,8540487,0.045262547
UNCID_1809843.f8243dda-830f-4c7e-bde2-20bad21725d0.sorted_genome_alignments.bam,202326223,197094166,5232057,0.02585951
UNCID_1809976.c859b0e7-c582-41af-83d7-83ac07f53d13.sorted_genome_alignments.bam,196956427,191739531,5216896,0.026487564
UNCID_1810186.c9016384-8eed-48c1-9fb0-cdd96cd66b81.sorted_genome_alignments.bam,211935059,205108151,6826908,0.032212264
UNCID_1810213.ca5c5719-d6af-46a4-8abd-114cef627fc2.sorted_genome_alignments.bam,214373713,206962532,7411181,0.034571314
UNCID_1810549.62f93124-31ae-499b-b550-4f24be28024e.sorted_genome_alignments.bam,220714272,215388155,5326117,0.024131276
UNCID_1810908.b4561112-1099-48a5-9bf9-beb2220cf597.sorted_genome_alignments.bam,240051532,232850640,7200892,0.029997276
UNCID_1811017.f9410d08-1525-4bf7-9c7c-939a2abe60ae.sorted_genome_alignments.bam,74616252,71173615,3442637,0.046137898
UNCID_1811054.923e19e4-d166-4950-b763-259603ded444.sorted_genome_alignments.bam,243107667,237930028,5177639,0.02129772
UNCID_1811104.e578bc5f-42e0-488e-9c6a-f017c455ef4d.sorted_genome_alignments.bam,69510763,67270229,2240534,0.032232908
UNCID_1811161.a08a4bad-be55-45b1-b4a9-c447ecc3fbd5.sorted_genome_alignments.bam,84107348,80611479,3495869,0.041564371
UNCID_1811292.b84b00dc-8f6c-4fed-b820-62b7f38a5376.sorted_genome_alignments.bam,96689513,93729881,2959632,0.030609648
UNCID_1811374.23447051-b9ad-4eb7-845c-2c4c1a71301a.sorted_genome_alignments.bam,89281690,86559776,2721914,0.030486811
UNCID_1811400.9acea60b-7f25-4abe-97a0-379c90922d72.sorted_genome_alignments.bam,102542372,98939356,3603016,0.035136851
UNCID_1811552.d848fe92-a3fc-43a1-98e7-43e31155f27e.sorted_genome_alignments.bam,106410040,101758551,4651489,0.043712877
UNCID_1811966.64bf47b5-577f-4ce2-a6e3-374a35f9a58f.sorted_genome_alignments.bam,143530303,137607115,5923188,0.041267857
UNCID_1812251.b91e601e-6aaa-4ad9-86c9-92f96bb2c6fe.sorted_genome_alignments.bam,93909637,89178104,4731533,0.050383892
UNCID_1812254.116eb411-e34a-4d37-8fce-87b72c902529.sorted_genome_alignments.bam,100875020,98025189,2849831,0.028251107
UNCID_1812310.9774e154-3b3f-45ce-8082-243bd03a0493.sorted_genome_alignments.bam,87774554,83790643,3983911,0.045387995
UNCID_1812610.a323e90d-02b3-4f8f-8d70-f3ca2957e4d5.sorted_genome_alignments.bam,163783529,158003687,5779842,0.035289519
UNCID_1812615.d283ed4c-330c-41a9-accd-e73fc689d94a.sorted_genome_alignments.bam,109865354,106152275,3713079,0.033796633
UNCID_1812644.bac7f8ed-938d-4827-8180-d06ce460aa61.sorted_genome_alignments.bam,126527476,122224567,4302909,0.034007704
UNCID_1812884.26641854-14AE-4797-B404-F3A143892BC9.sorted_genome_alignments.bam,173201899,168676807,4525092,0.026126111
UNCID_1813383.712f8dd6-0b5f-49f1-8fd1-d220d1e174cd.sorted_genome_alignments.bam,115210192,112019150,3191042,0.027697567
UNCID_1815183.fad69aee-febe-4893-86a4-e71c0b22b9f4.sorted_genome_alignments.bam,141644482,134777326,6867156,0.048481634
UNCID_1815225.6899de21-8648-45fa-a519-679b0438f848.sorted_genome_alignments.bam,157762903,151942323,5820580,0.036894478
UNCID_1815251.9ebc9830-2f01-4528-bd95-ae8dfcb2c0a6.sorted_genome_alignments.bam,165098903,159478420,5620483,0.034043127
UNCID_1815252.3a1dd504-78ab-4d25-8f28-2f077a511946.sorted_genome_alignments.bam,157347853,151355723,5992130,0.038082058
UNCID_1815259.2242fa55-5ea8-4143-92aa-f5bab77f6cec.sorted_genome_alignments.bam,164463957,158859706,5604251,0.034075861
UNCID_1815275.4743ae20-4a24-475b-9d1a-3def852738b3.sorted_genome_alignments.bam,158661337,153276777,5384560,0.033937442
UNCID_1815335.db75b249-f02e-47d8-ba4c-37a5ba7c4b33.sorted_genome_alignments.bam,165306335,159748916,5557419,0.033618911
UNCID_1815371.e73d9fe9-8abb-454e-9b62-90bde2e5c5a9.sorted_genome_alignments.bam,168204184,162168995,6035189,0.035880136
UNCID_1815382.f68cffac-4db9-470c-b726-01fb876a381a.sorted_genome_alignments.bam,171218157,165010122,6208035,0.036258041
UNCID_1815391.456b83a3-79b9-41ec-8745-95c57c67ab60.sorted_genome_alignments.bam,170068883,163089655,6979228,0.041037654
UNCID_1815437.75016f4c-257e-4e24-9e91-5ab4b8c53e5a.sorted_genome_alignments.bam,173885206,167503222,6381984,0.036702283
UNCID_1815465.3c4590d9-788e-4e04-a7e8-b912698ebb74.sorted_genome_alignments.bam,182553153,175200362,7352791,0.040277535
UNCID_1815495.1b95fcab-d55c-49b8-b3eb-0b156ca02812.sorted_genome_alignments.bam,175198098,168044154,7153944,0.040833457
UNCID_1815522.bde8a6f0-44cd-4627-adab-5a040bee35c4.sorted_genome_alignments.bam,151677238,147753137,3924101,0.02587139
UNCID_1815546.efa4eabe-882d-48fc-b422-0d612ff64a12.sorted_genome_alignments.bam,155827075,147141071,8686004,0.055741302
UNCID_1815603.5fb19476-c09c-450c-af54-8573971769b1.sorted_genome_alignments.bam,160171462,155929162,4242300,0.026485992
UNCID_1815638.f0e775db-aafa-45e0-8428-82d7456b4185.sorted_genome_alignments.bam,177290090,170132232,7157858,0.040373706
UNCID_1815639.00759cb3-e0d6-47eb-948f-5ed3fc9f944f.sorted_genome_alignments.bam,155891770,152032341,3859429,0.024757106
UNCID_1815664.c8f72b88-2a45-47c3-ad3b-b49ec4366345.sorted_genome_alignments.bam,162018064,157570937,4447127,0.027448341
UNCID_1815729.f94fcd81-0c2b-4221-844b-9eafdadbbd6b.sorted_genome_alignments.bam,154531450,150473389,4058061,0.026260421
UNCID_1815783.34f062f8-e5c5-4bb3-9778-d2cf440a4178.sorted_genome_alignments.bam,169996117,164075422,5920695,0.034828413
UNCID_1815786.5141d525-ef8b-4cdb-b69e-5292017bf190.sorted_genome_alignments.bam,185291160,179741131,5550029,0.029953016
UNCID_1815835.3dbb7586-0e8d-41ff-aa57-ab701b892784.sorted_genome_alignments.bam,160758641,155949155,4809486,0.029917434
UNCID_1815854.6e1468f5-a1f6-4d15-a355-39069bdf9067.sorted_genome_alignments.bam,181081491,176612037,4469454,0.024682004
UNCID_1815879.58275e37-85f2-471c-8afe-fb426f7ce8c1.sorted_genome_alignments.bam,179042166,174173491,4868675,0.027192896
UNCID_1815905.c801b113-11ce-4edd-bc44-48dd19d00791.sorted_genome_alignments.bam,175809669,170112338,5697331,0.032406244
UNCID_1815928.46fef818-e07a-46b4-9cd4-de48ab9497ec.sorted_genome_alignments.bam,172191358,166718261,5473097,0.031784969
UNCID_1815961.b544247b-a6dd-4a10-b9dc-a9437ccbded2.sorted_genome_alignments.bam,170989954,164109286,6880668,0.040240189
UNCID_1815962.3129849c-97e6-4e22-b7d1-dd3ab7fb81d8.sorted_genome_alignments.bam,186028385,178901279,7127106,0.038311928
UNCID_1816105.71dbf432-2bbf-4e76-8625-f863b08b78ce.sorted_genome_alignments.bam,196596412,191242035,5354377,0.027235375
UNCID_1816178.5007c6f5-2134-4d0e-8d53-13a0f1439d9e.sorted_genome_alignments.bam,264276326,250667337,13608989,0.051495301
UNCID_1817176.64613ae3-9307-49ef-bc90-47a2b08b3d90.sorted_genome_alignments.bam,169930094,165543917,4386177,0.025811655
UNCID_1821206.20e8a6eb-4785-42f2-bb0c-bbdf5beb6c26.sorted_genome_alignments.bam,123273810,117994546,5279264,0.042825512
UNCID_1821220.fc2ec949-9292-4709-b0ea-37368add311d.sorted_genome_alignments.bam,133602452,128066267,5536185,0.04143775
UNCID_1821254.0c1e7ecc-d20d-4047-8419-6347537cb8a3.sorted_genome_alignments.bam,173957112,166478546,7478566,0.042990861
UNCID_1821290.e43f2bcb-9ba5-4b65-9042-4d3b06224c0f.sorted_genome_alignments.bam,161046722,153770208,7276514,0.045182627
UNCID_1821308.c27a2180-0dec-43ec-bf0f-2cb0acaea022.sorted_genome_alignments.bam,205840145,198256224,7583921,0.036843741
UNCID_1821362.f89742f4-3575-4dd4-860f-ea9ab0321a48.sorted_genome_alignments.bam,175922551,168085851,7836700,0.044546307
UNCID_1821416.cbc4cdac-a504-47ed-96cf-5c459f7febd0.sorted_genome_alignments.bam,163940729,157429031,6511698,0.039719831
UNCID_1821451.fe5e8cb8-45e2-4321-ad32-a776f79bfcac.sorted_genome_alignments.bam,149681282,142530493,7150789,0.047773435
UNCID_1821469.36f98bd7-f044-4497-9d19-e25c8e847def.sorted_genome_alignments.bam,155817085,148682223,7134862,0.045789985
UNCID_1821511.032db552-7828-4ed4-a1d7-b01b7fa89e29.sorted_genome_alignments.bam,162998769,155865181,7133588,0.043764674
UNCID_1821574.e89806d3-1cd5-4bc0-8e8a-edf823d8f110.sorted_genome_alignments.bam,182746551,172926152,9820399,0.053737808
UNCID_1821654.8fe6cbcd-5ffc-4bad-9fa2-90a6c1dcb662.sorted_genome_alignments.bam,189228474,179352622,9875852,0.052190095
UNCID_1821720.00e597fa-72b4-4e92-9428-7ec686e4cc0b.sorted_genome_alignments.bam,160979894,152923764,8056130,0.050044324
UNCID_1821752.902592e6-c7c5-46b8-b70b-5520df79a8a3.sorted_genome_alignments.bam,148005356,141511764,6493592,0.043874034
UNCID_1821875.5eb594ca-ba46-45d2-8532-0fabac564e34.sorted_genome_alignments.bam,276986536,266527318,10459218,0.037760745
UNCID_1829938.842A5261-5E7F-4AD7-A426-0CE48E937919.sorted_genome_alignments.bam,225230673,219844082,5386591,0.023915886
UNCID_1840624.05b81958-fffa-43b3-90bb-fa40567f225e.sorted_genome_alignments.bam,103635246,101235686,2399560,0.023153899
UNCID_1840689.c81f9ed5-fd78-4a68-b434-a54d797a1d8c.sorted_genome_alignments.bam,144512009,141323612,3188397,0.022063198
UNCID_1840826.a68fcab2-7832-443a-b051-ae753aced3a8.sorted_genome_alignments.bam,162978570,159213880,3764690,0.023099295
UNCID_1840892.eefac675-8386-4ffe-a18a-8763f90b2056.sorted_genome_alignments.bam,183030735,178627219,4403516,0.024058888
UNCID_1840908.8e49dba6-1d3d-4e60-aba7-a093fe5bbd41.sorted_genome_alignments.bam,174635664,169902259,4733405,0.027104458
UNCID_1840920.caf05305-45bc-4858-b8b5-21fe37061a5c.sorted_genome_alignments.bam,166628938,160954475,5674463,0.034054487
UNCID_1840921.148d34df-aec2-42bf-8e36-b91a68959606.sorted_genome_alignments.bam,183121545,176422963,6698582,0.036579978
UNCID_1840927.9383278e-22a7-4ea3-8700-988b1c9d8fd9.sorted_genome_alignments.bam,170462707,166201493,4261214,0.024997925
UNCID_1840978.66811a13-8463-429b-87ae-298455ee961a.sorted_genome_alignments.bam,164403333,158753954,5649379,0.034362923
UNCID_1841005.887e3dc8-2c4b-4b56-b43a-fc2b0ba4e478.sorted_genome_alignments.bam,174486893,167915564,6571329,0.037660875
UNCID_1841074.2afa4dfe-6d9b-46b1-89bd-235c7b5cbebf.sorted_genome_alignments.bam,141284056,136547191,4736865,0.033527244
UNCID_1841096.8f482c29-37fe-400f-b178-224765a0c037.sorted_genome_alignments.bam,145641859,140929700,4712159,0.032354428
UNCID_1841097.b0b31be8-d2f5-4543-90c4-52d88e1bff94.sorted_genome_alignments.bam,191628396,186550479,5077917,0.026498771
UNCID_1841141.fab24bb5-a75b-4840-bcc3-713a0359d797.sorted_genome_alignments.bam,175075013,170392622,4682391,0.026745056
UNCID_1841157.48b4302e-03cd-4f73-ab52-fb8dc22a10d4.sorted_genome_alignments.bam,201790965,196161113,5629852,0.027899426
UNCID_1841198.e22f0063-e7ec-4f86-b937-2fcd7797c103.sorted_genome_alignments.bam,188689206,183152706,5536500,0.029341901
UNCID_1841225.82ac64bb-6cca-4f17-942a-3108995245a0.sorted_genome_alignments.bam,194129604,188561548,5568056,0.028682158
UNCID_1841237.aa181d66-d198-43ab-920e-a351454194a0.sorted_genome_alignments.bam,230970344,226132775,4837569,0.020944546
UNCID_1841304.3b3b0303-49cd-47b5-83b9-5192fe6a6e58.sorted_genome_alignments.bam,184746878,177963110,6783768,0.036719256
UNCID_1841342.c036ae2f-3de5-49ba-a7f6-32d8c5d78a4e.sorted_genome_alignments.bam,201576150,196221551,5354599,0.026563653
UNCID_1841343.dcfd52b5-c7d6-44e3-8137-405cf0fff780.sorted_genome_alignments.bam,209250840,203237201,6013639,0.0287389
UNCID_1841400.5cfe15b6-13b5-426b-ab95-9a6bafd56819.sorted_genome_alignments.bam,231628172,226587614,5040558,0.02176142
UNCID_1841465.e1355ed5-ae8c-47ba-9b60-a72038142b89.sorted_genome_alignments.bam,217061505,211558375,5503130,0.02535286
UNCID_1841485.416bc8ff-9dd9-4b0c-b0f7-66cb8a437aad.sorted_genome_alignments.bam,242150928,236754237,5396691,0.022286477
UNCID_1841488.46deaeee-1e58-4eae-8aaf-94500ec4a6de.sorted_genome_alignments.bam,166190397,161049808,5140589,0.030931926
UNCID_1842734.97a9402f-537a-4767-bee3-72e1bebcdd97.sorted_genome_alignments.bam,178145713,172470251,5675462,0.031858538
UNCID_1844849.8fe3cf69-3d71-4d77-aa05-60e619708e06.sorted_genome_alignments.bam,166117292,160963373,5153919,0.031025783
UNCID_1844886.3e1411dc-8c6d-4a87-bb4f-44ef5ff8761b.sorted_genome_alignments.bam,173671500,169325456,4346044,0.025024509
UNCID_1844906.4e1f858e-35c7-4259-b495-dac1d344b4e6.sorted_genome_alignments.bam,156721037,152416436,4304601,0.027466644
UNCID_1844958.2a624b0d-4dc2-4c00-8984-b256a69643c7.sorted_genome_alignments.bam,154182353,149118664,5063689,0.032842209
UNCID_1844993.e41bb478-2e81-4ce3-a0c7-e5412ea80490.sorted_genome_alignments.bam,157800417,153062309,4738108,0.030025954
UNCID_1845011.9815693f-418d-4517-9a7e-5c708c157b0c.sorted_genome_alignments.bam,180155132,174458766,5696366,0.031619227
UNCID_1845012.6d9b3d3a-2dd0-477e-aaf2-504ecd6c3de3.sorted_genome_alignments.bam,170044521,163804644,6239877,0.036695549
UNCID_1845081.162b8ed0-de59-46cd-8e16-52b55e0f5467.sorted_genome_alignments.bam,171335938,166700258,4635680,0.027056087
UNCID_1845124.b532e040-8d89-458b-a13c-3da835918813.sorted_genome_alignments.bam,157410695,150347790,7062905,0.044869283
UNCID_1845152.211b5190-b873-4c7c-858e-d0b321ac8ffb.sorted_genome_alignments.bam,166497585,160369837,6127748,0.036803825
UNCID_1845201.b80a257d-9c8b-4c49-87bc-30f74ff9cd3e.sorted_genome_alignments.bam,164876903,150696614,14180289,0.086005309
UNCID_1845247.43426760-46b7-422e-ab1b-d29d6c2ee21e.sorted_genome_alignments.bam,151465012,147146910,4318102,0.028508907
UNCID_1845300.0b233eab-4541-4b62-b9ae-baebf672403e.sorted_genome_alignments.bam,176161406,171693299,4468107,0.025363711
UNCID_1845301.1c2c32ad-2bd5-4e5f-9784-014d41b96196.sorted_genome_alignments.bam,183583344,178086515,5496829,0.029941872
UNCID_1845326.83071fd2-bdb5-4135-97cd-dc6d68120a02.sorted_genome_alignments.bam,196149946,190948324,5201622,0.0265186
UNCID_1845444.7e6e755a-5503-4729-a3f4-249183687647.sorted_genome_alignments.bam,177374349,172915841,4458508,0.025136149
UNCID_1845481.53bce93f-fa43-4596-839b-5d7d258de40c.sorted_genome_alignments.bam,177582465,172575125,5007340,0.028197266
UNCID_1845482.99fa82f0-527e-4ed6-bead-516c21ab97be.sorted_genome_alignments.bam,188885238,183964080,4921158,0.026053693
UNCID_1845483.6a169722-0dcb-4df7-82c5-8f8b7a512d32.sorted_genome_alignments.bam,167988810,163044944,4943866,0.029429734
UNCID_1845553.c64dae2c-79f4-475b-92cc-b6080752040e.sorted_genome_alignments.bam,182966980,178597579,4369401,0.023880817
UNCID_1845720.57e2418c-e87f-4dcd-9e9d-1e2eb4e68ef0.sorted_genome_alignments.bam,212701905,207499789,5202116,0.024457308
UNCID_1846172.196025a7-8bda-4361-b2f6-8ac98c753564.sorted_genome_alignments.bam,185435935,179797747,5638188,0.030405045
UNCID_1846763.2a4747b5-1eeb-45b1-9e92-0e0e3d7a9c1b.sorted_genome_alignments.bam,509117516,491562898,17554618,0.034480483
UNCID_1846800.5610fa97-eac4-4306-aead-983ee6570baf.sorted_genome_alignments.bam,567746326,548966929,18779397,0.033077091
UNCID_1846818.ac567288-88cc-4a65-937e-086655c038df.sorted_genome_alignments.bam,545335454,531037776,14297678,0.026218134
UNCID_1846866.43bbd0f7-87d7-472f-ad3e-e016df3d5d89.sorted_genome_alignments.bam,578282421,555651864,22630557,0.039134091
UNCID_1846889.bf9ca847-f30f-4dcf-bb91-a483be8db666.sorted_genome_alignments.bam,592008831,571347054,20661777,0.03490113
UNCID_1846916.7c521ef7-4adf-46ef-ade0-088cbe02223d.sorted_genome_alignments.bam,566069179,551860572,14208607,0.025100478
UNCID_1846950.d848ad65-9261-4854-a6bd-e76484c6a337.sorted_genome_alignments.bam,658623676,643098766,15524910,0.023571746
UNCID_1848371.bc8680ed-09c6-4406-90ca-af7085fefd53.sorted_genome_alignments.bam,74896969,56911129,17985840,0.240141093
UNCID_1848432.E5949631-EBAF-4EC2-AAC8-B0A6FD51D946.sorted_genome_alignments.bam,93668430,88032812,5635618,0.060165608
UNCID_1848470.40263202-5826-4059-B7F4-56B1BE17B65E.sorted_genome_alignments.bam,97565637,92081828,5483809,0.056206357
UNCID_1848542.e110017a-7907-42a5-a01d-c874dad24d0f.sorted_genome_alignments.bam,110633363,106374156,4259207,0.038498396
UNCID_1848637.783062c7-cf22-426d-8cd1-52ecdd28b43d.sorted_genome_alignments.bam,141806257,128513702,13292555,0.093737436
UNCID_1848671.da8ee6ab-5fde-462b-96ad-b45b9441e495.sorted_genome_alignments.bam,159592501,139454758,20137743,0.126182263
UNCID_1848690.dcc36700-cd11-4235-a1a7-960c93fd88a8.sorted_genome_alignments.bam,151212084,137546040,13666044,0.090376666
UNCID_1848693.1B907925-B33C-4E4A-96E0-65F15B4712B9.sorted_genome_alignments.bam,178382265,172613139,5769126,0.032341365
UNCID_1848725.3476ee8f-8cbe-4c6e-a3f7-f53facfe585a.sorted_genome_alignments.bam,169773739,165030873,4742866,0.027936394
UNCID_1848726.dcc36700-cd11-4235-a1a7-960c93fd88a8.sorted_genome_alignments.bam,174418721,165726225,8692496,0.049836944
UNCID_1848755.95817802-63D7-4DD4-902F-3C61332E017C.sorted_genome_alignments.bam,190752904,181423972,9328932,0.048905845
UNCID_1848762.1B907925-B33C-4E4A-96E0-65F15B4712B9.sorted_genome_alignments.bam,189783447,178185981,11597466,0.061108944
UNCID_1848793.89A6D94D-59FC-45AA-859A-3B24E6691FE8.sorted_genome_alignments.bam,201046508,175967596,25078912,0.124741843
UNCID_1848822.40263202-5826-4059-B7F4-56B1BE17B65E.sorted_genome_alignments.bam,219063573,207452609,11610964,0.053002714
UNCID_1848859.E5949631-EBAF-4EC2-AAC8-B0A6FD51D946.sorted_genome_alignments.bam,208289006,199316374,8972632,0.043077799
UNCID_1848891.e110017a-7907-42a5-a01d-c874dad24d0f.sorted_genome_alignments.bam,213457608,205216418,8241190,0.038608087
UNCID_1848939.783062c7-cf22-426d-8cd1-52ecdd28b43d.sorted_genome_alignments.bam,211289440,204375772,6913668,0.032721313
UNCID_1849025.EEEF0334-DE2A-4206-84AD-CD18E349635E.sorted_genome_alignments.bam,185606287,177669490,7936797,0.042761466
UNCID_1849049.95817802-63D7-4DD4-902F-3C61332E017C.sorted_genome_alignments.bam,223077386,211478523,11598863,0.051994795
UNCID_1849089.b7f3a96d-01f8-4ef2-a71d-2c684bd18812.sorted_genome_alignments.bam,262946508,255176434,7770074,0.029550018
UNCID_1849126.22FE5CAC-0623-4D0A-A158-F15FB5477D8F.sorted_genome_alignments.bam,240141452,234898939,5242513,0.021830937
UNCID_1849148.EEEF0334-DE2A-4206-84AD-CD18E349635E.sorted_genome_alignments.bam,233374115,224888547,8485568,0.036360365
UNCID_1849232.bc8680ed-09c6-4406-90ca-af7085fefd53.sorted_genome_alignments.bam,221095247,206749247,14346000,0.064886062
UNCID_1849344.da8ee6ab-5fde-462b-96ad-b45b9441e495.sorted_genome_alignments.bam,250296645,240703293,9593352,0.038327929
UNCID_1849819.89A6D94D-59FC-45AA-859A-3B24E6691FE8.sorted_genome_alignments.bam,253040030,246801322,6238708,0.024655024
UNCID_1850054.22FE5CAC-0623-4D0A-A158-F15FB5477D8F.sorted_genome_alignments.bam,301430074,281313792,20116282,0.066736148
UNCID_1855885.b3cf1b9e-aa69-452a-a9cc-f463ab4885be.sorted_genome_alignments.bam,145820242,138548952,7271290,0.049864751
UNCID_1855958.699fc209-b99a-48f4-a8c5-ace6ca7e30a6.sorted_genome_alignments.bam,145096861,140239378,4857483,0.03347752
UNCID_1856232.11cbdb5a-82fd-471a-9b33-c5c1b9393716.sorted_genome_alignments.bam,147502663,140946509,6556154,0.044447699
UNCID_1856328.e6ea1a59-d3b3-44ef-9f81-ea80b7e60a0d.sorted_genome_alignments.bam,157718303,150412042,7306261,0.04632475
UNCID_1856415.33da53e2-4fc2-4689-a651-1c596481af74.sorted_genome_alignments.bam,188768432,182140953,6627479,0.035109043
UNCID_1856437.ca7f7d18-3f39-4454-8f72-eb432b800103.sorted_genome_alignments.bam,186852286,181497966,5354320,0.028655363
UNCID_1856450.859fc4fb-40f5-40ce-8784-13eae0fa446a.sorted_genome_alignments.bam,180936966,176263715,4673251,0.025828061
UNCID_1856652.bf6b3b00-4934-4662-a078-60dfa7a9e1fc.sorted_genome_alignments.bam,158229423,153619854,4609569,0.029132186
UNCID_1856814.0931e34f-0ec0-41a7-bd0c-e1c4824c92ad.sorted_genome_alignments.bam,202661910,196861615,5800295,0.028620548
UNCID_1856890.7acf607e-4078-49ff-b3f3-8dcd8eee5db5.sorted_genome_alignments.bam,163558691,155935861,7622830,0.046606083
UNCID_1856932.2398c528-0e80-4c72-a5cc-cd82c7895468.sorted_genome_alignments.bam,174006117,166608259,7397858,0.042514931
UNCID_1857007.a550da17-2d06-49ac-96dc-a2204298ddfb.sorted_genome_alignments.bam,188441353,177552560,10888793,0.057783458
UNCID_1857201.29c98197-249e-45c9-96dc-34dfb4ac1430.sorted_genome_alignments.bam,183178547,172392895,10785652,0.058880541
UNCID_1857238.2181e8a6-db87-49e9-ad56-582b345abcc2.sorted_genome_alignments.bam,188102476,179126281,8976195,0.047719707
UNCID_1857278.718c3d2a-517e-4e32-a96b-ef17848d56d8.sorted_genome_alignments.bam,169412545,162042190,7370355,0.043505367
UNCID_1857299.994c8287-b6e2-4743-80bb-fe8d0076ae44.sorted_genome_alignments.bam,191317215,183091346,8225869,0.042995969
UNCID_1857305.1a571942-1f4c-4f93-8ad3-ea84dad7edaa.sorted_genome_alignments.bam,188214335,177937390,10276945,0.05460235
UNCID_1857382.b74282a3-9f58-4342-8ae5-2fc1cbb4933c.sorted_genome_alignments.bam,178513292,171901519,6611773,0.037037987
UNCID_1857540.740c53d0-b037-4475-82b3-044b2f879aac.sorted_genome_alignments.bam,184824405,168696356,16128049,0.087261469
UNCID_1857623.27e35f6c-7d6c-46e8-844d-e08a5920af3e.sorted_genome_alignments.bam,239093061,231960683,7132378,0.02983097
UNCID_1857749.b2b92b23-3f2a-4305-8c6c-27c91c67c072.sorted_genome_alignments.bam,190957207,184971580,5985627,0.031345384
UNCID_1857796.b64f0c76-9109-4e22-9070-0e43837a10b3.sorted_genome_alignments.bam,195765577,186185565,9580012,0.048936142
UNCID_1857930.f389cc26-dd87-44ca-8ceb-fc926d073f4a.sorted_genome_alignments.bam,189013938,182607788,6406150,0.033892474
UNCID_1858089.f34965fe-e7d5-48bd-b0a0-575cbd895c5a.sorted_genome_alignments.bam,186749034,179165658,7583376,0.04060731
UNCID_1858295.6171e1c5-1243-4fde-8964-7d1a4d387a86.sorted_genome_alignments.bam,202507355,196503717,6003638,0.029646518
UNCID_1858402.aed81cc7-515a-45f8-9017-bf6df58f2235.sorted_genome_alignments.bam,208029096,199596691,8432405,0.040534738
UNCID_1858543.f930146b-0cec-4630-8f79-0e233c238b15.sorted_genome_alignments.bam,244773475,237540117,7233358,0.029551233
UNCID_1858585.135d2983-9bfc-476a-8313-661f8bde6d06.sorted_genome_alignments.bam,234283268,227676657,6606611,0.028199244
UNCID_1859317.a3eef529-ed7d-438c-b0be-ce569a846a8f.sorted_genome_alignments.bam,162369782,158396623,3973159,0.024469818
UNCID_1859366.9d462109-5858-4282-abc2-81282089bc6a.sorted_genome_alignments.bam,148858111,144672990,4185121,0.028114833
UNCID_1859466.e54a0934-1fc9-4a54-98a1-63063dc61a1b.sorted_genome_alignments.bam,160974166,156872955,4101211,0.025477448
UNCID_1859588.5343646d-bb46-4acc-9361-7432813a886f.sorted_genome_alignments.bam,173444650,169267057,4177593,0.02408603
UNCID_1859717.e5e12896-2cf3-4d5d-8f79-00cd964fc132.sorted_genome_alignments.bam,160961270,156760308,4200962,0.02609921
UNCID_1859724.9aca1f40-cecc-41ca-9a4c-1dd79edec185.sorted_genome_alignments.bam,159409417,155577430,3831987,0.024038649
UNCID_1859774.d5e3a3be-c4d9-41de-a39c-ae7aad3f3826.sorted_genome_alignments.bam,156925952,152504102,4421850,0.02817794
UNCID_1859824.e642839c-9891-4ff0-93c4-556d81572af9.sorted_genome_alignments.bam,135627857,131568738,4059119,0.029928358
UNCID_1859874.a44ecade-befb-4514-9873-03c70438d9c7.sorted_genome_alignments.bam,164274028,160368581,3905447,0.023773977
UNCID_1859906.37cb523b-c33a-4980-9b06-6e91389ce70e.sorted_genome_alignments.bam,198944491,188381981,10562510,0.053092749
UNCID_1860002.a831e365-7d70-4a0b-9567-3b8cdc0fc0b0.sorted_genome_alignments.bam,96131318,93157493,2973825,0.030935028
UNCID_1860048.03a38948-5a2d-4451-8103-12f6e0cf4984.sorted_genome_alignments.bam,184372019,179356052,5015967,0.027205685
UNCID_1860072.8706ced2-3f6d-412e-872b-2d5c08996ee1.sorted_genome_alignments.bam,153272043,149397277,3874766,0.025280318
UNCID_1860093.12a67d85-e880-4c38-9987-1f25741b5968.sorted_genome_alignments.bam,181375841,177146182,4229659,0.023319859
UNCID_1860132.26cdb816-44f0-4ff6-a674-93ec31d64fed.sorted_genome_alignments.bam,201898760,195416145,6482615,0.032108246
UNCID_1860175.935241d0-0054-4eb4-8dba-e85ca47cc100.sorted_genome_alignments.bam,177537459,172372360,5165099,0.02909301
UNCID_1860188.697581bc-95f3-4745-be85-17e8d81a6e89.sorted_genome_alignments.bam,80572420,76825300,3747120,0.046506236
UNCID_1860239.ee4fbf8c-8a2d-4dab-90cf-382239ab0940.sorted_genome_alignments.bam,161526191,157580094,3946097,0.024430075
UNCID_1860307.ea7cf4ad-ec51-4734-b75e-aa196c870d24.sorted_genome_alignments.bam,118081894,114280322,3801572,0.032194368
UNCID_1860357.51e84165-fd93-4fb5-8417-b35a2854c809.sorted_genome_alignments.bam,138647305,133314024,5333281,0.038466532
UNCID_1860383.ac7f9c26-b3d9-481c-87cf-8b5cb14f0cbf.sorted_genome_alignments.bam,137993845,133560681,4433164,0.03212581
UNCID_1860403.f26b8f5b-d948-4d2c-a318-928e6f1f6d40.sorted_genome_alignments.bam,120124800,116264791,3860009,0.032133323
UNCID_1860449.c2a39a12-e882-49aa-a5fa-5356e4bcb823.sorted_genome_alignments.bam,142068078,136902829,5165249,0.036357562
UNCID_1860498.cf841dab-ef32-4a52-9040-2b02dfca1d0f.sorted_genome_alignments.bam,138158097,133406460,4751637,0.034392751
UNCID_1860852.a5f2493d-c615-4c87-908b-d2f78e697b52.sorted_genome_alignments.bam,189892457,184014208,5878249,0.030955674
UNCID_1860957.26845d5b-60cb-49f5-b9bc-d1655e13800f.sorted_genome_alignments.bam,98206580,94479029,3727551,0.037956225
UNCID_1860977.f334d507-bf76-4cd0-80eb-6135b697b9e9.sorted_genome_alignments.bam,100880349,97187320,3693029,0.036608012
UNCID_1861014.5ad175e7-8649-4ccc-91a1-b10dc8cfa642.sorted_genome_alignments.bam,99854445,96094783,3759662,0.037651424
UNCID_1861107.74f9b9ce-bdf9-455c-bcf5-3ea44c25f633.sorted_genome_alignments.bam,132343243,127973531,4369712,0.033018021
UNCID_1861135.4fd1e10d-c21a-49f8-9d77-a5aa7850d883.sorted_genome_alignments.bam,131222319,126756254,4466065,0.03403434
UNCID_1861358.063ab4f7-2fb9-4e6e-9d47-c1199ba8d9a3.sorted_genome_alignments.bam,85158477,81937397,3221080,0.037824537
UNCID_1861478.79f250ad-7fd9-4f38-b867-dee4c2f45072.sorted_genome_alignments.bam,147459418,142306973,5152445,0.034941444
UNCID_1861499.8220b852-fe5f-4dcb-bd92-bfee5147cacf.sorted_genome_alignments.bam,115749824,110921324,4828500,0.041714966
UNCID_1861543.2d882bfb-7efe-404c-8431-3cbfe3957ee0.sorted_genome_alignments.bam,164606386,160441328,4165058,0.025303137
UNCID_1861604.708058d8-a732-4852-b6fc-1b2fc36c58ff.sorted_genome_alignments.bam,111626477,101469869,10156608,0.090987446
UNCID_1861661.724fedca-f875-401a-9b21-cbcd86002200.sorted_genome_alignments.bam,155303224,148998525,6304699,0.04059606
UNCID_1861713.e02bd3ae-f273-4ec0-b6a6-8e469c440b07.sorted_genome_alignments.bam,147727075,141772755,5954320,0.04030622
UNCID_1861728.c6652862-6909-4778-8b3b-9db4cee801b6.sorted_genome_alignments.bam,169285086,162661203,6623883,0.039128568
UNCID_1861822.f929a4be-b527-4e99-9b29-ef28d62f0bbb.sorted_genome_alignments.bam,153617739,148642192,4975547,0.032389144
UNCID_1861968.cada672a-6826-4fa4-8e96-73c11844bfee.sorted_genome_alignments.bam,244647294,235849901,8797393,0.035959494
UNCID_1863568.1606ec0c-34b0-4950-a004-79f7e19600e9.sorted_genome_alignments.bam,82253549,79109363,3144186,0.038225536
UNCID_1863588.47888c0a-0fd8-4bc2-844a-dfea0ce21bed.sorted_genome_alignments.bam,98163710,94226447,3937263,0.04010915
UNCID_1863701.580423c8-4aa9-4677-8d58-a09bc89bb11c.sorted_genome_alignments.bam,97833585,93215995,4617590,0.047198414
UNCID_1863710.f5e7f7ed-c286-4f65-b3ea-e7cd6fab03b2.sorted_genome_alignments.bam,112542246,108803406,3738840,0.033221658
UNCID_1863800.0f849dcd-e50a-47a9-87e8-90687c2e9a9c.sorted_genome_alignments.bam,111671535,108271894,3399641,0.030443219
UNCID_1863848.61df6b3d-4a00-4b56-989d-f01d4850a4d9.sorted_genome_alignments.bam,117738891,113521617,4217274,0.03581887
UNCID_1863859.0cae03e2-f9d7-42a6-9f78-16d177590270.sorted_genome_alignments.bam,114305923,110304745,4001178,0.035004118
UNCID_1863872.be646d0d-d5a6-478b-a3eb-71142d84c884.sorted_genome_alignments.bam,107260666,103151890,4108776,0.038306456
UNCID_1863890.1315e98d-1927-4702-9132-e02e56b2d2f1.sorted_genome_alignments.bam,125740207,121925530,3814677,0.030337766
UNCID_1863938.7a9961f7-5d9e-47e6-9ccb-7642f01083d5.sorted_genome_alignments.bam,111640142,108333770,3306372,0.029616336
UNCID_1863949.20a84f89-898c-413c-b4a4-47458ad958e4.sorted_genome_alignments.bam,128282391,124201952,4080439,0.031808255
UNCID_1863978.f9c8fe0e-124c-4099-b1bc-64f856deafeb.sorted_genome_alignments.bam,120687726,116815511,3872215,0.03208458
UNCID_1863993.fe4d5eca-9363-4fc5-8f9e-a28b32bb1bbf.sorted_genome_alignments.bam,119618433,115382842,4235591,0.035409183
UNCID_1864002.a8bd3749-191b-4e70-9046-a0a2132fec94.sorted_genome_alignments.bam,123404129,118732761,4671368,0.037854228
UNCID_1864033.e2a5570a-2ef4-4e5b-9a70-eee96b1aedf9.sorted_genome_alignments.bam,128293710,124095479,4198231,0.032723592
UNCID_1864063.fecdc742-c116-479c-8660-03b122543662.sorted_genome_alignments.bam,131809472,127677455,4132017,0.031348407
UNCID_1864070.0b0bbc77-a9f3-4298-ba21-587d10209b0b.sorted_genome_alignments.bam,138550884,133991986,4558898,0.032904142
UNCID_1864115.99967caa-2b08-4ac8-8a3b-166661deee81.sorted_genome_alignments.bam,126737631,121989951,4747680,0.037460697
UNCID_1864122.fd15315c-9915-4d4f-9bbc-90e7b9cd20ad.sorted_genome_alignments.bam,129536841,125345504,4191337,0.032356332
UNCID_1864133.37e5e5de-8f04-4123-ab14-213e1a569f72.sorted_genome_alignments.bam,141973161,136496985,5476176,0.03857191
UNCID_1864156.f62909ce-f6f3-4a11-be01-4bf582e3ddb8.sorted_genome_alignments.bam,119980363,115350984,4629379,0.038584472
UNCID_1864718.3b6806b3-f244-4d8f-882c-e675bfd95fd1.sorted_genome_alignments.bam,152191650,146922066,5269584,0.034624659
UNCID_1864784.13397543-2451-40c1-a9ca-3cf2e6578a79.sorted_genome_alignments.bam,160268906,155632732,4636174,0.02892747
UNCID_1865036.b7f3a96d-01f8-4ef2-a71d-2c684bd18812.sorted_genome_alignments.bam,289467201,266554130,22913071,0.079156018
UNCID_1865140.1B907925-B33C-4E4A-96E0-65F15B4712B9.sorted_genome_alignments.bam,332740158,311412701,21327457,0.064096432
UNCID_1865367.b9437781-a608-4e94-83cd-0b4531e7f74b.sorted_genome_alignments.bam,124766410,119168842,5597568,0.044864383
UNCID_1865384.95817802-63D7-4DD4-902F-3C61332E017C.sorted_genome_alignments.bam,365014315,343667870,21346445,0.058481117
UNCID_1865391.EEEF0334-DE2A-4206-84AD-CD18E349635E.sorted_genome_alignments.bam,334634698,323017054,11617644,0.034717392
UNCID_1865418.22FE5CAC-0623-4D0A-A158-F15FB5477D8F.sorted_genome_alignments.bam,402274863,390693291,11581572,0.028790196
UNCID_1865476.E5949631-EBAF-4EC2-AAC8-B0A6FD51D946.sorted_genome_alignments.bam,384517903,367228615,17289288,0.044963545
UNCID_1867035.89A6D94D-59FC-45AA-859A-3B24E6691FE8.sorted_genome_alignments.bam,410831065,399773496,11057569,0.026915124
UNCID_1867136.3476ee8f-8cbe-4c6e-a3f7-f53facfe585a.sorted_genome_alignments.bam,398608127,386825297,11782830,0.029559934
UNCID_1867209.4e79360a-53a8-445e-b68a-7195b76addd5.sorted_genome_alignments.bam,123075787,119671104,3404683,0.027663305
UNCID_1867227.bbe08519-66cb-48b2-94f6-a2f30e19bc6a.sorted_genome_alignments.bam,139450867,134928994,4521873,0.032426281
UNCID_1867275.52f53fa6-d8ec-46db-87f9-11af1282ed6e.sorted_genome_alignments.bam,118026858,114593192,3433666,0.029092243
UNCID_1867305.a6ce566a-b5c9-4f72-a0d0-1ad705e7cd5f.sorted_genome_alignments.bam,112494680,108555051,3939629,0.035020581
UNCID_1867312.ea57dbc8-b1d0-41ba-8f73-729ef0a4147b.sorted_genome_alignments.bam,133654227,128579552,5074675,0.037968683
UNCID_1867357.cb2bd908-4900-4fc2-93c6-7f7ef3efbbed.sorted_genome_alignments.bam,162460024,158320779,4139245,0.025478545
UNCID_1867391.91c21f37-ee2f-413e-a509-ea8ff975dad5.sorted_genome_alignments.bam,120669656,116963334,3706322,0.030714615
UNCID_1867409.15b4eaf4-b1c3-4d63-a0ad-ef64873f8f93.sorted_genome_alignments.bam,130966959,126677001,4289958,0.032756033
UNCID_1867422.2555e124-49d2-42eb-bbc2-edea01134154.sorted_genome_alignments.bam,119379580,115188096,4191484,0.035110561
UNCID_1867589.ada6b8cf-fdd9-4de9-8a4b-5e8fbaaf995d.sorted_genome_alignments.bam,143442390,139188567,4253823,0.029655271
UNCID_1867605.d63bef42-b815-4987-a0de-a729a75d108d.sorted_genome_alignments.bam,135567444,131195324,4372120,0.032250516
UNCID_1867645.c4bd435f-a171-401b-abc5-1d90b03e2d9b.sorted_genome_alignments.bam,149503506,144754360,4749146,0.031766118
UNCID_1867696.84dbba12-fd45-4337-9350-25d758c63141.sorted_genome_alignments.bam,149206756,144586364,4620392,0.030966373
UNCID_1867703.e63057bc-ca98-4d72-8097-1c1fb2d19882.sorted_genome_alignments.bam,145701029,140146330,5554699,0.038123952
UNCID_1868538.c2913962-d805-42f5-be20-11110d7b0eee.sorted_genome_alignments.bam,160764483,155898784,4865699,0.030266007
UNCID_1868590.33af00ec-d17e-4318-87a1-865323c3db38.sorted_genome_alignments.bam,149106732,144306878,4799854,0.032190726
UNCID_186863.TCGA-A6-2686-01A-01R-1410-07.110324_UNC6-RDR300211_00088_FC_7090HAAXX.2.trimmed.annotated.translated_to_genomic.bam,30449783,26246295,4203488,0.138046567
UNCID_1868847.bac5741f-40b4-4bc9-8dbc-9d6de02398d2.sorted_genome_alignments.bam,147433366,142256645,5176721,0.035112276
UNCID_1869069.a7ba7d79-2b00-4472-9840-2acf2e96e34c.sorted_genome_alignments.bam,163329983,155368930,7961053,0.048742141
UNCID_1869119.537507f7-d639-44b5-8725-2390fca5f6c1.sorted_genome_alignments.bam,158516802,153579141,4937661,0.031149133
UNCID_1869209.4968e96b-0e78-4739-9b40-8595afb2a30b.sorted_genome_alignments.bam,159821375,154963805,4857570,0.030393744
UNCID_1869234.5a6fa767-e7be-418d-afec-ab806dd0796b.sorted_genome_alignments.bam,164112585,156953942,7158643,0.043620317
UNCID_1869411.99cb42da-b846-4463-b13a-79a08f5be5ea.sorted_genome_alignments.bam,154970636,150011826,4958810,0.031998385
UNCID_1869701.6023f27e-7754-464c-98ec-b9f63a131f0e.sorted_genome_alignments.bam,183536255,177748598,5787657,0.031534135
UNCID_1869892.4bfed860-1296-426c-b7a4-b6e9a4449005.sorted_genome_alignments.bam,134293978,129470806,4823172,0.035915028
UNCID_1869957.dfcfd7e4-4475-4791-a549-c1778db32ae2.sorted_genome_alignments.bam,136788412,131430279,5358133,0.039170957
UNCID_1870061.5cc2cb55-033e-48cb-b20e-d5397820cbf8.sorted_genome_alignments.bam,168753955,161027343,7726612,0.045786257
UNCID_1870075.b4fa26df-1a2d-4f07-bee9-240c924ec651.sorted_genome_alignments.bam,154442324,147997871,6444453,0.041727247
UNCID_1870097.fe4ccd3a-9e70-4b3e-ae45-34be2a2adcd5.sorted_genome_alignments.bam,160376779,156059360,4317419,0.026920475
UNCID_1870152.ac530068-19df-45fe-8d31-923f750c9c21.sorted_genome_alignments.bam,146230140,141555808,4674332,0.031965585
UNCID_1870178.0f897cb5-42af-4f64-b6bc-54f9e5efec47.sorted_genome_alignments.bam,138638379,134021287,4617092,0.03330313
UNCID_1870200.bc2bbaca-4bd5-4a3d-a93a-ebc1bc9f4d5f.sorted_genome_alignments.bam,136760704,133244885,3515819,0.025707816
UNCID_1870279.837e257d-1e44-4241-9474-344ed7e9ce24.sorted_genome_alignments.bam,121052545,117109230,3943315,0.032575234
UNCID_1870317.da2fe433-be48-4f44-a9ce-8ae19fa4ba1c.sorted_genome_alignments.bam,146748043,141892521,4855522,0.033087474
UNCID_1870350.0a1024ae-be14-45da-a729-7e1778abad5a.sorted_genome_alignments.bam,132129045,128588238,3540807,0.026798097
UNCID_1870368.93c82c47-e240-4684-aebc-e13ceb6ab625.sorted_genome_alignments.bam,113209864,109826202,3383662,0.029888403
UNCID_1870397.b9b3d684-eefb-489b-94a2-247d243e99e5.sorted_genome_alignments.bam,145180734,139527578,5653156,0.038938748
UNCID_1870402.6c7dfc1d-d2a9-4e92-a3e8-884fe0413f3b.sorted_genome_alignments.bam,110053504,106011129,4042375,0.036730998
UNCID_1870473.8c338800-ae53-4bd8-a6c3-9dcdcd324db6.sorted_genome_alignments.bam,162419350,157510978,4908372,0.030220365
UNCID_1870650.375b5253-507e-4793-b535-81878ac5297e.sorted_genome_alignments.bam,131273293,127303263,3970030,0.03024248
UNCID_1870691.3fdf0375-0158-4abc-a1a7-70612c77743e.sorted_genome_alignments.bam,136532740,132228701,4304039,0.03152386
UNCID_1870804.96dcf96c-1cea-400c-a441-e56139008de4.sorted_genome_alignments.bam,98719437,85364810,13354627,0.135278598
UNCID_1870840.a4f08d6b-fdb9-406c-9e55-d03fa1a7ad78.sorted_genome_alignments.bam,125764360,122109946,3654414,0.029057628
UNCID_1870863.deb96790-8d78-4d53-afae-0bd5b0b0976c.sorted_genome_alignments.bam,161740016,156727314,5012702,0.030992343
UNCID_187092.TCGA-CM-4752-01A-01R-1410-07.110324_UNC6-RDR300211_00088_FC_7090HAAXX.7.trimmed.annotated.translated_to_genomic.bam,32753590,22317994,10435596,0.318609227
UNCID_1873688.d3eee6dd-5682-40a1-8ca8-6e2816512151.sorted_genome_alignments.bam,186318693,176531349,9787344,0.052530124
UNCID_1873895.19cc121b-759b-4368-8a98-b0bd8cf7269a.sorted_genome_alignments.bam,114314766,110106447,4208319,0.036813433
UNCID_1873939.5fd05a9a-f767-443e-b91c-4b0d7eb81740.sorted_genome_alignments.bam,99220672,95218380,4002292,0.04033728
UNCID_1873986.857a8050-0ec5-462c-ac50-e86ab82462f6.sorted_genome_alignments.bam,120367095,115813007,4554088,0.037834991
UNCID_1874005.590576e0-24f2-4e70-8fd9-406fdc4dff5e.sorted_genome_alignments.bam,121455042,116245395,5209647,0.042893625
UNCID_1874029.127842a2-ceb2-40c7-9c74-c720682f96cd.sorted_genome_alignments.bam,123991774,119511591,4480183,0.036132905
UNCID_1874068.3da331ff-7e07-4aa6-bdf0-1afd8c479980.sorted_genome_alignments.bam,116362061,112069793,4292268,0.036887178
UNCID_1874137.f53cf9e2-dcf1-4b70-b266-284dcf11f492.sorted_genome_alignments.bam,128680677,123555850,5124827,0.039825925
UNCID_1874153.a57dad4d-e09e-4ad2-9db1-1fea79435706.sorted_genome_alignments.bam,126174363,120962347,5212016,0.041308043
UNCID_1874177.9ce14e45-f554-4ce7-9f35-d4698c8dbb31.sorted_genome_alignments.bam,129362040,124726358,4635682,0.035834948
UNCID_1874203.62a57095-75de-4282-86e7-16e71f24b874.sorted_genome_alignments.bam,128078402,124216678,3861724,0.030151251
UNCID_1874249.3c7cf914-e9ed-43ed-8639-525998b2fe4d.sorted_genome_alignments.bam,136338422,131314877,5023545,0.036846143
UNCID_1874254.4bc6fee0-71a0-43c6-a700-e3dc86865d70.sorted_genome_alignments.bam,134862063,128767590,6094473,0.045190418
UNCID_1874267.81ea1d15-ed50-4948-8ed8-aced012a582a.sorted_genome_alignments.bam,133603598,128375617,5227981,0.03913054
UNCID_1874287.b404de5b-49c7-4ace-b423-6a46e6378d3e.sorted_genome_alignments.bam,131865416,128022189,3843227,0.029145072
UNCID_1874319.d7f5f29d-7f8c-4746-aa05-cf9803ee3e9e.sorted_genome_alignments.bam,149724340,144044078,5680262,0.037938134
UNCID_1874361.bcf523e4-6976-4f82-8d83-e0d926d0b100.sorted_genome_alignments.bam,131574260,126394898,5179362,0.039364554
UNCID_1874362.b16349cb-2b41-4235-b20f-116b8c71604f.sorted_genome_alignments.bam,154342018,148503703,5838315,0.037827126
UNCID_1874369.d57626ff-a552-4e9a-a54d-6fbad5be0a74.sorted_genome_alignments.bam,114458557,110195815,4262742,0.037242668
UNCID_1874373.62c2e824-9162-4e82-960c-15b6e61a92ea.sorted_genome_alignments.bam,145027451,139630378,5397073,0.037214148
UNCID_1874432.29845441-a5c0-4081-bb42-63c6ff483849.sorted_genome_alignments.bam,157120541,150875083,6245458,0.039749469
UNCID_1874459.de926d40-12cd-4aba-bb2e-10d2f7768f49.sorted_genome_alignments.bam,137578461,132935888,4642573,0.033744912
UNCID_1874473.ae0b0540-fcb6-4c9e-8835-2cb24933a01f.sorted_genome_alignments.bam,139318254,134190661,5127593,0.03680489
UNCID_1874526.e4c9e94b-f19d-47fc-867f-240745c556b8.sorted_genome_alignments.bam,156958723,150682066,6276657,0.039989221
UNCID_1876513.b7f8e77d-8de7-41e6-889e-c6780a214543.sorted_genome_alignments.bam,146126435,140777826,5348609,0.036602611
UNCID_1877737.4351923f-0818-42f3-9869-6963bcd2e98d.sorted_genome_alignments.bam,151079401,146990422,4088979,0.027065099
UNCID_1878999.b455387f-a8b4-43b8-b898-89628723d7da.sorted_genome_alignments.bam,151207984,144764207,6443777,0.042615322
UNCID_1879065.2c3ad15f-0d26-441e-8139-85194b3389f2.sorted_genome_alignments.bam,157014378,151872895,5141483,0.032745301
UNCID_1879077.3e775d6c-3845-49a7-80e0-82c5c68a473c.sorted_genome_alignments.bam,149646863,143139443,6507420,0.043485175
UNCID_1879222.bf9ca847-f30f-4dcf-bb91-a483be8db666.sorted_genome_alignments.bam,136537075,128252152,8284923,0.060678925
UNCID_1879332.52cca577-c5d1-4dff-9e3a-4007beb120db.sorted_genome_alignments.bam,159404026,153962985,5441041,0.034133649
UNCID_1879333.254c611f-7808-4745-9155-f2d578b29df2.sorted_genome_alignments.bam,157930013,152557495,5372518,0.034018347
UNCID_1879378.c1280be2-b926-4632-975a-fe52bb04c65d.sorted_genome_alignments.bam,159499464,153730910,5768554,0.036166604
UNCID_1879465.22e03b77-aa0f-4348-98c1-9b0914e8af8b.sorted_genome_alignments.bam,172245917,167013628,5232289,0.030376854
UNCID_1879554.e5636c48-9d0d-42d5-9ac2-31ad566bd168.sorted_genome_alignments.bam,189177668,183684466,5493202,0.029037265
UNCID_1880530.8b92ac31-d481-4d26-b25b-143f65785939.sorted_genome_alignments.bam,96461467,91196703,5264764,0.054578934
UNCID_1880569.8f8436ef-f424-4f3e-be6f-bef621ac445b.sorted_genome_alignments.bam,94828549,88858300,5970249,0.06295835
UNCID_1880628.1ec66ae2-e78a-4eb8-891a-7f8b6b061dca.sorted_genome_alignments.bam,166381456,160548144,5833312,0.035059869
UNCID_1880678.639dfa00-695c-48a6-be06-8557aea24cfe.sorted_genome_alignments.bam,140317949,135927290,4390659,0.031290787
UNCID_1880732.237aa00b-7c17-45ef-a95e-396565c7b581.sorted_genome_alignments.bam,151905609,147045748,4859861,0.031992637
UNCID_1880761.7f6a2c0a-3627-43b0-91f6-9de66c3b1003.sorted_genome_alignments.bam,154456457,149062392,5394065,0.034922884
UNCID_1880774.1fb352e1-4be2-4db6-b5aa-44361582117d.sorted_genome_alignments.bam,166012533,160276225,5736308,0.034553464
UNCID_1880805.9f492497-0039-460c-b408-192cc194baf6.sorted_genome_alignments.bam,151152142,146288192,4863950,0.032179167
UNCID_1880847.09c1d9fb-fb0f-4cb7-8a02-00e98e478eec.sorted_genome_alignments.bam,162789038,157520859,5268179,0.032362001
UNCID_1880865.50cf3cc2-9fc8-4b5c-a3ad-051cd27a2030.sorted_genome_alignments.bam,149989903,145327339,4662564,0.031085852
UNCID_1880882.eeed9479-565a-44d2-8783-458aaae5d51a.sorted_genome_alignments.bam,164940697,158679292,6261405,0.037961553
UNCID_1880909.3b668d39-d66d-472f-ba4a-e53fe34041e6.sorted_genome_alignments.bam,152220199,145908125,6312074,0.041466731
UNCID_1880948.2da5bdd2-23ba-4f3f-93f6-90951a889955.sorted_genome_alignments.bam,188263784,175920632,12343152,0.065563072
UNCID_1880955.d2ced523-6aaf-412e-9b52-b77aad822ba3.sorted_genome_alignments.bam,193747064,187552546,6194518,0.03197219
UNCID_1881140.4c4e1027-4ff7-4fde-98a7-20fd46b5b44e.sorted_genome_alignments.bam,237850160,229169845,8680315,0.036494888
UNCID_1884846.e3d00d08-5395-48b0-bd95-0c945e2a33fe.sorted_genome_alignments.bam,121098348,116434934,4663414,0.038509311
UNCID_1885036.4e169e09-37da-42c9-bed4-2649212d9c6b.sorted_genome_alignments.bam,162330639,156242613,6088026,0.037503863
UNCID_1885092.19eedffb-4311-4e50-9bf1-39bef9d2918c.sorted_genome_alignments.bam,162512439,156358322,6154117,0.03786859
UNCID_1885145.07653b81-7194-4348-8ef9-1a7660c95376.sorted_genome_alignments.bam,150251468,143164005,7087463,0.047170674
UNCID_1885458.5a6bed81-2364-4681-b659-af68a1028512.sorted_genome_alignments.bam,150347876,141422856,8925020,0.059362461
UNCID_1885506.214d6150-1b21-4994-858a-09c917dc958b.sorted_genome_alignments.bam,166180443,160443720,5736723,0.034521048
UNCID_1885579.e0f1b805-f155-47d8-a97e-7e611382cb76.sorted_genome_alignments.bam,165096664,159355414,5741250,0.034775082
UNCID_1885594.6d95b2ca-976f-4ea4-ab5b-8ce5e846a6ef.sorted_genome_alignments.bam,160708619,155375067,5333552,0.033187716
UNCID_1885662.edcc32ad-1375-4502-822e-defcea52b943.sorted_genome_alignments.bam,141431519,135691634,5739885,0.0405842
UNCID_1885812.4ca3b9ec-cd21-46fc-9a44-05d5225f0c57.sorted_genome_alignments.bam,150464505,145524799,4939706,0.03282971
UNCID_1885875.d620baa1-c329-46c6-a56a-dc08dfa23470.sorted_genome_alignments.bam,157540785,152757514,4783271,0.030362112
UNCID_1885897.49a0f1eb-6ece-48fc-970f-3922263fd20b.sorted_genome_alignments.bam,145639626,139953408,5686218,0.039043069
UNCID_1885943.68ec8441-f60a-4c80-8a9f-7609a0f81430.sorted_genome_alignments.bam,154165987,147264390,6901597,0.044767313
UNCID_1886222.24f42719-6ad5-48fb-b27d-5812c3447b46.sorted_genome_alignments.bam,185102713,178040086,7062627,0.038155178
UNCID_1886291.bfedc051-75dd-44f8-add4-40ec7eabf0b0.sorted_genome_alignments.bam,141011623,136911779,4099844,0.029074511
UNCID_1886293.7a4e94fa-09fb-4483-8816-f3ff2f1b2a6f.sorted_genome_alignments.bam,172851026,162558441,10292585,0.059545987
UNCID_1886437.c8b3eddd-f3cf-42eb-bb30-ccc3943eadec.sorted_genome_alignments.bam,209461531,202190310,7271221,0.034713873
UNCID_1886490.dd37c309-81f0-4d3d-863d-a16aa505e346.sorted_genome_alignments.bam,163654034,157767649,5886385,0.035968469
UNCID_1886806.a58de230-f177-4c58-95ec-55b6edb08452.sorted_genome_alignments.bam,153057192,147835392,5221800,0.034116659
UNCID_1887863.8e48cff2-5edd-4ce6-9531-5dc594ae78ff.sorted_genome_alignments.bam,207015204,200243024,6772180,0.032713443
UNCID_1888531.616255fe-88b3-4567-ae8d-bd68dd8380a3.sorted_genome_alignments.bam,159030940,154516720,4514220,0.028385797
UNCID_1888629.5b9b0b0c-c751-4b7d-9951-a8f6a13e1afa.sorted_genome_alignments.bam,157637420,152643607,4993813,0.031679109
UNCID_1889434.84f24356-27a3-4321-a58d-f1f6b135c954.sorted_genome_alignments.bam,149630623,144576714,5053909,0.0337759
UNCID_1889468.231c36ea-41b0-4a29-bb3f-222a266c2a19.sorted_genome_alignments.bam,141500464,136751615,4748849,0.03356066
UNCID_1889481.c8de0c98-c69a-44a1-bdf7-e6c731359aac.sorted_genome_alignments.bam,135784931,130874869,4910062,0.036160581
UNCID_1889514.db848332-4ee8-4f22-b6c9-b2634bd35918.sorted_genome_alignments.bam,144161664,139491692,4669972,0.032393993
UNCID_1889523.40ec3184-5b50-47b0-95eb-865fe3df4513.sorted_genome_alignments.bam,122150593,116951268,5199325,0.042564877
UNCID_1889546.92462e76-eed1-4eab-8c38-4cf9897be417.sorted_genome_alignments.bam,135175316,128781931,6393385,0.047296986
UNCID_1890762.608bf540-a094-441e-9329-9e759ff5d84d.sorted_genome_alignments.bam,201709462,194779302,6930160,0.034357139
UNCID_1891102.1cc4f319-fc1d-46bb-9fbb-469d66bd23f2.sorted_genome_alignments.bam,135554943,131388234,4166709,0.030738156
UNCID_1891176.7e48e392-4196-4188-bb39-bba65e88c2d5.sorted_genome_alignments.bam,135689319,129114520,6574799,0.048454801
UNCID_1891219.61fcdecf-52ca-465a-b8f1-262b6540117f.sorted_genome_alignments.bam,134684065,129118860,5565205,0.041320441
UNCID_1891530.4cda696b-42da-43fd-9f6f-95dfc748a0ca.sorted_genome_alignments.bam,145989273,141243136,4746137,0.032510176
UNCID_1891750.07401514-29ef-43a8-8a7f-a4e147852470.sorted_genome_alignments.bam,140820041,136049367,4770674,0.033877806
UNCID_1892702.9ac9a050-720a-45bc-94d4-87802c8f0aba.sorted_genome_alignments.bam,135872922,131225354,4647568,0.034205255
UNCID_1896391.bdb4a761-71cf-4465-a48f-4f938493ffcb.sorted_genome_alignments.bam,155389319,150272865,5116454,0.032926678
UNCID_1896466.5330437a-0b3d-4249-9c70-a5f967f989de.sorted_genome_alignments.bam,174521182,168580917,5940265,0.034037502
UNCID_1896492.6b264e41-b852-4221-8e09-692a6a639ccf.sorted_genome_alignments.bam,161349421,155825075,5524346,0.0342384
UNCID_1896591.644e2830-703e-4a1f-86e3-f9cea798c1eb.sorted_genome_alignments.bam,165619474,158701765,6917709,0.041768693
UNCID_1896609.3d626bcf-fa11-443c-ac02-b2a099494189.sorted_genome_alignments.bam,173328766,164776890,8551876,0.049339046
UNCID_1896676.5b656979-9a9f-4ef2-8948-2979d1db0c68.sorted_genome_alignments.bam,170337031,164218248,6118783,0.035921625
UNCID_1896679.0a67e3de-1840-44f1-ae19-14f3c2df230c.sorted_genome_alignments.bam,162178032,153965892,8212140,0.050636575
UNCID_1896680.a597168e-2c74-4e79-b863-45c94ac8efa1.sorted_genome_alignments.bam,178427676,170066321,8361355,0.046861312
UNCID_1896681.d5a6b5e2-f1af-4b1f-bfbe-2b3c05f3f642.sorted_genome_alignments.bam,169718428,162401953,7316475,0.043109491
UNCID_1896766.0e963a64-2e40-4117-b4fa-4061d16aabae.sorted_genome_alignments.bam,167748614,157485154,10263460,0.061183576
UNCID_1896790.07384291-d5cc-44d8-a025-f10636c91691.sorted_genome_alignments.bam,162504176,155802307,6701869,0.041241211
UNCID_1896963.c11b849f-04dd-4599-8073-e2431bd68dd1.sorted_genome_alignments.bam,84465494,81082940,3382554,0.040046578
UNCID_1896978.0cb961d7-87be-40c2-b703-3e424b8c8e78.sorted_genome_alignments.bam,193031610,183859185,9172425,0.047517736
UNCID_1897068.1eda4d9f-e9a1-4ee7-8c71-559c8940b751.sorted_genome_alignments.bam,185462237,178473078,6989159,0.037685079
UNCID_1897158.35c918eb-2a20-4e32-93d4-ae2c80d6cee7.sorted_genome_alignments.bam,157997209,151376376,6620833,0.041904747
UNCID_1897246.ac3b2403-e941-4b8a-8051-f29055c2428a.sorted_genome_alignments.bam,176329334,167174863,9154471,0.051916892
UNCID_1897708.cf19f287-ebc8-4be0-a619-cb26e7d5a671.sorted_genome_alignments.bam,169592119,161558353,8033766,0.047371105
UNCID_1897944.9cf68c53-c1a5-4102-aeba-a2083335954e.sorted_genome_alignments.bam,94351084,90785686,3565398,0.037788628
UNCID_1897951.7d16518c-7da4-4b50-ae77-a708eccf5db0.sorted_genome_alignments.bam,111075716,105814778,5260938,0.04736353
UNCID_1898036.764bce37-06d7-41e7-83d9-ce803dabd5f0.sorted_genome_alignments.bam,89726695,84631015,5095680,0.056791126
UNCID_1898085.b363949d-cc43-4480-8afd-9f4693fe43cc.sorted_genome_alignments.bam,94492739,91292171,3200568,0.033871047
UNCID_1898104.f5c78889-7c7f-4b88-8660-6560b49b7be4.sorted_genome_alignments.bam,97462335,91945392,5516943,0.056605898
UNCID_1898115.ab39e99f-8967-4068-b1e2-49e1fe2298ff.sorted_genome_alignments.bam,103319993,99018040,4301953,0.041637179
UNCID_1898118.a49c5cb5-9a31-456d-b55d-904081633729.sorted_genome_alignments.bam,104239000,99641252,4597748,0.044107752
UNCID_1898237.8a6ee832-1496-4016-8780-0b842b960582.sorted_genome_alignments.bam,96522808,93231702,3291106,0.034096667
UNCID_1898307.00c7a308-6add-457c-9003-784d4e65c318.sorted_genome_alignments.bam,115568449,110264561,5303888,0.04589391
UNCID_1898314.81be01d3-ad98-495f-910c-c33a7b100b53.sorted_genome_alignments.bam,106720096,101083260,5636836,0.052818881
UNCID_1898395.2e85d1dd-1b37-4504-ad35-10926c11341c.sorted_genome_alignments.bam,118819858,115511740,3308118,0.027841457
UNCID_1898466.21c18eb0-b627-41f0-8d2f-d3167f6feb2c.sorted_genome_alignments.bam,143533689,139295403,4238286,0.029528162
UNCID_1898468.49a146e2-268d-4cee-b2d6-c1d7ce6b4462.sorted_genome_alignments.bam,123264329,118795306,4469023,0.036255606
UNCID_1898554.b48261ed-8b67-4fd4-98b6-cf554417cfba.sorted_genome_alignments.bam,129606371,124480319,5126052,0.039550926
UNCID_1898587.3061e43d-0a94-474d-a715-545692c33cfb.sorted_genome_alignments.bam,144011226,138173751,5837475,0.040534861
UNCID_1898855.9eba7222-3723-4b4a-9ae1-a967790d864f.sorted_genome_alignments.bam,137209442,132392834,4816608,0.035104056
UNCID_1898866.09940f4e-69df-4ada-96ab-a6749b70e4b8.sorted_genome_alignments.bam,139889905,134817068,5072837,0.036263067
UNCID_1898900.539e8615-ff7b-455c-a13b-b26528875d8f.sorted_genome_alignments.bam,140315718,135559694,4756024,0.033895162
UNCID_1898901.ba92f078-da12-4519-a22e-8646d6263e0f.sorted_genome_alignments.bam,134729679,129924031,4805648,0.035668815
UNCID_1898975.93ec9ca7-cb63-48a3-809f-6222f506fc07.sorted_genome_alignments.bam,126876761,119695498,7181263,0.056600302
UNCID_1899001.0c6d6099-1020-475b-ba62-d3c306860e8e.sorted_genome_alignments.bam,144378193,139271063,5107130,0.035373278
UNCID_1899124.56fac7d6-1dc6-4c7b-8b5c-7cb9d914d2f5.sorted_genome_alignments.bam,151375492,146494304,4881188,0.032245563
UNCID_1899221.27b45aff-a680-42ac-95a9-6fd698230b27.sorted_genome_alignments.bam,156152389,151099499,5052890,0.032358711
UNCID_1899267.d36829af-a8cc-41fc-8929-a1979af2facc.sorted_genome_alignments.bam,119494179,114235797,5258382,0.04400534
UNCID_1899309.284266c1-3ec6-41b6-af26-da481d7e7d20.sorted_genome_alignments.bam,161842749,156032591,5810158,0.03590002
UNCID_1899433.c23cb864-64d1-4e0e-abe5-68ef839fa41e.sorted_genome_alignments.bam,146949035,141956745,4992290,0.033972935
UNCID_1899549.c4a0a1fb-719b-461f-ac3d-43362dd12249.sorted_genome_alignments.bam,113727490,104299309,9428181,0.082901513
UNCID_1899594.674cbce1-a972-499e-b4d0-2b9aeab66a45.sorted_genome_alignments.bam,152921457,148491662,4429795,0.028967779
UNCID_1899701.6edf1b77-fab6-4806-b108-dbc795d4a969.sorted_genome_alignments.bam,137702576,133488533,4214043,0.030602499
UNCID_1900061.5642f9d8-a84b-4ab6-b841-910ac4010e16.sorted_genome_alignments.bam,63660922,60019373,3641549,0.057202266
UNCID_1900177.4c893780-d86b-4b01-a423-ca099e4fc007.sorted_genome_alignments.bam,91301110,87147617,4153493,0.045492251
UNCID_1900281.ae6e4491-f510-41b0-9279-d4887504a637.sorted_genome_alignments.bam,81691112,78273242,3417870,0.041838946
UNCID_1900352.ce3a2fa7-905e-491d-ade0-c8d5712c4afa.sorted_genome_alignments.bam,123829948,117530564,6299384,0.050871248
UNCID_1900439.b08d8be0-f28a-474a-991f-e7764e16b311.sorted_genome_alignments.bam,140554415,135277837,5276578,0.037541176
UNCID_1900514.27b8775c-5f1f-407c-8db8-674dc301307a.sorted_genome_alignments.bam,143027812,137272213,5755599,0.040241118
UNCID_1900515.51d59e9b-2f54-4a54-b5f5-81376be2eb82.sorted_genome_alignments.bam,123677454,118484187,5193267,0.04199041
UNCID_1900585.0a85f2bd-d169-44e4-bde3-c92ff92ddc94.sorted_genome_alignments.bam,94359062,90963888,3395174,0.03598143
UNCID_1900603.a872e4e0-b63c-4f88-a5c9-ceb9aa751304.sorted_genome_alignments.bam,135908565,131534297,4374268,0.032185374
UNCID_1900646.7c79678c-45ca-4c2c-b2db-11e00c3864f6.sorted_genome_alignments.bam,153407587,148357457,5050130,0.032919689
UNCID_1900655.4bdf2f0f-68b6-494f-95ec-659f5a2ab85c.sorted_genome_alignments.bam,135038765,129076526,5962239,0.044152055
UNCID_1900686.2e4e9b2d-605f-4ce2-ab37-ba8774cbda25.sorted_genome_alignments.bam,138784701,134441939,4342762,0.03129136
UNCID_1900704.e84aa302-bced-477d-a3ff-d462a2530616.sorted_genome_alignments.bam,128915055,120460583,8454472,0.065581727
UNCID_1900716.eab55e05-a92f-471a-88d4-7663d70d940b.sorted_genome_alignments.bam,129273097,119387902,9885195,0.076467534
UNCID_1900747.3e9ed7f0-3324-4c3c-85e2-dadb05025b94.sorted_genome_alignments.bam,167821872,161363747,6458125,0.038482022
UNCID_1900755.9bea59ee-e522-41c7-ba60-4cb0cb6b266a.sorted_genome_alignments.bam,123852636,111692640,12159996,0.098181164
UNCID_1900765.4ab212b1-2a55-4850-8610-8a3c96ed0c1b.sorted_genome_alignments.bam,117007980,104411359,12596621,0.107656085
UNCID_1900929.899e71cc-c363-4842-a4c7-b3e13cfd0f70.sorted_genome_alignments.bam,151191348,147549751,3641597,0.024086014
UNCID_1901004.2412baac-c345-465e-9c6e-bd17d3797129.sorted_genome_alignments.bam,137434366,132681395,4752971,0.03458357
UNCID_1901037.83020f0d-f4bc-4e38-a056-453aa00697f9.sorted_genome_alignments.bam,171854959,166268014,5586945,0.032509653
UNCID_1901125.b127c23e-b16b-4402-8a0c-764867fc6b52.sorted_genome_alignments.bam,157305214,153181619,4123595,0.026213975
UNCID_1901152.d2f6cb89-6c39-4265-9164-679614214514.sorted_genome_alignments.bam,149526933,145641713,3885220,0.025983413
UNCID_1901169.87ad5350-308a-4f86-a205-f4e566f950e2.sorted_genome_alignments.bam,182813362,178089748,4723614,0.02583845
UNCID_1901224.b0c0055f-55c8-447a-9590-fd1ae77c7128.sorted_genome_alignments.bam,165051880,159425673,5626207,0.034087506
UNCID_1901433.2af5af75-e9c3-4297-ad9c-4f65fdaa0c00.sorted_genome_alignments.bam,159028416,154827437,4200979,0.02641653
UNCID_1901485.e9eda4da-4b9d-4add-8229-985b27f5ac2c.sorted_genome_alignments.bam,176192741,170049998,6142743,0.034863769
UNCID_1901495.db49acfb-d0a7-4957-82f8-038a1dc5ea9a.sorted_genome_alignments.bam,146407361,141371326,5036035,0.034397417
UNCID_1901541.46b47792-13ed-49c3-9456-c22d0b920c34.sorted_genome_alignments.bam,165141684,160089160,5052524,0.030595086
UNCID_1901673.09cc958e-370f-4120-96df-896c7e602474.sorted_genome_alignments.bam,169181852,164379079,4802773,0.028388228
UNCID_1901691.27ecc5f8-6232-48bb-8a1f-fa46af7a9309.sorted_genome_alignments.bam,177377029,172783704,4593325,0.025895828
UNCID_1901771.3721b7dc-c503-4dc0-87be-f22a7e4a4900.sorted_genome_alignments.bam,166727061,161925881,4801180,0.028796645
UNCID_1901820.72b416c6-968b-46aa-b172-664472feee85.sorted_genome_alignments.bam,160700930,156273184,4427746,0.027552709
UNCID_1901989.2d914586-8139-4f9c-be79-99722e36b46a.sorted_genome_alignments.bam,147388671,143369655,4019016,0.027268147
UNCID_1902140.1826da69-3d45-4607-820b-47fb71d60812.sorted_genome_alignments.bam,185548323,176456352,9091971,0.049000556
UNCID_1902210.a8d45785-d6e2-4c38-9625-ee36e2a1017a.sorted_genome_alignments.bam,173152527,167781801,5370726,0.031017312
UNCID_1902282.39eb1ae5-70cd-4b7b-94a9-7b070a34f107.sorted_genome_alignments.bam,160126473,152087430,8039043,0.050204334
UNCID_1902291.2491134e-0745-4877-bde0-ce919c4ce3f4.sorted_genome_alignments.bam,216790598,208953423,7837175,0.036150899
UNCID_1902351.1adb31d9-b06e-4820-8ccc-958298f59395.sorted_genome_alignments.bam,196905998,191167894,5738104,0.029141337
UNCID_1902381.1fdbc7ad-2c2e-428d-b98d-7a532135eae9.sorted_genome_alignments.bam,200878811,192609022,8269789,0.04116805
UNCID_1902405.865c259f-80d6-4f88-b5d1-14d8d6e7f2e6.sorted_genome_alignments.bam,228784645,222073544,6711101,0.029333704
UNCID_1902419.8e124018-d6a5-47f8-9486-4c0fb0c7a622.sorted_genome_alignments.bam,220913063,214124843,6788220,0.030728015
UNCID_1902424.47855530-fdf4-4ab1-8387-f77db6b19e78.sorted_genome_alignments.bam,198755115,192432941,6322174,0.031808862
UNCID_1902446.73d37bb3-e8d4-4347-9221-e79b0186d940.sorted_genome_alignments.bam,227458211,219204363,8253848,0.036287316
UNCID_1902568.016536b0-a6c4-4b7c-81c5-9fca8315c94f.sorted_genome_alignments.bam,170172689,164398043,5774646,0.033934035
UNCID_1902614.8f581126-cf99-41bb-84ce-c9533f2db53a.sorted_genome_alignments.bam,164535378,159683837,4851541,0.029486309
UNCID_1905121.34dda809-a7af-411f-ab80-b021b077eaf9.sorted_genome_alignments.bam,66065742,61593855,4471887,0.06768844
UNCID_1905172.518328ff-5705-456f-b71a-a194fc526653.sorted_genome_alignments.bam,85266555,81196463,4070092,0.047733745
UNCID_1905206.2fe33b61-8a00-424b-b881-e2808b099022.sorted_genome_alignments.bam,90125377,86222241,3903136,0.043307847
UNCID_1905230.a0e0a895-ce81-44a6-a21e-453e727acdbb.sorted_genome_alignments.bam,91315235,85677778,5637457,0.061736215
UNCID_1905302.80c995f9-48bf-49a7-82ac-27d646b93e81.sorted_genome_alignments.bam,96946674,93127178,3819496,0.039397907
UNCID_1905331.777c61bc-aa43-4661-a1d3-7a2f07dc055a.sorted_genome_alignments.bam,106350614,100733191,5617423,0.052819845
UNCID_1905376.bdaceebb-1720-4ed0-b4e2-e3dec1d2335b.sorted_genome_alignments.bam,104412266,98932268,5479998,0.052484236
UNCID_1905407.42ab0bc6-16cb-43e4-9729-9b947f2e6432.sorted_genome_alignments.bam,102843485,95670689,7172796,0.069744778
UNCID_1905418.3088dac7-68b6-42f3-82eb-ff2bd451d7c5.sorted_genome_alignments.bam,106839731,101388708,5451023,0.051020561
UNCID_1905422.5cb476d8-eae8-453c-8157-fdb71b4d5efa.sorted_genome_alignments.bam,113281603,107716931,5564672,0.049122469
UNCID_1905449.664ffa40-4508-40ae-9505-84a10136b362.sorted_genome_alignments.bam,112766230,105157883,7608347,0.067470084
UNCID_1905492.50d1ad39-3545-422e-b8fa-440e68eeebf3.sorted_genome_alignments.bam,118123702,112785134,5338568,0.045194723
UNCID_1905515.78dd0304-d459-4d26-b0ba-39a8078c59d0.sorted_genome_alignments.bam,117308209,111660558,5647651,0.048143698
UNCID_1905554.e776b3c7-2afe-4f44-8596-4c0de62fd46d.sorted_genome_alignments.bam,120060045,113963899,6096146,0.05077581
UNCID_1905563.9d7459be-af93-4bf3-8d54-df569a16ee12.sorted_genome_alignments.bam,117292715,110817678,6475037,0.055204085
UNCID_1905659.9356c4e0-eb35-4e70-85da-10ad2ae535a6.sorted_genome_alignments.bam,152347949,146377696,5970253,0.039188273
UNCID_1905906.e55a12d6-3ec4-4346-8849-cf7525fff740.sorted_genome_alignments.bam,169887694,162399952,7487742,0.044074658
UNCID_1905989.097a5525-0a68-45a3-8424-d7b2f1f25558.sorted_genome_alignments.bam,158776376,152770266,6006110,0.037827479
UNCID_1906020.e0da883a-782b-4dd1-944f-b0b79ae11fa8.sorted_genome_alignments.bam,161090132,154456500,6633632,0.04117963
UNCID_1906111.aa1a23a0-37ac-4d94-924d-40c4b341a16c.sorted_genome_alignments.bam,174850099,167101917,7748182,0.044313283
UNCID_1906503.090c18f2-3ca7-4e56-ac8c-0ac3f93d4e31.sorted_genome_alignments.bam,63376592,54243072,9133520,0.144115039
UNCID_1906589.00775634-c7a2-4336-83aa-4da2dc58d375.sorted_genome_alignments.bam,211113049,202171731,8941318,0.042353223
UNCID_1910458.865eece0-5e69-4878-b504-af3eb071273d.sorted_genome_alignments.bam,102653593,97304669,5348924,0.052106544
UNCID_1910459.db1370cf-7ca5-45ed-bba6-751f28e39825.sorted_genome_alignments.bam,101197353,97062573,4134780,0.040858579
UNCID_1910704.5a4f0f21-a774-46cd-a5ba-525029761d94.sorted_genome_alignments.bam,94548394,88437970,6110424,0.064627475
UNCID_1910807.1bc29a8a-19a4-4b79-ad7e-a64633b2c487.sorted_genome_alignments.bam,85734353,81541636,4192717,0.048903582
UNCID_1910812.a77afb11-3c0e-411b-b34b-84f827478e03.sorted_genome_alignments.bam,84459600,81034938,3424662,0.040547931
UNCID_1910851.11918ff0-e8d4-4214-904a-8120ba648fec.sorted_genome_alignments.bam,96751742,92668928,4082814,0.042198868
UNCID_1910893.783abefe-0a71-4680-a09b-8152226d909e.sorted_genome_alignments.bam,88037842,83053478,4984364,0.056616154
UNCID_1910901.a6bba875-e7ad-4a67-837e-bd2f7a50dae1.sorted_genome_alignments.bam,89680446,85934679,3745767,0.041767935
UNCID_1910948.381536e9-3a91-4878-8d63-8961d6e3b6a2.sorted_genome_alignments.bam,105391242,101782729,3608513,0.034239211
UNCID_1910977.4e77399b-349d-47c9-b058-f1f1fc118a34.sorted_genome_alignments.bam,131877827,126581715,5296112,0.04015923
UNCID_1910984.60652d7d-4da5-4e38-9f4d-8e9698c3e578.sorted_genome_alignments.bam,112870310,109101822,3768488,0.03338777
UNCID_1911017.27232616-276d-4654-ba3a-697a0c83dd7e.sorted_genome_alignments.bam,97457230,93188815,4268415,0.043797828
UNCID_1911052.4fe8f85b-b46a-4e29-b152-8f46cfbd09ae.sorted_genome_alignments.bam,161953511,154978483,6975028,0.043068088
UNCID_1911103.ef3079e2-6eeb-4b6d-b412-1d57219be39c.sorted_genome_alignments.bam,137692885,131449657,6243228,0.045341689
UNCID_1911128.13380c2f-2f59-40ac-ae0c-9f3dab833e39.sorted_genome_alignments.bam,98837028,94297951,4539077,0.045924863
UNCID_1911136.758f95a1-8aca-43d0-aff2-39566606f88d.sorted_genome_alignments.bam,110536114,104883316,5652798,0.051139829
UNCID_1911231.328de22d-8700-4ee4-bf78-71a774e4e569.sorted_genome_alignments.bam,87658037,84518210,3139827,0.035819043
UNCID_1911556.0a5d5dd8-9391-424e-905e-6359845a153d.sorted_genome_alignments.bam,102616731,97410170,5206561,0.050737935
UNCID_1911607.b32d8bea-966a-4640-9a23-e20cd465771c.sorted_genome_alignments.bam,51262429,49005358,2257071,0.044029732
UNCID_1911676.153f13af-43b9-4362-b18b-039b39611962.sorted_genome_alignments.bam,93427216,89850490,3576726,0.038283555
UNCID_1911817.39dcdd85-0535-43fa-a0bf-e3a9e324eea2.sorted_genome_alignments.bam,64354224,61769727,2584497,0.040160487
UNCID_1911844.9a7bfae6-39b5-4d65-953c-9a029b093808.sorted_genome_alignments.bam,101084814,97191537,3893277,0.038514954
UNCID_1911923.11b81a6e-be33-4bc8-8b91-1034c67a3ed8.sorted_genome_alignments.bam,180878074,171861271,9016803,0.049850171
UNCID_1911987.adda0fb6-b939-4fac-a005-3696d05d1971.sorted_genome_alignments.bam,120240353,115988066,4252287,0.035364891
UNCID_1912018.68d0c316-0488-4f3e-a8de-fd7539f37d10.sorted_genome_alignments.bam,136315399,130594679,5720720,0.041966792
UNCID_1912136.4b0015ac-a48c-4a48-b32f-8f62a84ebecd.sorted_genome_alignments.bam,75798862,72410721,3388141,0.044699101
UNCID_1912168.d34945c6-2882-4e48-ada0-2f61d9f7a4e5.sorted_genome_alignments.bam,95887963,91517755,4370208,0.04557619
UNCID_1912227.322593ce-4a52-4c15-9640-54ebccf7bf45.sorted_genome_alignments.bam,97783978,93466441,4317537,0.044153829
UNCID_1912256.a825b1eb-e03b-44da-8587-899244ca6c0e.sorted_genome_alignments.bam,119328897,114897692,4431205,0.037134383
UNCID_1912313.eee5c7c2-da4c-4d30-9001-7ca9f25c806a.sorted_genome_alignments.bam,109798158,105764157,4034001,0.036740152
UNCID_1912348.c3efe0fb-b62a-47b5-a50b-83433525dbc5.sorted_genome_alignments.bam,86658802,83169591,3489211,0.040263781
UNCID_1912419.8382d0be-b114-40b4-9412-b0ae25ab0f5b.sorted_genome_alignments.bam,102283446,98132713,4150733,0.040580692
UNCID_1912442.84b37e1a-260f-42c8-92d2-377ba130168d.sorted_genome_alignments.bam,95621266,90729759,4891507,0.051155012
UNCID_1912530.ac7e54d7-3886-4da3-a569-dd59fe479dea.sorted_genome_alignments.bam,115642242,111211500,4430742,0.038314217
UNCID_1912531.3e456d4d-3c85-464d-a5e3-f837c6145abf.sorted_genome_alignments.bam,99070474,95436697,3633777,0.036678708
UNCID_1912593.f9cc97c0-af9a-4d77-b68e-fcfe9ca9d238.sorted_genome_alignments.bam,106832438,102976152,3856286,0.036096583
UNCID_1912611.55d51796-c9c2-425b-8c94-bbd7475bc690.sorted_genome_alignments.bam,133183301,128615684,4567617,0.034295719
UNCID_1912660.02da99c7-0a26-4857-9733-42e02c46cbe7.sorted_genome_alignments.bam,117399712,112942964,4456748,0.037962171
UNCID_1912726.fed19371-74a4-414f-84a7-495d1ad86c6d.sorted_genome_alignments.bam,120419882,115193560,5226322,0.043400823
UNCID_1912939.bbbac47c-0764-4bdb-857d-bd218e9d76ca.sorted_genome_alignments.bam,101615603,97149447,4466156,0.043951479
UNCID_1913048.e049e194-d224-41cf-99b6-a4e7490674f9.sorted_genome_alignments.bam,57028375,51591440,5436935,0.095337365
UNCID_1913099.06460d4f-a32d-4e68-a02b-e047d491c3a5.sorted_genome_alignments.bam,111622009,107841405,3780604,0.0338697
UNCID_1913277.24cbacbe-2de9-40b6-beea-d285eaf4c8b0.sorted_genome_alignments.bam,116100066,111135235,4964831,0.042763378
UNCID_1913826.f3c5b879-2ca4-4d16-972b-6ed8f82b97a1.sorted_genome_alignments.bam,96652534,93110587,3541947,0.036646189
UNCID_1913884.8cebbeaa-9421-4012-becb-10de3f135a3e.sorted_genome_alignments.bam,144675708,140086042,4589666,0.031723819
UNCID_1913938.3e1695a2-9716-466c-89a8-91a3c996cdbe.sorted_genome_alignments.bam,111694662,107232123,4462539,0.039953019
UNCID_1914064.570cec62-e184-4e9b-a7fe-93f8615b2271.sorted_genome_alignments.bam,109448548,104759475,4689073,0.042842715
UNCID_1914148.089dccc0-b701-4b4e-ae11-82ec54b42c39.sorted_genome_alignments.bam,127633547,123205238,4428309,0.034695494
UNCID_1914372.3a627bd6-6f7e-4dca-a480-71eeb76e03b0.sorted_genome_alignments.bam,150500083,144595730,5904353,0.03923156
UNCID_1914402.25361c46-91f3-4b7b-80e0-ef8576ce00c1.sorted_genome_alignments.bam,166709971,155163221,11546750,0.069262504
UNCID_1914461.4ec591d8-c168-4541-a685-f009d0c3da38.sorted_genome_alignments.bam,141879755,137344223,4535532,0.031967436
UNCID_1914704.eb9fed2e-137c-4bcc-b69a-0da18e9bd6d9.sorted_genome_alignments.bam,138417727,133903961,4513766,0.032609739
UNCID_1915806.b6530750-0410-43ec-bb79-f862ca3424a6.sorted_genome_alignments.bam,153893435,149346932,4546503,0.02954319
UNCID_1917914.f929972c-1b5a-4fdb-b992-f69eb572496d.sorted_genome_alignments.bam,177499859,172544941,4954918,0.027915053
UNCID_1918045.a44ef83c-ef8e-4b10-bba2-86111df19873.sorted_genome_alignments.bam,198455953,192471775,5984178,0.030153684
UNCID_1918082.db85a3d4-61c8-4b3d-8d5e-f49fc9638cbb.sorted_genome_alignments.bam,282180311,263966782,18213529,0.064545712
UNCID_1918160.fce125fa-4f67-46cf-bdc9-988e081ae777.sorted_genome_alignments.bam,209222852,202869926,6352926,0.030364398
UNCID_1918243.deca26c0-d474-4a76-9a60-d49954ce1b68.sorted_genome_alignments.bam,203489291,197253071,6236220,0.030646428
UNCID_1918275.f2a077e8-1dd2-4a7b-b832-0f7367818044.sorted_genome_alignments.bam,117548792,113149892,4398900,0.037421907
UNCID_1918282.0d43a86d-9356-426a-94dc-4448bd6820b8.sorted_genome_alignments.bam,164361779,154713705,9648074,0.058700229
UNCID_1918328.d5887688-b311-4ddc-84d4-538750849401.sorted_genome_alignments.bam,212742718,205317288,7425430,0.034903333
UNCID_1918418.5573955b-f0ec-4cfe-ad02-4f9f91693770.sorted_genome_alignments.bam,127179368,117792394,9386974,0.073808937
UNCID_1918533.e66b878f-0a33-4edf-ba17-e0ec9f41e589.sorted_genome_alignments.bam,169909371,162963778,6945593,0.040878222
UNCID_1918656.f39fc113-7955-4dc6-989b-17614c53ea20.sorted_genome_alignments.bam,142369715,135968127,6401588,0.044964535
UNCID_1918758.6f393dc9-7002-4fa7-8d05-c390e95e81e0.sorted_genome_alignments.bam,138862589,134659609,4202980,0.030267187
UNCID_1918854.eda6f268-91c6-4a18-a3bc-cc2590423b44.sorted_genome_alignments.bam,158497860,152837398,5660462,0.035713176
UNCID_1918945.c4b02af4-2fea-44a7-bdf4-e983f681301b.sorted_genome_alignments.bam,165617182,156930805,8686377,0.052448526
UNCID_1919167.86cde8fe-ca8b-47f6-b121-df5a05d3ec4c.sorted_genome_alignments.bam,143751002,136930970,6820032,0.04744337
UNCID_1919199.24214ac8-46a2-44c2-9ce8-8514b9c61181.sorted_genome_alignments.bam,117685874,111770273,5915601,0.050266024
UNCID_1919321.e39040d8-cdb2-4ead-9e93-224ba7c37dbc.sorted_genome_alignments.bam,103248553,84953221,18295332,0.177196982
UNCID_1919573.f847f8c8-7a39-4327-ad12-3aac2c331be8.sorted_genome_alignments.bam,153922659,149286079,4636580,0.03012279
UNCID_1919627.60b16987-41a4-4bcf-a550-939534eae800.sorted_genome_alignments.bam,125855461,121016795,4838666,0.038446214
UNCID_1919666.1695c22b-f771-45da-8627-394516eb87de.sorted_genome_alignments.bam,145020440,138990365,6030075,0.041580863
UNCID_1919673.5cdb7ad7-0660-4e93-928c-655f0f9465e4.sorted_genome_alignments.bam,133174711,124677721,8496990,0.06380333
UNCID_1919715.52a23370-b94f-4043-b114-a6caf04df5b6.sorted_genome_alignments.bam,110311003,105172387,5138616,0.046582987
UNCID_1919733.faec0e24-6bcd-4388-b227-b8d4b73bb110.sorted_genome_alignments.bam,150984690,143077895,7906795,0.05236819
UNCID_1919753.d557d077-7341-4e0e-8994-9c36b45fe02d.sorted_genome_alignments.bam,156343184,149407511,6935673,0.044361851
UNCID_1919777.12c6d713-3314-4458-914a-8247ec0fe292.sorted_genome_alignments.bam,169297530,161481836,7815694,0.046165434
UNCID_1919820.c0e5b9a0-cbbf-4b4b-a880-93721969c9a5.sorted_genome_alignments.bam,154688603,148200554,6488049,0.041942644
UNCID_1919840.e6889ad6-caa9-429f-9123-0ff0c7ae195a.sorted_genome_alignments.bam,144843483,138354844,6488639,0.04479759
UNCID_1919841.6d8a4777-88a1-41f0-9a30-354d52ce9e86.sorted_genome_alignments.bam,143233785,138206558,5027227,0.035098053
UNCID_1919904.f69543ea-f20b-4182-91c4-f5bad36be325.sorted_genome_alignments.bam,143891930,136440333,7451597,0.051786066
UNCID_1919924.66016ff6-5367-4560-a7d3-20f536f22ece.sorted_genome_alignments.bam,134299699,129523681,4776018,0.035562388
UNCID_1919948.cf939eea-83dc-42ad-b9ce-0c3972ebf86b.sorted_genome_alignments.bam,144249089,138426843,5822246,0.040362446
UNCID_1919990.2bbf9181-a71f-4714-b1b5-0d23a47d1306.sorted_genome_alignments.bam,117370333,110886088,6484245,0.055246031
UNCID_1919991.525fe7e1-4337-45bc-ae5b-d8a219e6e245.sorted_genome_alignments.bam,117051914,111176346,5875568,0.050196257
UNCID_1920096.e57426eb-3223-41dc-b70e-ff7233e3403a.sorted_genome_alignments.bam,142067007,133598922,8468085,0.059606274
UNCID_1920201.b87b2d94-2d62-4892-85b4-8ee7a566294c.sorted_genome_alignments.bam,104819682,100354684,4464998,0.042596943
UNCID_1920303.9ceb9e31-6495-4ae8-8c41-58fe981f9ac7.sorted_genome_alignments.bam,149878892,144239819,5639073,0.037624197
UNCID_1920325.40c82f91-98b7-4c3f-8885-3ea4e383e7be.sorted_genome_alignments.bam,116534512,109908439,6626073,0.056859319
UNCID_1920412.153e5c1e-46ba-460f-a966-c3bb10dc490d.sorted_genome_alignments.bam,127800725,119725438,8075287,0.063186551
UNCID_1920500.6e1fbe8d-8e83-4424-87e9-6e38313215d3.sorted_genome_alignments.bam,166085545,159125803,6959742,0.041904562
UNCID_1920715.e58c5f71-33ca-4443-890e-49b85916f080.sorted_genome_alignments.bam,136964133,129016689,7947444,0.058025731
UNCID_1920784.cee82dd8-a3d1-448c-814d-b9481a30fb38.sorted_genome_alignments.bam,152029016,144953930,7075086,0.046537735
UNCID_1920821.459ab827-f9c7-4b30-9b6a-86bee706c6e0.sorted_genome_alignments.bam,130569784,126236979,4332805,0.033183826
UNCID_1922247.c66143ca-3cbb-4432-8013-cce080001918.sorted_genome_alignments.bam,96261054,92483191,3777863,0.039246017
UNCID_1922272.eb47358f-9627-4d58-9397-b4e80a28f85c.sorted_genome_alignments.bam,117705720,113617317,4088403,0.034734106
UNCID_1922311.e6628ef2-abe7-4fa1-9e12-9034179ebb63.sorted_genome_alignments.bam,102303919,98123390,4180529,0.040863821
UNCID_1922361.7eb83c83-31e0-435b-8866-9d2764098800.sorted_genome_alignments.bam,122775870,117053679,5722191,0.046606805
UNCID_1922444.f43b8267-4311-41ef-bd2f-92ac8f336e86.sorted_genome_alignments.bam,137108077,131966670,5141407,0.037498936
UNCID_1922511.0956217d-5f82-40be-8165-d7bb64135f23.sorted_genome_alignments.bam,137291465,131068553,6222912,0.045326284
UNCID_1922618.1d2aec25-2f54-47da-b627-a6b312e027a1.sorted_genome_alignments.bam,120097894,114919491,5178403,0.043118183
UNCID_1922789.29917460-f08a-4013-be64-ef7412d165dd.sorted_genome_alignments.bam,107363271,102546916,4816355,0.04486036
UNCID_1922940.cabf7b00-4cb0-4873-a632-a5ffc72df2c8.sorted_genome_alignments.bam,139510202,131166975,8343227,0.059803705
UNCID_1924344.0b20024b-a8dd-4683-9a3b-00fe4cb14f71.sorted_genome_alignments.bam,134691005,130627319,4063686,0.030170433
UNCID_1925317.84730d14-88bb-4b77-8b04-16229b83dd9d.sorted_genome_alignments.bam,128620792,125303396,3317396,0.025792066
UNCID_1925996.e491502d-1c89-4629-83b6-7c00420e8804.sorted_genome_alignments.bam,168425586,164623704,3801882,0.022573067
UNCID_1926082.a9574e45-5dee-46f3-87db-f7e859b67cab.sorted_genome_alignments.bam,142198466,138027907,4170559,0.029329142
UNCID_1926250.e996b750-d0d3-43c8-860a-17da2f607b15.sorted_genome_alignments.bam,152196926,147561169,4635757,0.03045894
UNCID_1926300.aa9d8e32-4e9d-409f-81b0-9c6e2b6af130.sorted_genome_alignments.bam,172621005,168638755,3982250,0.023069325
UNCID_1926381.f68894de-6db1-472b-bbda-f1c6e60a818b.sorted_genome_alignments.bam,166292158,159323256,6968902,0.041907581
UNCID_1926393.7668e1a3-cf31-411a-8bce-aff592a0f053.sorted_genome_alignments.bam,170543878,165187974,5355904,0.031404845
UNCID_1926523.1cd3bf53-27a7-4fda-8501-8270da2b8ceb.sorted_genome_alignments.bam,144564374,138413755,6150619,0.042545883
UNCID_1926674.81018f98-fee6-4cde-b6f6-3b6254e3e8d7.sorted_genome_alignments.bam,199929530,193335387,6594143,0.032982336
UNCID_1927156.776c18b3-4e53-41d6-8838-70a6029c07dd.sorted_genome_alignments.bam,143129860,137834610,5295250,0.036996124
UNCID_1927246.a36865ec-a5fa-4277-a887-325373acadb1.sorted_genome_alignments.bam,141381080,133581660,7799420,0.055165939
UNCID_1927796.4763b4dd-1eef-4503-9381-4baa57cc690f.sorted_genome_alignments.bam,160747811,152253085,8494726,0.052845049
UNCID_1927956.043d2756-1abf-411f-aaac-b448ed088be1.sorted_genome_alignments.bam,183073472,176709891,6363581,0.034759711
UNCID_1928153.8a7e272c-39f2-42e6-b1d5-7225cf12fceb.sorted_genome_alignments.bam,190350457,182588522,7761935,0.040777076
UNCID_1928316.0fa20811-219b-4d76-a8f6-d838e4de093e.sorted_genome_alignments.bam,179537586,170342604,9194982,0.051214802
UNCID_1928835.de707f3a-13c6-44ed-b034-7069fe1b9caf.sorted_genome_alignments.bam,140177894,135831203,4346691,0.031008391
UNCID_1931045.cd1148b8-b4a5-4ebc-b1fb-10838677896a.sorted_genome_alignments.bam,116845867,111299384,5546483,0.047468371
UNCID_1931089.ab5e0fde-c76b-4f9a-ae15-fa17e8695dbd.sorted_genome_alignments.bam,123831765,118553187,5278578,0.042627011
UNCID_193553.TCGA-BK-A139-01A-11R-A118-07.110411_UNC1-RDR301647_00059_FC_64GKVAQAXX.8.trimmed.annotated.translated_to_genomic.bam,32051983,26565649,5486334,0.171169877
UNCID_1936408.6d3cfe9f-b39f-4ff5-a5fb-1d6cf16b7f65.sorted_genome_alignments.bam,190329306,159195719,31133587,0.163577473
UNCID_193751.TCGA-B5-A11O-01A-11R-A118-07.110411_UNC1-RDR301647_00059_FC_64GKVAQAXX.4.trimmed.annotated.translated_to_genomic.bam,32837568,27472039,5365529,0.163396053
UNCID_1940989.82de5dc9-2d34-4395-ae7c-430b5632ed24.sorted_genome_alignments.bam,156803947,151203014,5600933,0.035719337
UNCID_1941632.578e5ec2-7091-4f3e-a440-1fcd5585a704.sorted_genome_alignments.bam,133081803,128321023,4760780,0.035773336
UNCID_1941715.360f4431-8dc9-4bc0-a388-c88bd46766c7.sorted_genome_alignments.bam,57685668,55063811,2621857,0.045450752
UNCID_1941912.b1235878-9ab0-4335-befc-869ffa79cfab.sorted_genome_alignments.bam,156025783,150927353,5098430,0.032676843
UNCID_1942096.69b5d608-a290-4534-ada5-59055c352fac.sorted_genome_alignments.bam,119326237,115730272,3595965,0.030135577
UNCID_1942235.cf069f54-b570-43ff-9f85-ababd06ddddd.sorted_genome_alignments.bam,149987572,143989848,5997724,0.03998814
UNCID_1942259.9713f322-bae0-47aa-88d5-e2c50a7bd687.sorted_genome_alignments.bam,134286568,129852493,4434075,0.033019498
UNCID_1942324.bc95bdc7-553c-4b87-b546-899d8bd3fc41.sorted_genome_alignments.bam,138685058,134000382,4684676,0.033779241
UNCID_1942456.68623699-7543-425b-93a1-e0947e3b897e.sorted_genome_alignments.bam,116341351,112752537,3588814,0.030847278
UNCID_1942476.4a3692a0-d9de-4cd3-9c4a-bbb087aa67c3.sorted_genome_alignments.bam,160330357,155997881,4332476,0.027022181
UNCID_1942509.e75b6682-1dc8-4f83-a4e2-ff511a1f656b.sorted_genome_alignments.bam,139449410,134921421,4527989,0.032470478
UNCID_1942526.f8789ef6-b073-463f-be80-1fe462adeee7.sorted_genome_alignments.bam,126005132,122409926,3595206,0.028532219
UNCID_1942664.9bb5155e-25b8-41b7-a424-8aeb81853366.sorted_genome_alignments.bam,139087982,134456875,4631107,0.033296241
UNCID_1942778.d5af268a-0e5d-4115-a44e-866997aff778.sorted_genome_alignments.bam,126371496,122329969,4041527,0.031981318
UNCID_1942896.db0d3ef1-a8d7-4a5e-863e-f9e2717dee54.sorted_genome_alignments.bam,109853324,106466095,3387229,0.030834106
UNCID_1943036.b193b90e-f4e8-4a3d-bfd5-2a805fb33735.sorted_genome_alignments.bam,127411291,122980906,4430385,0.034772311
UNCID_1943204.42a4a133-ec9d-4f5a-8b95-be83cbddb148.sorted_genome_alignments.bam,125498044,120076438,5421606,0.043200721
UNCID_1943218.24531d9f-822b-4eb8-add6-79fa27816a4b.sorted_genome_alignments.bam,122599017,118837640,3761377,0.030680319
UNCID_1943225.c3ed3530-0c9c-497e-bf90-88df981d475a.sorted_genome_alignments.bam,115244277,111088851,4155426,0.036057548
UNCID_1943387.6fca2b4e-2aa2-42bb-9991-b0a69e6155cd.sorted_genome_alignments.bam,134911574,131045485,3866089,0.028656466
UNCID_1943413.9e3df1b0-dba1-4423-976e-99aab5b7d5e2.sorted_genome_alignments.bam,140634324,135467489,5166835,0.036739502
UNCID_1943466.b29ea742-8e19-4cdb-b237-5a7934f01381.sorted_genome_alignments.bam,106456041,103633460,2822581,0.026514052
UNCID_1943490.71b1bdd1-2a00-4fd9-a229-cbc5d535af03.sorted_genome_alignments.bam,143513123,138374056,5139067,0.035809039
UNCID_1943522.b1ad5501-06e7-48c7-9fa9-f76527ae39f1.sorted_genome_alignments.bam,126861894,123902305,2959589,0.02332922
UNCID_1947942.7306af09-2f4d-43db-84d1-926c5f4e9d2a.sorted_genome_alignments.bam,106210655,100373869,5836786,0.054954807
UNCID_1947997.defb83d5-ba61-435f-a8bf-98daaa1c546f.sorted_genome_alignments.bam,124744123,120498440,4245683,0.034035134
UNCID_1948242.637e7217-ec03-4a4d-892f-025908700ead.sorted_genome_alignments.bam,123326183,117092334,6233849,0.050547652
UNCID_1948345.0dc7cb6e-bb27-4da5-90ed-c062dc9fda0b.sorted_genome_alignments.bam,77017301,73907270,3110031,0.04038094
UNCID_1949206.322cb03d-69ba-4015-888f-330ced0b4600.sorted_genome_alignments.bam,136695218,132861369,3833849,0.028046694
UNCID_1949390.36e38aab-6d36-496d-bba6-5f4393c33e33.sorted_genome_alignments.bam,110814496,107562449,3252047,0.029346765
UNCID_1949427.e350f73a-df75-4956-a50d-f60a4295b85a.sorted_genome_alignments.bam,110881198,106533617,4347581,0.039209362
UNCID_1949455.ec9e49c6-62d8-4248-85cc-e66c225db177.sorted_genome_alignments.bam,149751849,145387565,4364284,0.02914344
UNCID_1949523.fac5986e-a117-420a-8108-655b0d7d39d6.sorted_genome_alignments.bam,156192596,149841230,6351366,0.040663682
UNCID_1949573.4850e928-80c5-4ad3-9291-2e9d80fde8c6.sorted_genome_alignments.bam,121795846,118298292,3497554,0.028716529
UNCID_1949654.26b0c513-5897-4611-b94f-d6fbc1c508e5.sorted_genome_alignments.bam,154342751,148025610,6317141,0.040929302
UNCID_1949727.575b0136-4ffe-4ecc-8967-4e5af3c3c8ec.sorted_genome_alignments.bam,116595381,112261889,4333492,0.037166927
UNCID_1949755.5f6fb619-ac35-4806-88e7-0f5d90c64fd1.sorted_genome_alignments.bam,173037510,166401616,6635894,0.038349454
UNCID_1949869.254a13a2-1e25-46d5-a70e-805da1fed514.sorted_genome_alignments.bam,175591297,170356894,5234403,0.029810151
UNCID_1949880.a75e2b44-3976-411b-9696-25ed76c1faee.sorted_genome_alignments.bam,159849085,151490339,8358746,0.052291485
UNCID_1949909.81e350d9-7e2f-4650-9871-54ed2d5a5ab3.sorted_genome_alignments.bam,102810626,100139086,2671540,0.025985057
UNCID_1949998.682139cf-a3bd-4caf-bddc-5b1f3250f8f0.sorted_genome_alignments.bam,163538778,157278326,6260452,0.038281147
UNCID_1950093.51d9b960-276a-4c7b-b135-f2f8c05f3bd6.sorted_genome_alignments.bam,112512593,108933625,3578968,0.031809488
UNCID_1950237.cbef9672-38ba-4873-b232-9a656b7428ce.sorted_genome_alignments.bam,93978205,91074155,2904050,0.030901314
UNCID_1950415.fc36b662-fabd-4caa-81f7-00fe0a3164a6.sorted_genome_alignments.bam,108194883,104493180,3701703,0.034213291
UNCID_1950456.f7fb5192-be86-40e7-b7dc-19896b0058b6.sorted_genome_alignments.bam,178856428,173654540,5201888,0.029084155
UNCID_1950512.352dc94a-fc74-4292-890c-4ed9c22dcfbc.sorted_genome_alignments.bam,107208452,103681630,3526822,0.032896865
UNCID_1950584.d534dba4-b034-4451-9886-d66cdb7c7ef7.sorted_genome_alignments.bam,121455698,117327478,4128220,0.033989513
UNCID_1950639.9ffa7c18-fb07-4665-b4ec-be1d1825b104.sorted_genome_alignments.bam,128624079,123058497,5565582,0.043270141
UNCID_1950739.536d11ba-aa02-4443-96e8-6e9e9898ceb7.sorted_genome_alignments.bam,119319603,107106759,12212844,0.102354045
UNCID_1950770.66dc3d95-050b-49df-b8fc-743aec0e9e36.sorted_genome_alignments.bam,110998105,106725850,4272255,0.038489441
UNCID_1950958.6cc98e3f-c0ff-4c3c-992a-c717393c13bb.sorted_genome_alignments.bam,117692719,113248091,4444628,0.037764681
UNCID_1950987.f6c5e9b3-f038-4994-a9f4-f4ccccebd4a7.sorted_genome_alignments.bam,121145501,115741822,5403679,0.044604867
UNCID_1952657.5a57d856-a9a7-4fb5-a55b-dbcc8c5f702b.sorted_genome_alignments.bam,114817813,110653691,4164122,0.036267212
UNCID_1952673.b3c06bf7-49a3-48cb-9418-c25f8559b04c.sorted_genome_alignments.bam,107952457,104402653,3549804,0.032883031
UNCID_1952674.9ab920ca-6bda-418d-bb10-2ab71b5d2337.sorted_genome_alignments.bam,110783736,107102524,3681212,0.033228813
UNCID_1952703.4054bea5-0f95-4fbe-86e2-821f3c0f71b5.sorted_genome_alignments.bam,121693303,117535895,4157408,0.034162997
UNCID_1952721.21ad88e7-d9c7-4e66-9454-19a539b1fc4a.sorted_genome_alignments.bam,111067047,106755391,4311656,0.038820299
UNCID_1952833.f2b931d2-b2cf-44d7-a2b6-4f94b0395cbc.sorted_genome_alignments.bam,109876150,104703387,5172763,0.047078124
UNCID_1952904.260fce5f-8aea-4c0b-868a-ca514b130dff.sorted_genome_alignments.bam,126594022,120694534,5899488,0.046601632
UNCID_1952918.58bec13e-6ead-4c0f-b761-cd1bda85c3fe.sorted_genome_alignments.bam,119418312,114942524,4475788,0.037479913
UNCID_1953132.ba050b6a-1b01-494c-8efc-ab0bd107a724.sorted_genome_alignments.bam,108954720,103601657,5353063,0.049131079
UNCID_1953845.5d441f3d-7d25-4217-a6d3-7ed6ca78c216.sorted_genome_alignments.bam,113469409,108653893,4815516,0.042438892
UNCID_1954027.8d03eb0d-b6f2-4b28-aa26-4de13bd37270.sorted_genome_alignments.bam,70830282,68254956,2575326,0.03635911
UNCID_1954140.8aa3351e-ac40-409f-a2b9-4febbf3e0c47.sorted_genome_alignments.bam,89753638,83834376,5919262,0.065950107
UNCID_1954192.957a2bee-d5ff-4b21-931a-c50c3bc5fcc2.sorted_genome_alignments.bam,81034421,77711968,3322453,0.041000515
UNCID_1954254.c2c0b6ee-f0d3-431c-8cc4-9eca5173df37.sorted_genome_alignments.bam,71885515,68205842,3679673,0.051187962
UNCID_1954333.cfc2ea3a-5c54-4bcb-99e9-cf43ceebb823.sorted_genome_alignments.bam,78507177,75276060,3231117,0.041156963
UNCID_1954531.23a1c2b7-3ff3-40b2-b0c9-468a8b6fcd7d.sorted_genome_alignments.bam,63043794,60416923,2626871,0.0416674
UNCID_1954557.e6e94309-7a4e-4fd3-a91a-1e1ac5ae2ac3.sorted_genome_alignments.bam,91290173,87465525,3824648,0.041895506
UNCID_1954620.16658ea4-7879-4fc8-a6fc-92eded4d4574.sorted_genome_alignments.bam,80119888,77179799,2940089,0.03669612
UNCID_1954671.da7e432c-38d2-4a80-a82e-e1f950e7492d.sorted_genome_alignments.bam,81482053,76458155,5023898,0.061656498
UNCID_1954810.a8d80b57-ca18-40d3-b224-cfb8ee45d2d0.sorted_genome_alignments.bam,76960493,73215042,3745451,0.048667191
UNCID_1954881.850b8d7a-7d08-4b7f-ba8a-e77cd8dc308f.sorted_genome_alignments.bam,87790824,84106421,3684403,0.041967974
UNCID_1955167.b19357df-ef0e-4a01-932c-3dc537ef75ea.sorted_genome_alignments.bam,84867980,81654660,3213320,0.037862572
UNCID_1955426.1cdadacf-34ad-464a-9faa-d501e2caab06.sorted_genome_alignments.bam,83572636,78956900,4615736,0.055230231
UNCID_1955429.2b739abb-14ae-40bd-bab6-80d469f92f0d.sorted_genome_alignments.bam,84572500,81071283,3501217,0.041399001
UNCID_1956935.ccf08a46-d1e6-4f3d-a511-6a1560a8dc52.sorted_genome_alignments.bam,95187644,87319569,7868075,0.082658575
UNCID_1956955.c192377a-d8f7-4d83-b836-0b0ee75a1f8e.sorted_genome_alignments.bam,69342763,66349343,2993420,0.043168456
UNCID_1957184.722ba628-d4b7-41f3-9690-4305f868f3fe.sorted_genome_alignments.bam,66167991,63062919,3105072,0.046927101
UNCID_1957240.e10cc5f8-4d2e-4de5-a31c-5df6889e4ba8.sorted_genome_alignments.bam,95510882,92592314,2918568,0.03055744
UNCID_1957265.ae83a679-8155-4f3a-9c9b-a3b73c8cd332.sorted_genome_alignments.bam,91590897,87978163,3612734,0.039444247
UNCID_1957364.66a0dece-b8d0-4d6a-a6d9-53985a507f77.sorted_genome_alignments.bam,109807148,105218886,4588262,0.04178473
UNCID_1957455.9ea1bff8-51a1-4773-851c-5c8da0e79565.sorted_genome_alignments.bam,112091341,107782034,4309307,0.038444602
UNCID_1957860.1d43f7a5-43ac-4861-b4a7-7bfce13ac2c5.sorted_genome_alignments.bam,122871259,113969079,8902180,0.07245128
UNCID_1957879.02a8e571-141a-401d-95e3-06dc27a6bb0b.sorted_genome_alignments.bam,113051588,108036589,5014999,0.04436027
UNCID_1957990.449ad673-a2d6-4168-a33e-5fa3230052cd.sorted_genome_alignments.bam,104814254,100580365,4233889,0.04039421
UNCID_1958019.82d185c7-5587-4b10-b209-5238311570d4.sorted_genome_alignments.bam,99042311,95233891,3808420,0.038452455
UNCID_1958050.7559d95d-0a25-497d-a5c9-e07dd95d80e8.sorted_genome_alignments.bam,112439233,108110904,4328329,0.038494829
UNCID_1958132.6ea88cea-a580-4060-854f-94d30936401a.sorted_genome_alignments.bam,121722076,115790798,5931278,0.048728038
UNCID_1958133.bd08e09d-7e95-40d6-ad89-30da191436dc.sorted_genome_alignments.bam,121980950,115997049,5983901,0.049056029
UNCID_1958178.9ee990f0-1982-4012-96d7-4495ab1f4e4b.sorted_genome_alignments.bam,126384451,120447061,5937390,0.046978801
UNCID_1958248.908f9d6f-e960-4f1d-b1c6-12c67812dc3c.sorted_genome_alignments.bam,147140731,139789361,7351370,0.049961489
UNCID_1958298.c11fcc21-6f21-440a-9b48-90a68efea23b.sorted_genome_alignments.bam,129404832,117358463,12046369,0.093090566
UNCID_1958299.484c83d6-f68c-40f9-97e1-de52b72b5598.sorted_genome_alignments.bam,148440496,142254472,6186024,0.041673426
UNCID_1958432.18c3431e-1dfa-48d9-a207-3ef74d283426.sorted_genome_alignments.bam,141704379,134933042,6771337,0.047784952
UNCID_1958805.c760d14b-62ee-45a6-b384-409c73ca63aa.sorted_genome_alignments.bam,173500456,166683645,6816811,0.039289874
UNCID_1958884.758c51d4-1ece-4434-976e-50813e9076aa.sorted_genome_alignments.bam,158257172,152302212,5954960,0.037628374
UNCID_1959221.fa5377b9-8285-4101-8378-2dbe0820eaa2.sorted_genome_alignments.bam,146200694,140530138,5670556,0.038786109
UNCID_1960188.c4cf1805-5b53-4c99-acf4-9cf0fd813d88.sorted_genome_alignments.bam,117921582,112357129,5564453,0.04718774
UNCID_1960390.d1078a27-57b4-42df-875d-4a2c38c63680.sorted_genome_alignments.bam,109023102,104293610,4729492,0.043380641
UNCID_1961490.d4c11d19-2467-4cb5-a351-d409cb3deea4.sorted_genome_alignments.bam,153198815,146071034,7127781,0.046526346
UNCID_1962717.34c74991-850e-4794-9603-a7212905e13b.sorted_genome_alignments.bam,101896814,98503165,3393649,0.033304761
UNCID_1962767.d3452656-5eac-4d9f-9351-74f1128eb057.sorted_genome_alignments.bam,142536765,137942677,4594088,0.032230898
UNCID_1962814.9475bf3a-ae1b-482c-88d8-3f0c90ff18f6.sorted_genome_alignments.bam,155071141,147977749,7093392,0.045742825
UNCID_1962842.86502259-2c91-474e-a39c-ba0a4024c67d.sorted_genome_alignments.bam,114669219,111383732,3285487,0.028651865
UNCID_1962960.25b7445f-2f62-4303-b983-cdde19c12256.sorted_genome_alignments.bam,118277791,114307102,3970689,0.033570876
UNCID_1963009.2d6005de-b9ad-48ab-bfc9-60995838a002.sorted_genome_alignments.bam,159728095,154858524,4869571,0.030486628
UNCID_1963028.63311189-5238-4bc5-97ab-cd6128471bef.sorted_genome_alignments.bam,91539573,87840212,3699361,0.040412697
UNCID_1963628.4f8a59d0-d4e5-4015-9bec-46fccd7d139e.sorted_genome_alignments.bam,54684534,52531110,2153424,0.039379032
UNCID_1963837.883fcc6f-4ef3-4c93-872a-a096b87bd85b.sorted_genome_alignments.bam,84635352,81840675,2794677,0.033020209
UNCID_1964007.ddf657f3-c764-4003-9de5-3384931c711b.sorted_genome_alignments.bam,86862463,83642551,3219912,0.037069085
UNCID_1964348.83ca9e67-060b-45ec-9ea9-076a64ae8062.sorted_genome_alignments.bam,137512497,133093528,4418969,0.032135036
UNCID_1964402.46749725-ef75-479b-9af9-1cb898682e1c.sorted_genome_alignments.bam,105256432,101729352,3527080,0.033509401
UNCID_1964470.085abecb-d625-44e2-b699-34f9863a9b28.sorted_genome_alignments.bam,130894052,125742351,5151701,0.039357793
UNCID_1964527.fc475e1d-25de-46e4-9191-9e5ee16f0371.sorted_genome_alignments.bam,124096278,120423157,3673121,0.029598962
UNCID_1964804.17a290d7-8577-4d11-8842-86c2f48e1cac.sorted_genome_alignments.bam,63849735,61160303,2689432,0.042121271
UNCID_1964805.1dd50bb6-84d4-4e07-ba01-802f470b46dd.sorted_genome_alignments.bam,128943004,124805706,4137298,0.032086254
UNCID_1964870.a5105fe6-6ba9-4977-a976-49d9a1b6f164.sorted_genome_alignments.bam,113863137,110635712,3227425,0.028344775
UNCID_1964898.fae54004-1d4e-414e-a85e-667fc2cb89b5.sorted_genome_alignments.bam,122790143,118728219,4061924,0.033080212
UNCID_1965115.ae82fe73-dc4c-403b-af98-1d01ad87e732.sorted_genome_alignments.bam,138554304,133437839,5116465,0.036927507
UNCID_1965271.bf1fd845-aa87-49e7-8bd9-1443d6a3799c.sorted_genome_alignments.bam,135304220,130755457,4548763,0.033618781
UNCID_1965403.ba28ba04-d709-48c8-bd20-2b036ef54e2c.sorted_genome_alignments.bam,147296349,141434278,5862071,0.039797802
UNCID_1965461.bfb9ee8a-2743-43e5-80a0-bd0f3c6f4cf2.sorted_genome_alignments.bam,145386208,138879856,6506352,0.044752195
UNCID_1965518.4835dbe5-983f-458a-91d2-8e1d754259c3.sorted_genome_alignments.bam,140574579,135090261,5484318,0.039013583
UNCID_1965547.d1814458-9ad3-40bb-b3ee-56221ecfe715.sorted_genome_alignments.bam,258271122,247268576,11002546,0.04260076
UNCID_1965621.c32dabac-90ce-4b8c-b08c-85a1a2fe8ccf.sorted_genome_alignments.bam,163663846,157123389,6540457,0.039962748
UNCID_1965669.ff0e31ac-ee03-495a-97e0-a5283fd1c3ae.sorted_genome_alignments.bam,123607142,120111190,3495952,0.028282767
UNCID_1965743.12922017-4f50-4d3d-9bf9-8d9bf7a3b8d4.sorted_genome_alignments.bam,114277253,110861655,3415598,0.029888695
UNCID_1965787.1eee1136-f567-482b-b64d-a4761e615170.sorted_genome_alignments.bam,177980027,171630653,6349374,0.035674643
UNCID_1965924.ba477731-a4c6-4e1c-b44c-1964672a777c.sorted_genome_alignments.bam,133868397,130043474,3824923,0.028572263
UNCID_1965938.c8762ae1-49de-496d-a00f-4cde20bbd3af.sorted_genome_alignments.bam,113221046,109220043,4001003,0.035337979
UNCID_1966103.ec29675b-7379-44ee-981b-458fe9aca616.sorted_genome_alignments.bam,144327673,139299749,5027924,0.034836867
UNCID_1966121.9de618ee-04ff-49da-830a-f82eff981616.sorted_genome_alignments.bam,126494037,120361820,6132217,0.048478309
UNCID_1966131.fe9055e4-f25c-4b7b-9479-a8468c36310f.sorted_genome_alignments.bam,125106879,121042720,4064159,0.032485496
UNCID_1966200.90c55ddf-3ac3-4599-80f6-e29e486d2070.sorted_genome_alignments.bam,110800473,107088555,3711918,0.033500922
UNCID_1966257.a56ef438-c2ac-4c6f-9283-59e38ba14f28.sorted_genome_alignments.bam,126269428,122188171,4081257,0.032321814
UNCID_1966303.64f41383-d668-489a-9fe7-f00235015442.sorted_genome_alignments.bam,121829588,116697691,5131897,0.042123569
UNCID_1966389.e7756fc3-3cc9-4417-a5c2-a69e67e8df10.sorted_genome_alignments.bam,109276544,105820746,3455798,0.031624335
UNCID_1966453.99471b35-21e6-44cb-863e-d60521a71b31.sorted_genome_alignments.bam,132078762,127821190,4257572,0.032235099
UNCID_1966535.83c4827f-742b-42bf-96d0-335b484ee724.sorted_genome_alignments.bam,115482414,111429168,4053246,0.035098383
UNCID_1966610.5ee80128-f80f-4892-9668-43c03c41bd65.sorted_genome_alignments.bam,104347760,100630920,3716840,0.035619739
UNCID_1966648.31fbf484-2cee-49a8-bf99-6c1b9d721b57.sorted_genome_alignments.bam,118337931,111510380,6827551,0.057695372
UNCID_1966651.8f1bfe41-e48c-4b5d-8b03-8def7666da02.sorted_genome_alignments.bam,120806226,115846870,4959356,0.041052156
UNCID_1966755.99e76a2e-9162-4345-9155-cc7267c0325b.sorted_genome_alignments.bam,117129573,113417069,3712504,0.031695702
UNCID_1966765.a598aef0-10a2-41bb-b755-4b2788b32e10.sorted_genome_alignments.bam,124702906,119969090,4733816,0.037960751
UNCID_1966846.18bb3804-de1e-4988-abbf-89c36d07cc01.sorted_genome_alignments.bam,119125726,112772735,6352991,0.053330135
UNCID_1966903.11e82091-a9fb-4b7b-b0a2-7908e50e2c60.sorted_genome_alignments.bam,111535562,106997312,4538250,0.040688816
UNCID_1967279.9f7b98f9-86c1-4c0c-8727-b8ecfb7b5e4e.sorted_genome_alignments.bam,103235553,100294509,2941044,0.028488674
UNCID_1967339.450b68b9-573f-4921-93b6-8a57ff9a7263.sorted_genome_alignments.bam,104336439,101482187,2854252,0.027356234
UNCID_1967349.6c10f0d4-fd7e-459e-af27-8cde9dc42860.sorted_genome_alignments.bam,102599665,99084252,3515413,0.034263396
UNCID_1967385.887b3624-2609-4928-9b17-d6e82cc4baa5.sorted_genome_alignments.bam,107137017,103333522,3803495,0.035501222
UNCID_1967427.f3004f55-be95-4c2c-92f8-9ec3e96701cd.sorted_genome_alignments.bam,112031385,108318269,3713116,0.033143534
UNCID_1967567.db968587-1271-4b4a-8195-f17a06085ae5.sorted_genome_alignments.bam,114404503,110831495,3573008,0.031231358
UNCID_1967570.f282d6e9-6a6a-4515-8efd-d5fff0367ee8.sorted_genome_alignments.bam,112969170,109631310,3337860,0.029546645
UNCID_1967584.08a5e204-0002-4148-8b87-bbb9b490e825.sorted_genome_alignments.bam,110087558,106314249,3773309,0.034275526
UNCID_1967625.781945fb-6d9e-4b45-8082-57675f21dc4a.sorted_genome_alignments.bam,108100342,104137567,3962775,0.036658302
UNCID_1967635.b41dfa6b-a221-4e03-95d7-428781787067.sorted_genome_alignments.bam,112894719,108906451,3988268,0.035327321
UNCID_1967660.4c8aa0aa-c1ae-4aff-96f2-4636bb1d5c47.sorted_genome_alignments.bam,110422908,107005209,3417699,0.030950996
UNCID_1967661.369853c1-dc8d-45cc-8131-7ce625ac3020.sorted_genome_alignments.bam,104677552,101733150,2944402,0.028128304
UNCID_1967706.1ff9e0b8-b682-4da8-86f3-c510b7e6e1f4.sorted_genome_alignments.bam,127167705,122598065,4569640,0.035933966
UNCID_1967765.5965fc49-0ee5-41d8-b673-9ade5c70db71.sorted_genome_alignments.bam,115835522,112492898,3342624,0.02885664
UNCID_1967847.b38f9ed4-266f-4b44-b42f-48396fb0be68.sorted_genome_alignments.bam,113935143,107028876,6906267,0.060615775
UNCID_1967889.18b41a91-88d1-4938-a57f-0464fc7422bc.sorted_genome_alignments.bam,122525184,117444581,5080603,0.041465786
UNCID_1970801.dff76521-f81c-4de8-9a80-d75d18fe7982.sorted_genome_alignments.bam,99343543,89308173,10035370,0.101016832
UNCID_1970859.bccae620-c677-4793-afe6-942ca71b8aa9.sorted_genome_alignments.bam,106519234,98472080,8047154,0.075546488
UNCID_1970928.fa279a9c-78d8-4727-a559-b7eca7a119b8.sorted_genome_alignments.bam,127581537,119484840,8096697,0.063462921
UNCID_1970951.ca261986-2f65-4998-89b7-e9c55a972574.sorted_genome_alignments.bam,146519777,132930431,13589346,0.09274752
UNCID_1970973.279e2d3b-f060-4afa-a26e-673a4af821d4.sorted_genome_alignments.bam,123185593,115263098,7922495,0.064313487
UNCID_1971026.88d7b0f7-b9cf-49e7-b310-900e87f7cd21.sorted_genome_alignments.bam,135561670,125246592,10315078,0.076091405
UNCID_1971056.872ef409-1ec0-4856-859c-37be70ebce35.sorted_genome_alignments.bam,125820453,116549453,9271000,0.073684364
UNCID_1971129.d19e0e12-91bc-4ba0-b966-f29e3ba9c1c4.sorted_genome_alignments.bam,152797294,138467955,14329339,0.093780057
UNCID_1971130.b52048c3-ea1d-43b4-8276-c2476181b0aa.sorted_genome_alignments.bam,150832024,137270574,13561450,0.089910946
UNCID_1971224.a1dbd4f4-b4a6-454c-b68d-06297e48323e.sorted_genome_alignments.bam,131843484,124412441,7431043,0.056362611
UNCID_1971284.1cbed3e0-7270-491c-90fa-aa54a92753f9.sorted_genome_alignments.bam,143682974,133681410,10001564,0.069608554
UNCID_1971285.9b1452ff-77d5-4ab0-8cb4-bc568396b0f1.sorted_genome_alignments.bam,123039537,114306899,8732638,0.070974243
UNCID_1971294.0770ad2b-1ae6-40bc-9b15-6b5509b8cd84.sorted_genome_alignments.bam,143361922,135699249,7662673,0.053449848
UNCID_1971453.1cbf47c5-0030-42fd-801c-2188a84008b4.sorted_genome_alignments.bam,110578633,103980964,6597669,0.059664954
UNCID_1971508.2e36ce5c-b206-49d8-a5b9-3280c8054550.sorted_genome_alignments.bam,113359332,108052602,5306730,0.046813349
UNCID_1971804.21fd1035-30e0-4851-88c6-35d2693e6dcd.sorted_genome_alignments.bam,129999199,122855176,7144023,0.054954362
UNCID_1971947.5dc20b99-8440-4d30-a803-1e10cdb29dbe.sorted_genome_alignments.bam,138984606,132767636,6216970,0.044731357
UNCID_1971998.a78a205c-0c7f-4e26-bff9-0de2501031db.sorted_genome_alignments.bam,128683316,122204060,6479256,0.050350397
UNCID_1972015.be03335f-81c9-4cdc-8805-c47c3e7756a1.sorted_genome_alignments.bam,115397405,110510295,4887110,0.042350259
UNCID_1972035.d8f9dd84-aa5a-4f16-af01-8f82699bcd66.sorted_genome_alignments.bam,108192806,74857974,33334832,0.308105809
UNCID_1972062.8f01dbbd-6aaa-4efe-a79a-3e32ccbedc90.sorted_genome_alignments.bam,140851294,133330414,7520880,0.053395889
UNCID_1972120.48c88e05-4d0e-444a-8c57-8c9c0c3e7a1f.sorted_genome_alignments.bam,114549142,110426368,4122774,0.035991313
UNCID_1972187.060787cf-a4a0-402f-8534-742157bb4a2c.sorted_genome_alignments.bam,111830878,107998937,3831941,0.0342655
UNCID_1972199.bec43388-f9ec-4039-84ad-6d1a0f557922.sorted_genome_alignments.bam,127729856,122277415,5452441,0.042687287
UNCID_1972262.ee5a01f3-fd56-467d-bbbc-b1c3cd373138.sorted_genome_alignments.bam,144472854,137866365,6606489,0.045728238
UNCID_1972270.08576085-2f37-41fc-82f6-39d396d75862.sorted_genome_alignments.bam,133155043,129369514,3785529,0.028429483
UNCID_1972277.f6c13e4d-5a10-48cc-8ce1-a535565b6006.sorted_genome_alignments.bam,119269457,115211536,4057921,0.034023136
UNCID_1972452.2bb3a670-627e-4aa7-8dfc-88f6cc06d1a7.sorted_genome_alignments.bam,109658555,104141369,5517186,0.050312408
UNCID_1972517.0ce294d7-8111-474c-be3a-19195f5d49ab.sorted_genome_alignments.bam,101781769,97603262,4178507,0.04105359
UNCID_1972531.cad7a685-cb28-44bf-ad8e-e4528a73f0b6.sorted_genome_alignments.bam,116257735,112527907,3729828,0.032082407
UNCID_1972532.2b0670d8-a2b4-4e1b-a3b3-4ec277e0078f.sorted_genome_alignments.bam,114816658,109495055,5321603,0.046348701
UNCID_1972610.8025c2b5-a137-4c88-9ac4-cc4be43e4f25.sorted_genome_alignments.bam,124283400,118926514,5356886,0.043102184
UNCID_1972622.78ab0c5d-29cf-4660-bd1f-1a0eb5edaf2f.sorted_genome_alignments.bam,122860887,114389827,8471060,0.068948387
UNCID_1972635.ec7693cf-c6ec-4fff-9d18-d1fd165a1a6f.sorted_genome_alignments.bam,115141067,109744417,5396650,0.046869897
UNCID_1972696.859fec54-ae79-44fa-8021-b6dd66d529da.sorted_genome_alignments.bam,128195189,123447471,4747718,0.037035072
UNCID_1972812.248f1608-e917-430a-9ac0-130c5bed3a29.sorted_genome_alignments.bam,153225849,145059940,8165909,0.053293286
UNCID_1973252.8576f260-e8fb-4fbf-81ad-34fb4af302fd.sorted_genome_alignments.bam,107108264,103532846,3575418,0.033381346
UNCID_1973273.9ba4d4d3-4640-40b7-8a67-72f384858b93.sorted_genome_alignments.bam,108848693,104212729,4635964,0.042590902
UNCID_1973362.1f577d0a-ab0b-4464-b75d-4d3dc2b80cd3.sorted_genome_alignments.bam,122051489,117335292,4716197,0.038641044
UNCID_1973417.0421d738-8236-46c5-8b98-6b261defb294.sorted_genome_alignments.bam,113442564,107270882,6171682,0.054403583
UNCID_1973575.9d42a9c4-305b-4e25-a260-82805d6b059a.sorted_genome_alignments.bam,106430340,100363252,6067088,0.057005249
UNCID_1975882.6addf668-7b4d-4e3d-9086-b95818648be2.sorted_genome_alignments.bam,85082180,82103401,2978779,0.03501061
UNCID_1975892.1ed6d4b1-0a36-4515-9475-709ad876ffa9.sorted_genome_alignments.bam,99169345,95423269,3746076,0.037774536
UNCID_1975899.af100535-eaf2-49a6-b4bb-5a2b85a2d2c9.sorted_genome_alignments.bam,90768491,87665332,3103159,0.034187624
UNCID_1975939.895821cf-345d-4324-b9e6-cee2c4443f1a.sorted_genome_alignments.bam,100107700,96682826,3424874,0.034211894
UNCID_1976108.7ab19c79-6e54-4c4e-a9bf-fd671d0aaa2e.sorted_genome_alignments.bam,127818432,124366874,3451558,0.027003601
UNCID_1976132.7c895abd-3ee8-44ac-bc5d-894bf55a888a.sorted_genome_alignments.bam,120135745,116223913,3911832,0.032561766
UNCID_1976143.e608cf6c-42d1-4562-b4c6-fe84fd69193c.sorted_genome_alignments.bam,107547401,104245397,3302004,0.030702778
UNCID_1976184.74d7c232-3a85-4e1a-8f0e-0c33f4c63064.sorted_genome_alignments.bam,135426972,131450734,3976238,0.029360754
UNCID_1976236.e86714ae-1a49-4a18-ac89-35ee42385693.sorted_genome_alignments.bam,135340017,131231204,4108813,0.030359188
UNCID_1976359.e856ffa7-8d75-45a4-9d72-a3a576fa7dd1.sorted_genome_alignments.bam,136456183,132123658,4332525,0.031750302
UNCID_1976430.bb0bdc3d-a1c4-4a12-b126-5c43ee8b9162.sorted_genome_alignments.bam,142954621,137962164,4992457,0.034923369
UNCID_1976436.b7e0eaf4-ff94-413e-8c1c-6b95c9167eb1.sorted_genome_alignments.bam,143133940,138075140,5058800,0.03534312
UNCID_1976478.42cba207-2920-4301-bc2a-f97d32e80949.sorted_genome_alignments.bam,127194553,123731492,3463061,0.027226488
UNCID_1976494.e0d001b0-05c9-4c1f-a1c4-fefa8a1e322f.sorted_genome_alignments.bam,138951035,133886019,5065016,0.036451805
UNCID_1976519.9e45ff91-c250-4956-9f86-1ecae2fc0a38.sorted_genome_alignments.bam,130511312,125155157,5356155,0.041039776
UNCID_1976526.59b6740e-5e20-4993-9a1e-9b2ef87e4ab6.sorted_genome_alignments.bam,149828186,145067975,4760211,0.031771132
UNCID_1976527.756490d4-bc0a-449b-9766-144ee2800021.sorted_genome_alignments.bam,215584483,208049672,7534811,0.034950618
UNCID_1976577.72eed461-dcf0-4723-aa0f-88956341f6db.sorted_genome_alignments.bam,143596457,139360878,4235579,0.029496403
UNCID_1977092.8ad4df1d-ed6e-4b76-981c-c8757499c801.sorted_genome_alignments.bam,150210782,144883530,5327252,0.035465177
UNCID_1977172.657d4e74-c441-4ae1-8342-f789103bd461.sorted_genome_alignments.bam,75105717,72023675,3082042,0.041036051
UNCID_1977188.c0c1d679-b9d4-4146-bf2e-7816648ef557.sorted_genome_alignments.bam,133980992,130704275,3276717,0.024456581
UNCID_1977232.dd3850ef-1108-42e1-8b1e-5e4e57916579.sorted_genome_alignments.bam,113240406,109541518,3698888,0.03266403
UNCID_1977270.ab00d03b-2579-491b-a23a-7ec63d0852ff.sorted_genome_alignments.bam,136832228,133311970,3520258,0.025726819
UNCID_1977309.af4c730b-9886-4cf1-b859-735c424bc06a.sorted_genome_alignments.bam,138256565,134611891,3644674,0.02636167
UNCID_1977345.c19b30b4-b9cc-41cb-ac23-b27a1b6e6889.sorted_genome_alignments.bam,141397471,137863393,3534078,0.024993927
UNCID_1977346.669947ca-d955-4bcd-b593-bf86f1edb8df.sorted_genome_alignments.bam,147482041,143621420,3860621,0.026176889
UNCID_1977387.3b93e6fa-c53b-4f8d-8d28-43926a1dae9d.sorted_genome_alignments.bam,152269808,148422709,3847099,0.025265015
UNCID_1977478.65913e2c-bc8a-44b3-9f14-a4ca9c49042d.sorted_genome_alignments.bam,200032343,193285594,6746749,0.033728291
UNCID_1977492.f9caf12e-40d1-4eec-ae39-2067f78c86c6.sorted_genome_alignments.bam,158311196,153969104,4342092,0.027427574
UNCID_1980695.a02a0949-aefd-479a-913b-aa682a880af4.sorted_genome_alignments.bam,119185062,116121363,3063699,0.025705394
UNCID_1980747.a622534d-0108-4890-a0c5-4d1e12c25e44.sorted_genome_alignments.bam,119633523,116511112,3122411,0.0260998
UNCID_1980834.d1bbd8aa-a941-4640-ac65-0d8335f8f998.sorted_genome_alignments.bam,128009667,124640416,3369251,0.026320286
UNCID_1980848.d301aa79-d2c6-462e-883f-fd4130e1d0f6.sorted_genome_alignments.bam,97448802,95030054,2418748,0.024820705
UNCID_1980973.c335d5b6-f135-4bbc-825a-f6ed1746fa0e.sorted_genome_alignments.bam,136915124,133580779,3334345,0.024353372
UNCID_1980993.276b4801-2b93-4224-99a2-d3fb73fca361.sorted_genome_alignments.bam,126359763,123071763,3288000,0.026020941
UNCID_1981033.f77473c0-198d-4993-9a5e-8b345ad0a485.sorted_genome_alignments.bam,141562335,137683651,3878684,0.027399124
UNCID_1981041.035590dc-c5f6-461e-9160-b4e2b6faea29.sorted_genome_alignments.bam,141523300,137572799,3950501,0.027914139
UNCID_1981086.8b7dde02-aa71-4df6-b108-d3f083fdaf8c.sorted_genome_alignments.bam,146241328,142527820,3713508,0.025393013
UNCID_1981122.fe14ca77-d5f6-4951-be78-6e65efdfc8aa.sorted_genome_alignments.bam,118722295,115339120,3383175,0.028496543
UNCID_1981187.73a8105e-c356-4a7e-888c-feb5339074fb.sorted_genome_alignments.bam,111991814,106973566,5018248,0.044809061
UNCID_1981248.10bc3c22-c4ff-4d44-a44b-dc8dd2cbec2d.sorted_genome_alignments.bam,150737715,146845146,3892569,0.025823458
UNCID_1981267.bff2060f-591c-4634-a9cb-06d3538d532a.sorted_genome_alignments.bam,151183534,147440428,3743106,0.024758688
UNCID_1981392.8b04f9ea-ffb8-4a51-a20e-64e6889f6d5f.sorted_genome_alignments.bam,114892672,110007217,4885455,0.042521903
UNCID_1981440.e948362f-2ae6-437b-a01b-6a1026a8da72.sorted_genome_alignments.bam,121074797,117620072,3454725,0.028533808
UNCID_1981461.d3cfdddc-7b8b-4bc4-9e6c-8912894a2e52.sorted_genome_alignments.bam,136281671,132465835,3815836,0.027999627
UNCID_1981479.1d1a1d5e-fdfe-4251-93ec-c89b65bb341e.sorted_genome_alignments.bam,144654113,136563252,8090861,0.055932464
UNCID_1981526.0a0e5ca8-09fd-495d-b8df-b7a58c426716.sorted_genome_alignments.bam,144132008,140042038,4089970,0.028376556
UNCID_1981644.f6a82106-49f5-41e7-99e1-36aaa9815760.sorted_genome_alignments.bam,150528199,145956256,4571943,0.030372668
UNCID_1981667.4f8a1027-ed36-4171-8d23-c6a4b089fe5e.sorted_genome_alignments.bam,163783171,155690706,8092465,0.049409625
UNCID_1981680.83b592f7-21ce-4e32-aaf4-3f9402f48284.sorted_genome_alignments.bam,158806387,154749613,4056774,0.025545408
UNCID_1981719.1a8747a6-dc84-4a6e-9d32-ebd2c517775e.sorted_genome_alignments.bam,157801118,152232231,5568887,0.035290542
UNCID_1981720.c026a9de-ad2b-4959-89c0-484f9d622dd9.sorted_genome_alignments.bam,159349040,155352487,3996553,0.025080496
UNCID_1982626.12751dec-ada5-46b2-a86e-090c82a830cb.sorted_genome_alignments.bam,134955765,129704963,5250802,0.038907578
UNCID_1982719.51627bee-72ff-4b4d-8df1-df5043766d43.sorted_genome_alignments.bam,125651334,121977396,3673938,0.029239148
UNCID_1982758.3c6a4510-fc3e-4b40-9d15-2ccbce48dca2.sorted_genome_alignments.bam,94687923,89070004,5617919,0.059330893
UNCID_1982854.66a4ff31-c95c-4c76-8e91-1ae3c76e313c.sorted_genome_alignments.bam,143631515,139391967,4239548,0.029516837
UNCID_1982909.97f5e1fa-9706-4237-9e18-437b59dea594.sorted_genome_alignments.bam,141527989,137666721,3861268,0.027282716
UNCID_1983001.f5b03cae-1e62-46aa-9c0b-a2fb62948aed.sorted_genome_alignments.bam,150953202,131263300,19689902,0.130437127
UNCID_1983155.aa07fad1-0896-44c3-b8f8-289ac06d2d79.sorted_genome_alignments.bam,116049128,112148480,3900648,0.033612041
UNCID_1983349.3eec1382-92cb-44c8-b45d-38eda989e956.sorted_genome_alignments.bam,154012681,148676987,5335694,0.034644511
UNCID_1983383.fea0469f-786a-4203-95c9-60d0f76c9045.sorted_genome_alignments.bam,113309174,110016953,3292221,0.029055203
UNCID_1983401.c9eb7517-0b47-407c-abaa-abae989044fd.sorted_genome_alignments.bam,132250452,128321186,3929266,0.029710794
UNCID_1983517.35434208-98c0-4f0d-a487-03fec50b33df.sorted_genome_alignments.bam,169339036,164214789,5124247,0.030260282
UNCID_1983565.cb0d669b-658a-4a41-9904-f838ddb12db2.sorted_genome_alignments.bam,122968160,117637046,5331114,0.043353613
UNCID_1983613.7533fbaf-dbbd-4778-b213-741229a58f4c.sorted_genome_alignments.bam,153245460,148893923,4351537,0.028395862
UNCID_1983640.77d1e365-4ccc-4b1a-aa0d-cda00b246ba4.sorted_genome_alignments.bam,95520863,89579383,5941480,0.062200862
UNCID_1983679.72a23d60-178c-4cd2-9204-c00aebc935b6.sorted_genome_alignments.bam,159528111,154085987,5442124,0.034113887
UNCID_1983851.fc25b041-1fcb-456b-8e55-28b74a32ab91.sorted_genome_alignments.bam,115092002,109241273,5850729,0.050835235
UNCID_1984081.9aa74fcf-9845-4708-a09b-a17aa4b9e94a.sorted_genome_alignments.bam,258452335,242228186,16224149,0.06277424
UNCID_1984170.bea8760d-cd7c-4d02-8032-cf32505fda56.sorted_genome_alignments.bam,123218448,118454941,4763507,0.038659041
UNCID_1984196.21e0230a-8314-4d80-afca-9326c34d1299.sorted_genome_alignments.bam,120478645,116157008,4321637,0.035870564
UNCID_1984214.db0a4e20-b5ad-4034-ae70-1e3747cdaa1f.sorted_genome_alignments.bam,112739543,107369907,5369636,0.047628683
UNCID_1984242.2bdb8f96-2194-4541-bf8b-2798fb197a7c.sorted_genome_alignments.bam,138668899,134406258,4262641,0.030739705
UNCID_1984308.c58f01fe-6249-49fe-93ab-dd0f7af94df3.sorted_genome_alignments.bam,134932696,129228114,5704582,0.04227724
UNCID_1984967.640a5950-2e39-4c64-808c-b40f71decc62.sorted_genome_alignments.bam,162335464,153274920,9060544,0.055813707
UNCID_1987086.f8bfd67a-1d78-44b0-9715-712dee01b008.sorted_genome_alignments.bam,92645601,88054918,4590683,0.049551009
UNCID_1987133.112e7329-5135-4307-bda5-d041bc04f0ea.sorted_genome_alignments.bam,102740062,99391749,3348313,0.03259014
UNCID_1987155.2728c0e3-f8fe-4da4-96ec-885334df4e0f.sorted_genome_alignments.bam,100937931,96067205,4870726,0.048254665
UNCID_1987180.bd49f808-37de-43a4-8a5f-7a36b9661a16.sorted_genome_alignments.bam,105310819,101129138,4181681,0.03970799
UNCID_1987225.02a65cb0-158c-478b-b72e-d6bae04429c7.sorted_genome_alignments.bam,106802849,102013055,4789794,0.044847062
UNCID_1987228.dbffd0f0-d063-45a2-8cdb-e6ffa6c9e66d.sorted_genome_alignments.bam,116196959,110169120,6027839,0.051876048
UNCID_1987241.da936a2e-af10-4496-8fa7-00742c30c766.sorted_genome_alignments.bam,118812337,114911332,3901005,0.032833333
UNCID_1987279.da8c1ab5-7b67-4ebc-b854-cc45eaec8ee0.sorted_genome_alignments.bam,96636839,87249295,9387544,0.097142499
UNCID_1987303.71160876-7965-4899-a8b2-c549cc25260b.sorted_genome_alignments.bam,132265751,127979186,4286565,0.03240873
UNCID_1987326.72ea067a-e5ae-43f3-97b8-2283b35df8d6.sorted_genome_alignments.bam,90118820,86232370,3886450,0.043125842
UNCID_1987347.7c901d39-8b22-4fc7-8995-2511507b741e.sorted_genome_alignments.bam,101056508,97540914,3515594,0.034788398
UNCID_1987618.f8b3fd9c-ba8c-49bf-aeb7-4e7dfedbb9a8.sorted_genome_alignments.bam,97241255,94074746,3166509,0.032563432
UNCID_1987625.6bb217e7-3fd4-477f-87bf-b55e50a33e45.sorted_genome_alignments.bam,94610979,91749270,2861709,0.030247113
UNCID_1987644.e9acf520-2eb5-4b29-84c8-10ae6c5919e7.sorted_genome_alignments.bam,98628720,95051068,3577652,0.036273937
UNCID_1987826.84633979-56dd-4244-90bc-fa4652718880.sorted_genome_alignments.bam,101645895,98368934,3276961,0.03223899
UNCID_1987880.21c8f741-963f-463e-ac5b-1c2c1aa9d8cb.sorted_genome_alignments.bam,108490262,104355482,4134780,0.038111992
UNCID_1987956.a26b4751-91a2-420c-9ff3-7df7361939fd.sorted_genome_alignments.bam,103709138,100655686,3053452,0.029442459
UNCID_1988047.06d4cd28-11fb-4f25-8ae0-3fa8e3f3e325.sorted_genome_alignments.bam,111779153,107215974,4563179,0.040823167
UNCID_1988054.2c6af71f-b876-4475-a94a-61e99075123f.sorted_genome_alignments.bam,109826637,105605438,4221199,0.038435111
UNCID_1988109.e6dbaf07-3551-4c73-a2f2-f1bea4fa8e72.sorted_genome_alignments.bam,101163634,97921493,3242141,0.032048483
UNCID_1988130.3c1b6647-26bb-4110-aaea-f542024e8bf3.sorted_genome_alignments.bam,111475481,106081856,5393625,0.048383958
UNCID_1989613.ed3e6c57-a0ec-4441-a1a1-794f3f15e112.sorted_genome_alignments.bam,100503198,93465724,7037474,0.070022389
UNCID_1989767.a40c2a50-5627-4fd2-a6a3-2661c4ee5839.sorted_genome_alignments.bam,112175789,105304489,6871300,0.061254751
UNCID_1990250.39408ce7-3fca-4e7e-8016-e8586b7bafad.sorted_genome_alignments.bam,127572533,122436061,5136472,0.04026315
UNCID_1990306.cb8f5c13-0ae8-4ec2-9249-3322ff220fff.sorted_genome_alignments.bam,130311173,124471959,5839214,0.044809772
UNCID_1990387.a9b0abf6-d818-4aa0-a1bc-3e3c1cf2ff59.sorted_genome_alignments.bam,149186897,142940062,6246835,0.041872545
UNCID_1990420.993626ac-469c-4d9d-8278-63fda45598c0.sorted_genome_alignments.bam,128902814,122615508,6287306,0.048775553
UNCID_1990421.dc3f6cbd-8bf0-4b8e-bce8-eada0768499d.sorted_genome_alignments.bam,142346991,135384133,6962858,0.048914683
UNCID_1990475.51705e9c-8423-4eb8-8839-09206d4d115b.sorted_genome_alignments.bam,146501897,140663375,5838522,0.039852876
UNCID_1990572.038898c8-e2f3-4bd9-9b8e-da45b86ea2ea.sorted_genome_alignments.bam,158007128,150903464,7103664,0.044957871
UNCID_1990581.da823ce3-fb4c-4626-824d-deef668836cf.sorted_genome_alignments.bam,132022131,126520906,5501225,0.041668961
UNCID_1990679.89b3869c-aacb-4882-8aa0-4d9058cf5625.sorted_genome_alignments.bam,110178158,105221569,4956589,0.044987038
UNCID_1990746.7c22c18e-b357-4f5d-a3c0-d947d9b95c15.sorted_genome_alignments.bam,155042245,148040095,7002150,0.045162852
UNCID_1990759.fe82fe98-0116-4657-acb0-36b2093fb639.sorted_genome_alignments.bam,141929636,135483669,6445967,0.045416639
UNCID_1990783.91128d24-c61a-47cf-938b-00ff80e4d0e7.sorted_genome_alignments.bam,140747099,135010193,5736906,0.040760385
UNCID_1990800.b30fef8e-9736-4f6d-9547-cfd9163ebbb9.sorted_genome_alignments.bam,137885224,131996923,5888301,0.042704365
UNCID_1990827.3a401a11-c977-45b6-9900-87c6adb7dc09.sorted_genome_alignments.bam,137715866,130494653,7221213,0.052435592
UNCID_1990828.b31f6ff5-bd06-43d7-966e-426b787222e8.sorted_genome_alignments.bam,150459366,142885836,7573530,0.050336049
UNCID_1990842.7d313d92-13f0-49f2-bff6-20e4fdd09337.sorted_genome_alignments.bam,144321065,136848127,7472938,0.051779953
UNCID_1990906.6499ffb8-c649-4881-8ca1-95d84842083b.sorted_genome_alignments.bam,139294374,131766360,7528014,0.05404392
UNCID_1991049.5e532c06-5ffc-4f37-9792-2ce23146d15e.sorted_genome_alignments.bam,156823197,150683531,6139666,0.039150241
UNCID_1991071.465ce132-c1f4-490f-b1f1-46300fde4441.sorted_genome_alignments.bam,160967464,154729746,6237718,0.038751421
UNCID_199120.TCGA-BG-A0VX-01A-11R-A118-07.110407_UNC6-RDR300211_00095_FC64GJRAAXX.5.trimmed.annotated.translated_to_genomic.bam,31569898,25777211,5792687,0.183487669
UNCID_1991265.5f83fb8f-01d8-4deb-89d1-2fe9fb69255e.sorted_genome_alignments.bam,152091021,145255125,6835896,0.044946085
UNCID_199749.TCGA-B5-A11U-01A-11R-A118-07.110407_UNC3-RDR300156_00095_FC_64GDNAAXX.8.trimmed.annotated.translated_to_genomic.bam,30937608,24471667,6465941,0.208999384
UNCID_200803.TCGA-BG-A187-01A-11R-A12I-07.110420_UNC6-RDR300211_00096_FC_634WMAAXX.1.trimmed.annotated.translated_to_genomic.bam,34576006,30390301,4185705,0.121058083
UNCID_2009232.a117b181-a01e-49a7-a82b-13f4a385dd45.sorted_genome_alignments.bam,117206592,112845621,4360971,0.037207557
UNCID_2009606.bbc5dea9-50e1-44b7-9d43-82896b9229b5.sorted_genome_alignments.bam,128465089,123464599,5000490,0.038924894
UNCID_2009671.f97b34e3-6933-4ab5-8e7a-2f4ea4da27ff.sorted_genome_alignments.bam,138715068,133999771,4715297,0.033992681
UNCID_2010059.704d2001-9501-4426-b751-af5fc74a6378.sorted_genome_alignments.bam,136777482,131683054,5094428,0.037246102
UNCID_2010329.aa805078-cbab-4f1a-ac2e-86ab4eb6e9c4.sorted_genome_alignments.bam,146181283,140078850,6102433,0.041745652
UNCID_2010389.627117b2-d9b5-4549-92e3-8677ddfdd1c9.sorted_genome_alignments.bam,146775664,141288775,5486889,0.037382825
UNCID_2010585.6d6ae00d-66bd-4a2b-9715-9b7347d1035e.sorted_genome_alignments.bam,154774186,148878374,5895812,0.038092993
UNCID_201914.TCGA-B5-A11G-01A-13R-A118-07.110406_UNC1-RDR301647_00058_FC_70EYTAAXX.6.trimmed.annotated.translated_to_genomic.bam,31534364,22228090,9306274,0.295115322
UNCID_2028077.6bbb74ed-93be-4cbe-a854-4ea6aaec0615.sorted_genome_alignments.bam,126705993,122642848,4063145,0.032067504
UNCID_2028113.844d9d2c-4467-415f-b66d-a4c35c818310.sorted_genome_alignments.bam,124956650,120638637,4318013,0.034556088
UNCID_2028179.b835c127-4f06-4870-a0a4-7f95be0260a4.sorted_genome_alignments.bam,137245826,132950880,4294946,0.031293819
UNCID_2028181.7810122d-fa8b-483d-9398-aa26fc7fedc5.sorted_genome_alignments.bam,132777315,128104426,4672889,0.035193429
UNCID_2028193.e873f2ee-21a1-48f9-a6d1-8062786148de.sorted_genome_alignments.bam,133742420,128932151,4810269,0.035966666
UNCID_2028202.a5f14d53-fe35-494e-b6b1-bc5c8484e4a9.sorted_genome_alignments.bam,131572420,126338241,5234179,0.039781734
UNCID_2028226.a27551cc-4bbf-495c-9fc2-7cf6108ed1bf.sorted_genome_alignments.bam,133664122,129184613,4479509,0.033513174
UNCID_2028233.5acf54e5-2288-4b40-b6f1-3ce549eceb36.sorted_genome_alignments.bam,140253116,135798621,4454495,0.0317604
UNCID_2028279.e0dd6dc3-dcae-478c-99f3-e060272c14ef.sorted_genome_alignments.bam,144688127,139987489,4700638,0.03248807
UNCID_2028323.183b8327-907e-41be-a0c8-94d4f0dbfa45.sorted_genome_alignments.bam,120349680,116454515,3895165,0.032365396
UNCID_2028454.a475576d-57c5-41ee-bac3-a1b1b8c1305c.sorted_genome_alignments.bam,126379151,122278142,4101009,0.032450044
UNCID_2028494.3858b3ae-a4a9-4b91-8bd3-b7e20fb531e4.sorted_genome_alignments.bam,117402476,111206126,6196350,0.052778699
UNCID_2028495.cb2d1ac9-521e-4d81-9032-ac13c3528da7.sorted_genome_alignments.bam,126057576,120351598,5705978,0.045264856
UNCID_2028689.9e904de0-3768-4867-913a-1a95aef31105.sorted_genome_alignments.bam,136609897,131558252,5051645,0.036978617
UNCID_2028731.f0913366-262e-4c6b-b687-cc6126d95c84.sorted_genome_alignments.bam,141425750,135537573,5888177,0.041634405
UNCID_2028894.3d55fa54-f618-4790-840a-7d2a02ee3b3d.sorted_genome_alignments.bam,116966103,113044579,3921524,0.033527013
UNCID_2029032.5657c6b6-ba04-4dd8-8623-2a3834820f7d.sorted_genome_alignments.bam,129449591,125253201,4196390,0.032417175
UNCID_2029123.fae0aab4-41f6-4315-af1c-6d82c1106157.sorted_genome_alignments.bam,121445902,117689815,3756087,0.030928067
UNCID_2029184.4d7fa11a-aac0-479b-8202-8ff8c9c1a5e3.sorted_genome_alignments.bam,132714101,128661373,4052728,0.030537283
UNCID_2029205.e2f4f6ea-e643-421e-96ec-3618bb46b91d.sorted_genome_alignments.bam,138094566,132992611,5101955,0.036945371
UNCID_2029234.35d073e9-06bc-4ccd-af39-c9fb4c268d7a.sorted_genome_alignments.bam,130195422,126728414,3467008,0.026629262
UNCID_2029243.779d20ea-3a81-4008-b630-3c8cb469fec5.sorted_genome_alignments.bam,140466303,136251471,4214832,0.030006001
UNCID_2029261.02a7b2f2-7ae3-426c-9ec5-cdb5ffcaaaa6.sorted_genome_alignments.bam,131032372,124685348,6347024,0.048438595
UNCID_2029752.6cdd2900-2b84-44d4-a9b3-bf75b12946b9.sorted_genome_alignments.bam,132238740,126596561,5642179,0.042666612
UNCID_2030829.07c85322-ff5e-4e17-b6d8-bec6305fe14e.sorted_genome_alignments.bam,122185901,118881210,3304691,0.027046418
UNCID_2030869.a9db06e4-4069-4533-b85e-9e2fbbaaec7d.sorted_genome_alignments.bam,120298810,115220653,5078157,0.042212861
UNCID_2030900.7b4d9c91-80eb-4d3e-8e3f-76a13c7fbf76.sorted_genome_alignments.bam,124909972,121084502,3825470,0.030625817
UNCID_2030901.2407816a-86e7-4094-a028-e81c0cda5448.sorted_genome_alignments.bam,118087653,113265706,4821947,0.040833626
UNCID_2030944.5cc1fd95-8c43-4d40-9e50-fe9f65ee9f1c.sorted_genome_alignments.bam,123830017,119806151,4023866,0.032495078
UNCID_2031022.52284719-7a37-4969-905b-dde2068409c2.sorted_genome_alignments.bam,126495647,123051827,3443820,0.02722481
UNCID_2031032.f6e02767-7522-4895-bc70-c7de6b1796ab.sorted_genome_alignments.bam,115560279,111581994,3978285,0.034426059
UNCID_2031229.650c0c98-4432-4e9a-9e83-4ad8a7a0d628.sorted_genome_alignments.bam,128656696,125236674,3420022,0.026582542
UNCID_2031230.77b73b66-5ad9-49f4-9e75-f242cd316e2e.sorted_genome_alignments.bam,126398590,122192588,4206002,0.033275703
UNCID_2031261.03f49b28-9ea3-446c-a9b1-633bcbedc3b4.sorted_genome_alignments.bam,114102939,108602712,5500227,0.048204078
UNCID_2031262.fc8c0c74-cd1b-4bc7-ab1d-568d302c5719.sorted_genome_alignments.bam,119107076,115625320,3481756,0.029232151
UNCID_2031269.57baff29-25d2-46ce-937f-f25343dcebc3.sorted_genome_alignments.bam,128327514,117218080,11109434,0.086570944
UNCID_2031313.2dca31d2-af60-4529-afac-e8838a7ee67c.sorted_genome_alignments.bam,130417960,126840144,3577816,0.027433461
UNCID_2031355.53caa54a-c88e-423e-a33c-9e8d69daf2cd.sorted_genome_alignments.bam,131870399,127951579,3918820,0.029717207
UNCID_2031449.168e440a-b356-45c7-849c-43823703417e.sorted_genome_alignments.bam,131553173,126495192,5057981,0.038448187
UNCID_2031536.1002d9de-3bd1-4d22-8f2a-64b3114264e0.sorted_genome_alignments.bam,120657892,117093193,3564699,0.029543853
UNCID_2031545.91238210-9f8d-4c09-8016-fd0a7d135023.sorted_genome_alignments.bam,110385886,105391963,4993923,0.045240594
UNCID_2031594.eacfdc9c-b044-4dd5-a153-1ed9b62b0fb8.sorted_genome_alignments.bam,124692003,120294152,4397851,0.035269712
UNCID_2031628.e6dbc0a5-b610-406a-9c7a-43eb8b6b6b53.sorted_genome_alignments.bam,137856605,133645099,4211506,0.030549904
UNCID_2031700.b1ee7148-ddae-404a-b796-004539c02aa7.sorted_genome_alignments.bam,159955348,152163137,7792211,0.048714914
UNCID_2032081.7773fd96-8ab7-417b-befd-ea63dc596a7a.sorted_genome_alignments.bam,126086962,123179716,2907246,0.023057467
UNCID_2032236.cdb9c4a5-81e3-4718-bb7e-ace2bc04b7c3.sorted_genome_alignments.bam,173775133,167356361,6418772,0.03693723
UNCID_2032239.0ed2207e-47d3-47aa-804f-abffb6f42e64.sorted_genome_alignments.bam,141924882,138158591,3766291,0.026537214
UNCID_2032272.94309b2e-c58c-4e2b-981d-0badb3872db7.sorted_genome_alignments.bam,124031388,120488763,3542625,0.028562326
UNCID_2032312.33dc8709-5c3e-4944-8e41-2bc36b26fced.sorted_genome_alignments.bam,126356161,122053023,4303138,0.034055625
UNCID_2032355.4b5b44ea-8589-4aea-a69f-b5d5041b1acd.sorted_genome_alignments.bam,129578587,120884707,8693880,0.067093493
UNCID_2032365.654f3c17-dc98-4e53-8ff8-b1f92d6bd8bd.sorted_genome_alignments.bam,121658683,116171894,5486789,0.045099855
UNCID_2032516.ee7d92c6-8a20-41ec-8e43-7a7c462b13d5.sorted_genome_alignments.bam,100869118,98114943,2754175,0.027304442
UNCID_2032532.c66d3098-98b5-4e0a-a592-39ce259b2c86.sorted_genome_alignments.bam,107690956,104693055,2997901,0.027838002
UNCID_2032748.b2d0c724-40ae-44ca-90eb-ce86a9546c05.sorted_genome_alignments.bam,133126219,129410836,3715383,0.027908725
UNCID_2032829.303036f4-8c7a-484d-8458-8db4803ad6b5.sorted_genome_alignments.bam,168204607,163398617,4805990,0.028572285
UNCID_2032932.cfc3065f-652c-458b-926f-24092edb803f.sorted_genome_alignments.bam,119548819,112498049,7050770,0.058978165
UNCID_2032978.1b2609b8-8c1f-4407-aba5-e47f9e83ebb1.sorted_genome_alignments.bam,126619524,120005406,6614118,0.052236162
UNCID_2033049.1e909d80-d551-4f4e-be4d-822d9f0a8c8d.sorted_genome_alignments.bam,110005409,106091715,3913694,0.035577287
UNCID_2033056.6f0ffee6-d69f-459e-b401-f7dbcb17cb13.sorted_genome_alignments.bam,150076582,141830332,8246250,0.054946947
UNCID_2033081.70a9e739-6f24-44b7-97cc-7197097a4f83.sorted_genome_alignments.bam,166479260,160485760,5993500,0.036001482
UNCID_2033082.0f347f95-e4bc-480e-ab1a-84c9df4018c9.sorted_genome_alignments.bam,152701583,141083972,11617611,0.076080488
UNCID_2033123.da84a25d-fd15-40ff-80c1-e3f2d2b2b301.sorted_genome_alignments.bam,164649580,160040155,4609425,0.027995364
UNCID_2033149.76353751-a05c-432e-a35b-12f2bf62a494.sorted_genome_alignments.bam,167707312,163386193,4321119,0.025765835
UNCID_2033263.d982be0f-c01a-403f-8cb0-b868e07b918d.sorted_genome_alignments.bam,109694332,105061784,4632548,0.042231425
UNCID_2033464.9b00f3e1-6d27-47d6-b9ce-1389db097741.sorted_genome_alignments.bam,160068995,154840117,5228878,0.032666401
UNCID_2033471.c6312f6d-cc5f-4a05-a9de-e1063505d29b.sorted_genome_alignments.bam,121430081,117043102,4386979,0.036127613
UNCID_2033506.0a760a83-c33d-4aa6-bbbb-3dc330d376f7.sorted_genome_alignments.bam,148087184,143490492,4596692,0.031040444
UNCID_2033603.a8a42f43-f83c-45a6-afb7-59e95aa24e8f.sorted_genome_alignments.bam,160049416,154202970,5846446,0.036529006
UNCID_2033679.835b36a5-39ab-4c39-ae0a-50d235b19b93.sorted_genome_alignments.bam,167187057,160744350,6442707,0.03853592
UNCID_2033686.4ad4e642-d5fc-459e-8553-bb1c9795c09d.sorted_genome_alignments.bam,140626045,135417931,5208114,0.037035202
UNCID_2033716.ba70deb1-e8c2-4f74-9883-46e7095f677d.sorted_genome_alignments.bam,118212821,111301604,6911217,0.058464191
UNCID_2033748.0c5df2a7-417c-478d-9a7e-675a8777747c.sorted_genome_alignments.bam,140826412,133196193,7630219,0.054181733
UNCID_2033801.b80bd803-b042-474e-864e-b2c6ee4708e5.sorted_genome_alignments.bam,125813462,120103781,5709681,0.045382115
UNCID_2033884.88802e34-7269-4b5e-b552-a969281ab241.sorted_genome_alignments.bam,148165771,140734755,7431016,0.050153392
UNCID_2033915.9468dafd-1f25-4bb6-a92b-478a2e3347d0.sorted_genome_alignments.bam,144639237,138606065,6033172,0.041711863
UNCID_2034087.03fd710d-d09a-4cf1-b513-5eaaa37d56da.sorted_genome_alignments.bam,120872738,116408026,4464712,0.036937295
UNCID_2034165.f1106aed-99c5-4504-9297-7e4e6c722182.sorted_genome_alignments.bam,132156096,126108619,6047477,0.045760106
UNCID_2034286.3f0e21a1-5cc9-4ff0-81c2-4d67a440dca2.sorted_genome_alignments.bam,127623755,121856919,5766836,0.045186227
UNCID_2034391.fbbc0349-e189-4f35-8c96-15c57b53f602.sorted_genome_alignments.bam,110699424,101833874,8865550,0.080086686
UNCID_2034392.eb7d8769-1014-4a97-bf28-c6bdd257b9b7.sorted_genome_alignments.bam,164734441,156916057,7818384,0.047460531
UNCID_2034440.73d3142f-9060-488c-9108-3b1abd12f323.sorted_genome_alignments.bam,131625248,126278381,5346867,0.040621895
UNCID_2034513.5ab8bc7b-9e70-426f-8f84-d8c691440e98.sorted_genome_alignments.bam,164623734,159784094,4839640,0.029398191
UNCID_2034538.ed2e8014-4042-45fe-ae9d-78606344955b.sorted_genome_alignments.bam,130637907,125581225,5056682,0.038707616
UNCID_2034601.a133035a-7076-4fe7-b260-f866b409aba4.sorted_genome_alignments.bam,137450000,132647055,4802945,0.034943216
UNCID_2034650.10c76952-15aa-44e9-8197-26529889bb6a.sorted_genome_alignments.bam,168588156,163748145,4840011,0.028709081
UNCID_2034686.02446b95-1e3f-474b-8123-f49117f58893.sorted_genome_alignments.bam,148160535,143108450,5052085,0.034098723
UNCID_2034725.1b48e1cd-3c89-4508-9326-7fdd69841776.sorted_genome_alignments.bam,152856932,147784611,5072321,0.033183454
UNCID_2034744.ad229cea-5cac-422d-a773-370ed37152e9.sorted_genome_alignments.bam,177171515,170790478,6381037,0.036016156
UNCID_2034830.f579f0dc-d6e3-4960-9769-5038e69aa712.sorted_genome_alignments.bam,151638029,146658313,4979716,0.032839493
UNCID_2034926.8fac215c-7172-42ed-af07-00b27c05d3a6.sorted_genome_alignments.bam,133199060,127315250,5883810,0.044173059
UNCID_2034943.bbf7786d-0996-47fc-8af9-482d2087ccb1.sorted_genome_alignments.bam,136742092,128625855,8116237,0.059354343
UNCID_2034978.5ece050b-b22d-44b9-b920-257a351b5602.sorted_genome_alignments.bam,121559366,117244456,4314910,0.035496319
UNCID_2035002.a75c4597-041a-44ad-88e1-0466278f621c.sorted_genome_alignments.bam,123443774,119013026,4430748,0.035892843
UNCID_2035011.5359ca45-0d86-43b9-b318-adbee53c7381.sorted_genome_alignments.bam,143573596,138726941,4846655,0.033757286
UNCID_2035144.b4a85000-c0fd-4287-83f2-fc0757fe4a60.sorted_genome_alignments.bam,149794073,142685370,7108703,0.047456504
UNCID_2035229.af1f390e-abd4-4ed2-bc65-0b1080b786a9.sorted_genome_alignments.bam,127402310,122130325,5271985,0.041380608
UNCID_2035278.6acf7672-ec9d-4765-85db-43c311d5f124.sorted_genome_alignments.bam,182908009,176633855,6274154,0.034302238
UNCID_2035281.6b961695-40e4-4c88-976a-8fb6c99b4f0f.sorted_genome_alignments.bam,149670337,143819612,5850725,0.039090745
UNCID_2035342.a1ba7666-0fb4-4fa6-8530-242d32ca3708.sorted_genome_alignments.bam,155374879,149336869,6038010,0.038860915
UNCID_2035375.ba01a4cb-d7cd-4a9a-ae28-978262154683.sorted_genome_alignments.bam,117951493,112796679,5154814,0.04370283
UNCID_2035388.3bf26a40-da0a-4b9f-9c8d-ef307c8f239b.sorted_genome_alignments.bam,173028914,168077230,4951684,0.028617668
UNCID_2035514.4383201e-ca97-4192-8e89-c63b10caaa0c.sorted_genome_alignments.bam,148044141,137642465,10401676,0.070260639
UNCID_2035590.11a0e295-f45e-4979-8317-10429d515d34.sorted_genome_alignments.bam,113845746,109477561,4368185,0.03836933
UNCID_2035670.8b8048b4-fe60-45f4-97c5-662c45169334.sorted_genome_alignments.bam,173411970,166920391,6491579,0.037434434
UNCID_2035718.6fbe6214-bdfd-4688-bae3-d12a931f9989.sorted_genome_alignments.bam,128401163,121341697,7059466,0.054979767
UNCID_2035751.3f24dcf1-9ec6-4ec4-9379-f9051151c639.sorted_genome_alignments.bam,163480230,157666608,5813622,0.035561621
UNCID_2035827.ea5e5dcc-54e2-43a4-bcc6-ab7b81c87927.sorted_genome_alignments.bam,131335337,126484080,4851257,0.036937942
UNCID_2036041.8d020165-5475-4257-87c3-c98fc2d201d2.sorted_genome_alignments.bam,113699410,106418292,7281118,0.064038309
UNCID_2038198.e121ae32-63c2-4b13-b135-d1837fc10999.sorted_genome_alignments.bam,105459327,99790569,5668758,0.053753027
UNCID_2038609.32791ace-3fb3-43cb-8f98-278ac1e18a25.sorted_genome_alignments.bam,132054467,128312583,3741884,0.028335914
UNCID_2038632.f48e8432-bcb7-4aa9-9c8f-6de4a96179b2.sorted_genome_alignments.bam,141431508,137475388,3956120,0.027971985
UNCID_2038665.58e49daa-eced-4ca8-af92-98af61f8b6f1.sorted_genome_alignments.bam,139003488,131863878,7139610,0.051362812
UNCID_2038692.8d1c0907-a5f9-4fcb-a04a-d554e40c23d3.sorted_genome_alignments.bam,138337110,134605841,3731269,0.026972293
UNCID_2038858.9eaedfe9-a6f0-46e3-8961-7a222df9127c.sorted_genome_alignments.bam,130196677,126442461,3754216,0.02883496
UNCID_2039084.eb9b8bcb-aa3a-4e57-9479-543b53dc1cf7.sorted_genome_alignments.bam,134854804,131540979,3313825,0.024573281
UNCID_2039248.04e39981-d4c9-413e-8625-bd7aebf53876.sorted_genome_alignments.bam,152751967,144949305,7802662,0.051080599
UNCID_2039375.922a7345-64a7-43e8-9c11-bb0bd85dd847.sorted_genome_alignments.bam,140357799,135768814,4588985,0.032694906
UNCID_2043418.6b9951d1-1bae-4c66-acad-c6c618d5387d.sorted_genome_alignments.bam,132250655,120493206,11757449,0.088902766
UNCID_2043497.f73e06ac-aa61-45be-b666-83279a7fb908.sorted_genome_alignments.bam,128081254,119546864,8534390,0.066632624
UNCID_2043579.bcc096bf-c300-4e3d-b616-daee079938e6.sorted_genome_alignments.bam,135611651,127101480,8510171,0.062753981
UNCID_2043662.c995e591-f2b7-4c3e-ae81-9e72b9548b57.sorted_genome_alignments.bam,126561702,118717555,7844147,0.061978836
UNCID_2043711.e766089b-b399-4231-ad1a-139c4283a5bd.sorted_genome_alignments.bam,125310456,117627859,7682597,0.061308507
UNCID_2043712.93bf6de4-c67e-4d0b-8fe6-2431a0e0d342.sorted_genome_alignments.bam,132425350,124089235,8336115,0.062949541
UNCID_2043768.c3db032d-a822-4eca-8891-2c4d13a5866a.sorted_genome_alignments.bam,127039634,113984394,13055240,0.102765095
UNCID_2043790.41c1975d-219d-4131-a77e-e70224ed6c41.sorted_genome_alignments.bam,151171446,138101110,13070336,0.086460349
UNCID_2043795.038600cd-c0ca-4de4-9539-570f7b960793.sorted_genome_alignments.bam,125281246,113681558,11599688,0.092589181
UNCID_2043839.131d97b1-b0d3-41d1-8fba-aaaa9eabdf9d.sorted_genome_alignments.bam,127500432,119905475,7594957,0.059568088
UNCID_2043851.98021887-fb82-4cb4-a5f4-c4316901da21.sorted_genome_alignments.bam,128789237,120132388,8656849,0.067217177
UNCID_2043888.95086d05-3789-400a-b663-5d9d3a346325.sorted_genome_alignments.bam,132814521,125119856,7694665,0.05793542
UNCID_2044050.d8012229-3666-4380-9d2a-2beaca772242.sorted_genome_alignments.bam,126578614,118257337,8321277,0.065739991
UNCID_2044128.d28ba0e6-a04b-4341-95c2-f03b6d894a5e.sorted_genome_alignments.bam,136337357,125842782,10494575,0.076975051
UNCID_2044178.0dadcb32-0c50-4d9b-8112-d4e533e789d6.sorted_genome_alignments.bam,129554115,117598888,11955227,0.092279794
UNCID_2044208.635a7c2c-7731-48c1-948d-4d7ecf05c472.sorted_genome_alignments.bam,118591555,108790513,9801042,0.082645362
UNCID_2044229.32e41154-dbcb-474c-8605-67c0ae0ed85e.sorted_genome_alignments.bam,125312312,116145246,9167066,0.073153754
UNCID_2044289.02d9d59b-de6f-41c7-b529-142116debfd9.sorted_genome_alignments.bam,135363203,130059779,5303424,0.039179215
UNCID_2044292.9d16eccb-44fa-4188-9ad2-3a17ed821247.sorted_genome_alignments.bam,139919609,127918895,12000714,0.085768636
UNCID_2044293.be17bc7b-550a-461b-9f7b-2a5845cc12b2.sorted_genome_alignments.bam,142879182,129437296,13441886,0.094078688
UNCID_2044315.96af7552-6f51-4abe-8394-b9e966a70228.sorted_genome_alignments.bam,131870547,122496261,9374286,0.071087034
UNCID_2044429.fec9b75b-9a91-4979-9056-ecdd852429d8.sorted_genome_alignments.bam,144353834,128885654,15468180,0.107154618
UNCID_2045093.b713b36d-44c7-41ed-82a5-762322472a56.sorted_genome_alignments.bam,121720526,116075775,5644751,0.046374685
UNCID_2045167.cdc523d2-da82-4a3d-a97e-9745c8a802d1.sorted_genome_alignments.bam,134572004,127269306,7302698,0.054266101
UNCID_2045237.e3c70f4d-4a23-486b-b221-3058b13a1c69.sorted_genome_alignments.bam,137422565,132704972,4717593,0.0343291
UNCID_2045282.8fc9ea4e-d3ce-40b1-81b7-fc3967503a8f.sorted_genome_alignments.bam,127406621,121880557,5526064,0.043373444
UNCID_2045361.f6aa5164-4438-4df2-9e5d-9dd8f5cdfd5e.sorted_genome_alignments.bam,129304752,124983508,4321244,0.033419066
UNCID_2045369.d27207d8-a3cf-475b-963a-e393eef98538.sorted_genome_alignments.bam,121322247,116660836,4661411,0.038421733
UNCID_2045421.f23834b0-13c3-4dd5-a20b-0f20cd92ec23.sorted_genome_alignments.bam,134411093,127817267,6593826,0.049057156
UNCID_2045428.041c71a0-06d5-44a5-8930-7f1dd2a638d1.sorted_genome_alignments.bam,122517864,117802776,4715088,0.038484902
UNCID_2045455.39033a17-79c9-4723-9fa7-fa82f67f5344.sorted_genome_alignments.bam,128223578,123594534,4629044,0.036101348
UNCID_2045469.554bddc2-3afe-47d6-83c7-46cb30352df1.sorted_genome_alignments.bam,135136854,130093707,5043147,0.037318813
UNCID_2045487.d1c8d59f-1ab1-4450-8d3f-b7bc6e05cd7f.sorted_genome_alignments.bam,147619230,141807461,5811769,0.039369999
UNCID_2045498.38adc5a4-bf82-4a06-a179-e84dd42593da.sorted_genome_alignments.bam,121219685,117428785,3790900,0.031272974
UNCID_2045557.06e6ef85-0e04-4473-bbfb-2b277c36b54e.sorted_genome_alignments.bam,136492880,132388228,4104652,0.030072279
UNCID_2045632.a888330c-d169-457b-b888-34aaee3957d3.sorted_genome_alignments.bam,133677859,128996315,4681544,0.035021088
UNCID_2045692.4eabf441-dfaa-4c36-a0a4-8897d4008f3f.sorted_genome_alignments.bam,123856694,119382862,4473832,0.036121035
UNCID_2045700.c5a7673a-c45e-4789-a2c8-32889f39c102.sorted_genome_alignments.bam,128019566,122919319,5100247,0.03983959
UNCID_2045817.a9f404db-e7fa-49bf-acca-fccd676f2e7c.sorted_genome_alignments.bam,120887244,117029767,3857477,0.031909711
UNCID_2045928.02873204-1097-45ea-b143-a97f3e047537.sorted_genome_alignments.bam,132330764,126782279,5548485,0.041928912
UNCID_2045935.8c435d42-a76a-4078-a593-6a41a2bb6f5e.sorted_genome_alignments.bam,136486582,131824778,4661804,0.034155768
UNCID_2045999.05a8e240-5384-4a03-abeb-7ef3697c946d.sorted_genome_alignments.bam,145012935,140006617,5006318,0.034523251
UNCID_2046051.b881706f-5ee8-43da-a691-53c036d94494.sorted_genome_alignments.bam,132986196,129047906,3938290,0.029614277
UNCID_2054716.80f78f2f-4e63-4561-905e-a81528b79cab.sorted_genome_alignments.bam,124567181,120653920,3913261,0.031414864
UNCID_2054732.b8ee7519-8052-4ac2-b331-7196e3f0d30f.sorted_genome_alignments.bam,118859346,114951905,3907441,0.032874495
UNCID_2054733.1ff2db10-00fe-4ddc-98d1-e15ffea42333.sorted_genome_alignments.bam,117358665,113840288,3518377,0.029979695
UNCID_2054762.e621d7be-8167-4260-adff-ce1b57202eaf.sorted_genome_alignments.bam,122369718,118547813,3821905,0.031232441
UNCID_2054781.10b6c170-88d1-4cea-87c7-b23d6810ea6a.sorted_genome_alignments.bam,129935385,125656733,4278652,0.032929075
UNCID_2054817.80241bee-c4e9-4ce7-a920-022f8b00e21d.sorted_genome_alignments.bam,126905543,122779875,4125668,0.032509754
UNCID_2054833.013bac31-4670-460a-9108-7b4ae57a2e21.sorted_genome_alignments.bam,123744794,119726753,4018041,0.032470384
UNCID_2054835.687d43fb-fb87-464d-a661-697889b99aed.sorted_genome_alignments.bam,132247864,128333241,3914623,0.029600652
UNCID_2054884.97a13a19-7b9b-4e53-9dfe-6a5836a44510.sorted_genome_alignments.bam,134209416,129798235,4411181,0.032867895
UNCID_2054892.0ec8f213-1b87-4c8e-86b8-90362601df4a.sorted_genome_alignments.bam,129266997,124926194,4340803,0.033580133
UNCID_2054920.90199c77-d6ef-4a7a-b08c-28bed0c888b1.sorted_genome_alignments.bam,134550320,130486606,4063714,0.030202188
UNCID_2054942.fd77ef17-3190-4889-a51b-456313411882.sorted_genome_alignments.bam,130963937,126419378,4544559,0.034700843
UNCID_2054982.d231f3e4-48e2-4e94-a995-dcbfc9f0d471.sorted_genome_alignments.bam,116358737,112687338,3671399,0.031552414
UNCID_2054993.c68ca414-0567-4349-8ad4-55df8cbcc35d.sorted_genome_alignments.bam,126647904,122931647,3716257,0.029343218
UNCID_2055014.72b6a847-016f-4565-a5aa-e277c5cffb08.sorted_genome_alignments.bam,143873029,139303177,4569852,0.03176309
UNCID_2055019.9ecc833d-b92d-474a-a981-d6e0c12292e0.sorted_genome_alignments.bam,144285798,140000706,4285092,0.02969864
UNCID_2055050.56d6ee3a-08b5-41ad-8ec2-574870987201.sorted_genome_alignments.bam,127200621,123235413,3965208,0.031172867
UNCID_2055066.74361c55-c785-4d24-8687-be8adbd75de7.sorted_genome_alignments.bam,133200129,128549483,4650646,0.034914726
UNCID_2055083.9f4e522f-d1c3-4fa9-9ab4-b6886426a77c.sorted_genome_alignments.bam,131335982,127232024,4103958,0.031247781
UNCID_2055110.6a2adcf5-fc75-46a4-a029-dd84d1a019c0.sorted_genome_alignments.bam,132407296,128169354,4237942,0.032006862
UNCID_2055129.3eca387f-17e0-438d-8bae-f31f0ce7396d.sorted_genome_alignments.bam,113846320,110104849,3741471,0.032864224
UNCID_2055146.08a9d6fb-2367-4bd2-b828-c1d970dc62a8.sorted_genome_alignments.bam,130147520,125961612,4185908,0.032162795
UNCID_2055200.8bb52467-45b2-40d5-abd2-69ff0ad83bc5.sorted_genome_alignments.bam,130430648,126246100,4184548,0.032082552
UNCID_2055232.a8be2bbb-f0a6-40e6-af7a-ee9289e8ad44.sorted_genome_alignments.bam,142501547,137855389,4646158,0.032604264
UNCID_2055240.6589bdbc-b3a3-4949-8a08-3fd17952bf24.sorted_genome_alignments.bam,118055676,114684727,3370949,0.028553892
UNCID_2055265.5a3d8ba7-dea1-4155-9345-c542719b29f4.sorted_genome_alignments.bam,117026519,113453974,3572545,0.030527653
UNCID_2055328.7ac5d653-615d-4ace-a94a-2c1e09b598f4.sorted_genome_alignments.bam,122591519,118405166,4186353,0.034148798
UNCID_2055335.f2249fe9-e838-4895-9e46-98fa8f30655e.sorted_genome_alignments.bam,129953727,126028503,3925224,0.030204782
UNCID_2055425.5635d2de-4a0b-4988-8ff7-2056857d0d34.sorted_genome_alignments.bam,139954892,136163403,3791489,0.027090793
UNCID_2055444.cc3a055a-6e86-43d1-9266-b16c172b27d6.sorted_genome_alignments.bam,147523516,143154090,4369426,0.029618505
UNCID_2055506.428ca7a1-6f08-4426-8f2d-28939166df70.sorted_genome_alignments.bam,131691045,126614688,5076357,0.038547473
UNCID_2057652.c0727365-8495-4a96-85b0-4a685627839e.sorted_genome_alignments.bam,125594881,122118736,3476145,0.027677442
UNCID_2058920.efbbd41e-6911-49d5-9d54-cc95e0c81415.sorted_genome_alignments.bam,107805235,102944963,4860272,0.045083822
UNCID_2058987.ea52408f-b5e1-4a15-80bc-945cc74135e4.sorted_genome_alignments.bam,126086392,119215626,6870766,0.054492526
UNCID_2059033.7cd7e1cf-4390-4b0e-884c-fc0a26c7e1bf.sorted_genome_alignments.bam,131000319,126308443,4691876,0.03581576
UNCID_2059074.77019674-09ef-416d-a02a-8135b048af91.sorted_genome_alignments.bam,129903764,124490541,5413223,0.041671025
UNCID_2059094.61843a22-9a35-4370-a301-881d5c967d29.sorted_genome_alignments.bam,128452703,123858168,4594535,0.035768301
UNCID_2059095.fc8cb6a7-c7ed-4037-8fb9-7530cdebc705.sorted_genome_alignments.bam,125760428,120712900,5047528,0.040136059
UNCID_2059170.6cf2bd67-93bd-449e-9204-5ac5f75cbfd1.sorted_genome_alignments.bam,124603499,120065637,4537862,0.036418416
UNCID_2059199.d92ddf45-68b6-42da-9497-8faabcc50be0.sorted_genome_alignments.bam,135979820,130683876,5295944,0.038946544
UNCID_2059257.8e7c9d3f-137c-4f4d-829d-76f11c133267.sorted_genome_alignments.bam,142027751,132342657,9685094,0.068191561
UNCID_2059292.979d9841-337c-47a3-acaf-77d45e276589.sorted_genome_alignments.bam,140746317,135726857,5019460,0.035663171
UNCID_2059414.acd9261f-37cf-44ca-86c4-e42d88d86b6c.sorted_genome_alignments.bam,131285139,125866165,5418974,0.04127637
UNCID_2059416.f68d990e-ed0b-46d2-8658-bf5e686e79c1.sorted_genome_alignments.bam,146219883,139912838,6307045,0.043133977
UNCID_2059625.fbead603-e53b-4b12-b9a9-d238b00c08e3.sorted_genome_alignments.bam,160316592,154742243,5574349,0.03477088
UNCID_2059973.dfc68f11-b26c-48a3-b43e-c907d9d12f87.sorted_genome_alignments.bam,132734211,127078777,5655434,0.042607207
UNCID_2061103.7ee7ec4c-236b-4d28-94ee-a9e284f03afd.sorted_genome_alignments.bam,112929994,107516868,5413126,0.047933466
UNCID_2061139.dbee8779-dd28-4a2b-a485-9fa8b3a9fc88.sorted_genome_alignments.bam,126806521,122853925,3952596,0.03117029
UNCID_2061232.d57e41d2-e98e-4a24-b1cf-bfca3cb5e255.sorted_genome_alignments.bam,142896614,137129087,5767527,0.040361537
UNCID_2061235.7db85d66-16a3-4062-b98f-1ebe628d2b13.sorted_genome_alignments.bam,133564125,128040465,5523660,0.041355866
UNCID_2061312.ca1c37f0-52c9-4702-87ea-1a81a09c12e8.sorted_genome_alignments.bam,118962055,113568275,5393780,0.04534034
UNCID_2061330.9cf2d1c9-90c2-46a5-bdf2-ff27745b7808.sorted_genome_alignments.bam,148076978,142175724,5901254,0.03985261
UNCID_2061356.671edd73-dbd4-4ab5-8988-864b8a7fe01a.sorted_genome_alignments.bam,131647553,126996383,4651170,0.035330471
UNCID_2061371.6740d6ab-1321-4806-961a-116ce5be8d29.sorted_genome_alignments.bam,128672745,124300369,4372376,0.033980592
UNCID_2061440.5005b96a-a215-43a0-8b55-f212891bca11.sorted_genome_alignments.bam,140371908,134797908,5574000,0.0397088
UNCID_2061474.04082349-5790-405a-9bbb-13d745fd4c05.sorted_genome_alignments.bam,148963581,141780609,7182972,0.048219652
UNCID_2061510.bd76ebed-0575-46c8-8c8a-f02fdcffc2e9.sorted_genome_alignments.bam,154637633,149414711,5222922,0.033775232
UNCID_2061527.2953ceed-8418-4c63-b260-307aea1d9e63.sorted_genome_alignments.bam,145446225,141366205,4080020,0.028051742
UNCID_2061542.d8e69719-3717-4c5d-8928-6b921d6ac187.sorted_genome_alignments.bam,146072739,141447515,4625224,0.031663841
UNCID_2061556.40eb69ac-5c96-42c7-adfc-877580c58cc5.sorted_genome_alignments.bam,147380690,141858852,5521838,0.037466496
UNCID_2061559.87bab535-6f15-4b0f-a274-571a4a81d1be.sorted_genome_alignments.bam,138729058,134595127,4133931,0.029798595
UNCID_2061607.e0dc1957-256a-4ffe-9521-66dd3970639c.sorted_genome_alignments.bam,146518997,141525574,4993423,0.034080379
UNCID_2061617.e5bafefb-df41-4686-9bbe-b176f954d131.sorted_genome_alignments.bam,142637285,138202281,4435004,0.03109288
UNCID_2061650.8139b1af-5d6d-4fd4-b834-08cc4a18d0a9.sorted_genome_alignments.bam,134618450,130471852,4146598,0.030802598
UNCID_2061749.fef94ae2-4cd8-4e24-9220-3fa17ef1230a.sorted_genome_alignments.bam,161659925,156471940,5187985,0.032091967
UNCID_2061928.ac66c676-f950-4565-82ac-a9d98adbcde9.sorted_genome_alignments.bam,161966749,154313869,7652880,0.047249698
UNCID_2061937.e53f26c4-eb37-4a21-823e-98000f26309d.sorted_genome_alignments.bam,125058914,117756966,7301948,0.058388065
UNCID_2063118.32618f86-4f65-4370-8339-5faad4fa59d5.sorted_genome_alignments.bam,139651819,134652484,4999335,0.035798567
UNCID_2063181.b7a68734-2faf-41d2-9338-83ebacd3f044.sorted_genome_alignments.bam,126030077,121883209,4146868,0.032903796
UNCID_2063285.2807ba60-128f-49fc-9e15-bb3678c12f56.sorted_genome_alignments.bam,218180109,201863457,16316652,0.074785241
UNCID_2063309.4f8626b1-b8cd-41a2-b9b0-63847d2168be.sorted_genome_alignments.bam,164944358,158705666,6238692,0.037823009
UNCID_2063359.8c5bf599-1fe3-419d-a83a-6c230c096735.sorted_genome_alignments.bam,145003667,139217889,5785778,0.039900908
UNCID_2063381.af593182-a2e2-4bbf-9a11-35746bf4be9e.sorted_genome_alignments.bam,149342196,142015381,7326815,0.049060582
UNCID_2063399.b2eaf339-4cd4-4b99-a5d4-10957d3d49dd.sorted_genome_alignments.bam,155160779,148529611,6631168,0.042737398
UNCID_2063427.f2510b83-536a-4d29-bca7-ff3ca3ca9e44.sorted_genome_alignments.bam,128774713,123750706,5024007,0.039013925
UNCID_2063443.c2c33653-e866-47a2-802c-7b842ed86ff4.sorted_genome_alignments.bam,147081723,140916613,6165110,0.041916221
UNCID_2063463.f6b2f5b6-b012-46ec-9ed9-9a37c22cac5d.sorted_genome_alignments.bam,162997673,157064594,5933079,0.036399777
UNCID_2063551.bdde9491-7b52-4655-bed9-708a4aa770f2.sorted_genome_alignments.bam,146988765,140996988,5991777,0.040763503
UNCID_2063587.63068ba8-f2cb-4e3d-a34b-ec219ab6b574.sorted_genome_alignments.bam,158873725,153737059,5136666,0.032331753
UNCID_2063687.38534c34-666f-4319-86b8-8243ab76cb40.sorted_genome_alignments.bam,147738211,141934713,5803498,0.039282309
UNCID_2063776.2ea1224b-66aa-48a4-a605-4d1262e84303.sorted_genome_alignments.bam,140113874,136117643,3996231,0.028521308
UNCID_2063783.da2c0992-74c0-4380-8c6c-c9ffa73767f6.sorted_genome_alignments.bam,134827383,130651520,4175863,0.030971921
UNCID_2063847.00481f66-1aad-4885-9162-bf802b1ed7f5.sorted_genome_alignments.bam,143277204,138315425,4961779,0.034630624
UNCID_2064071.fc674e5c-f387-421e-9dc8-04272b876858.sorted_genome_alignments.bam,145525783,141216408,4309375,0.02961245
UNCID_2064448.b695df40-ae14-490c-9d67-acda17494a35.sorted_genome_alignments.bam,140138974,135953152,4185822,0.029869078
UNCID_2064552.f7301b53-0d6b-47ea-a7c4-6191ed59d3cb.sorted_genome_alignments.bam,145436216,139778587,5657629,0.038901101
UNCID_2064590.27a878b3-d7eb-49e3-9e1f-a12fcc33d67d.sorted_genome_alignments.bam,141669997,135881444,5788553,0.040859414
UNCID_2064653.0d7719a9-58ac-4c27-99d3-0a6321c03ef6.sorted_genome_alignments.bam,140419102,135490077,4929025,0.03510224
UNCID_2064801.38843819-bf57-4c30-ae2f-408653860739.sorted_genome_alignments.bam,147526591,143289171,4237420,0.028723093
UNCID_2065119.6b636016-1b27-4977-8632-85ce773f7db9.sorted_genome_alignments.bam,158045069,152536536,5508533,0.034854191
UNCID_2066195.a952260d-78c3-4d99-9007-75150ac3151f.sorted_genome_alignments.bam,135460796,129587726,5873070,0.043356234
UNCID_2066351.8b886e63-05aa-461c-ae8a-2f82271f3bf6.sorted_genome_alignments.bam,148283974,141203967,7080007,0.047746272
UNCID_2066376.a7a5bc3b-d82d-447d-8679-47b48612834a.sorted_genome_alignments.bam,142110442,134295364,7815078,0.054992989
UNCID_2066403.05e46b8a-14f5-4315-9418-25bc9de5c436.sorted_genome_alignments.bam,149476611,143502253,5974358,0.039968514
UNCID_2066410.789b2b10-3286-44ba-af24-a8f176a51ad8.sorted_genome_alignments.bam,168602628,162474970,6127658,0.036343787
UNCID_2072873.6309a039-6d4a-4757-8c05-043b17010104.sorted_genome_alignments.bam,67689037,64917877,2771160,0.040939569
UNCID_2073981.d497e10a-f8b7-4e9d-9c37-eb433a54fd2c.sorted_genome_alignments.bam,87117352,84271562,2845790,0.032666167
UNCID_2074592.88b924eb-7bbb-449b-83f2-e2f496ced7df.sorted_genome_alignments.bam,83352080,80533686,2818394,0.033813121
UNCID_2074707.732285be-4a85-4be6-b3b6-7e50934a5adb.sorted_genome_alignments.bam,102033179,98825102,3208077,0.031441508
UNCID_2074718.9c53a722-7e70-4bf4-b201-3df62ce501c4.sorted_genome_alignments.bam,103984420,101044258,2940162,0.028275024
UNCID_2074747.72c7d42b-8821-4702-8e55-081f3de759dc.sorted_genome_alignments.bam,95329348,92379289,2950059,0.030945968
UNCID_2074886.5c727d2e-892d-4228-a7b8-062ed0e77672.sorted_genome_alignments.bam,111046877,107396167,3650710,0.032875395
UNCID_2074911.02225067-9673-48cb-aa8e-6e28f9fbeffd.sorted_genome_alignments.bam,110582071,106433118,4148953,0.03751922
UNCID_2075010.494a3ad4-58a0-41f8-8187-46ce03900462.sorted_genome_alignments.bam,126217620,122027417,4190203,0.033198241
UNCID_2075082.18298f92-c0c4-4772-ba76-8674ebeabb4c.sorted_genome_alignments.bam,134839390,129791538,5047852,0.037436034
UNCID_2075124.165b9f2f-04c6-44d0-a4ac-069ad04e4e42.sorted_genome_alignments.bam,139313217,134330406,4982811,0.035766965
UNCID_2075158.9b2c4413-d5e6-4d48-9ceb-4ba48e737f25.sorted_genome_alignments.bam,133788562,129578136,4210426,0.031470747
UNCID_2075159.34b3ffb2-9fd1-4521-856a-f465f537804b.sorted_genome_alignments.bam,137836574,130496280,7340294,0.053253602
UNCID_2075183.87d9eb58-9b87-462f-982d-8abc83f2205b.sorted_genome_alignments.bam,132503880,128382965,4120915,0.031100335
UNCID_2075184.121de962-5648-46eb-b745-4ec8875ace3e.sorted_genome_alignments.bam,153563417,149107186,4456231,0.029018832
UNCID_2075226.92959314-e1b3-4b24-a9a1-080a61884135.sorted_genome_alignments.bam,116514575,112975670,3538905,0.030373067
UNCID_2075246.3d8fc38f-1005-47c9-adb7-62525f5ccfad.sorted_genome_alignments.bam,134268027,129930801,4337226,0.032302746
UNCID_2075301.19df9b10-033c-4890-bf52-ad8dd72bdb0c.sorted_genome_alignments.bam,128055024,121866680,6188344,0.048325664
UNCID_2075322.fe0ee6d5-c68d-40ab-8892-678df4554aa6.sorted_genome_alignments.bam,134476170,129933460,4542710,0.033780781
UNCID_2075371.4daf4ef1-7b4e-4580-ba4c-1f8e81d8b250.sorted_genome_alignments.bam,161878953,156489771,5389182,0.033291431
UNCID_2075414.d9e4265e-0f8f-459a-915e-70fdc963668f.sorted_genome_alignments.bam,153334359,146725732,6608627,0.043099453
UNCID_2075473.564636b5-e3fb-46ce-91db-f64b9a5612a9.sorted_genome_alignments.bam,166355887,160630700,5725187,0.034415295
UNCID_2075474.e5bf9cac-9a07-464f-bbd7-9d532bd1f30c.sorted_genome_alignments.bam,169508044,160384397,9123647,0.053824272
UNCID_2075519.920292b7-e792-4e3e-89f9-aa0c764aef74.sorted_genome_alignments.bam,124493012,102932173,21560839,0.173189151
UNCID_2075531.9e35f111-e7b9-4238-bbfb-88a74d51f1b4.sorted_genome_alignments.bam,171553390,165827157,5726233,0.033378723
UNCID_2075621.b9af6223-4001-41ad-adc1-be15c76d8150.sorted_genome_alignments.bam,147108838,136619725,10489113,0.071301719
UNCID_2075665.1ab57556-a43b-4815-bb91-c050d3ecd801.sorted_genome_alignments.bam,168954869,163820355,5134514,0.030389855
UNCID_2075758.cf34ea0c-75f2-485b-aab0-e06694d69171.sorted_genome_alignments.bam,169953568,164387939,5565629,0.032747939
UNCID_2075827.fb3438ba-43d1-4c51-adaf-4326983496b6.sorted_genome_alignments.bam,175338821,167762724,7576097,0.043208326
UNCID_2075964.3a7a9459-d88c-4d0b-b32f-1623deba6cea.sorted_genome_alignments.bam,88893171,85961868,2931303,0.03297557
UNCID_2076407.10db67e9-5b8f-4bda-b26b-c63e70c3c95e.sorted_genome_alignments.bam,173352654,167723420,5629234,0.03247273
UNCID_2076488.af1ae913-a82c-4d3f-9705-b45685a434ab.sorted_genome_alignments.bam,126726033,122161057,4564976,0.036022401
UNCID_2076610.a8a41ad6-263c-4c76-987f-2f8a7dffefa1.sorted_genome_alignments.bam,126945253,121204308,5740945,0.045223786
UNCID_2076613.10285abf-91af-443f-8e5e-61b87c003165.sorted_genome_alignments.bam,128591841,124197916,4393925,0.034169547
UNCID_2076671.10a6bc01-f811-400f-a205-caf7879008fe.sorted_genome_alignments.bam,120649257,109090914,11558343,0.095801195
UNCID_2076744.e421b4a8-d6e0-4c30-adc2-1311d04f7696.sorted_genome_alignments.bam,240931408,230696908,10234500,0.042478895
UNCID_2076754.a3b81644-c1b8-4d12-b6f8-6160533758cc.sorted_genome_alignments.bam,107493742,97842118,9651624,0.089787776
UNCID_2076819.90779b87-ec28-4c54-b98e-3d70e132b7b3.sorted_genome_alignments.bam,118795839,114481561,4314278,0.036316743
UNCID_2076964.291167cc-8f00-47e1-abe2-72388c98170d.sorted_genome_alignments.bam,127924253,123590625,4333628,0.033876516
UNCID_2077009.5378bbbf-3ddf-43bf-824d-fcb46028f571.sorted_genome_alignments.bam,118531069,107761895,10769174,0.090855285
UNCID_2077053.3513c95d-9ea0-4c3b-9e8e-0f148231bc83.sorted_genome_alignments.bam,130267038,124573516,5693522,0.043706544
UNCID_2077215.ca6bff3c-e95e-42e6-8eff-76d66e8031b0.sorted_genome_alignments.bam,125904774,120168329,5736445,0.045561775
UNCID_2077337.b8e18fd7-ff5d-44b9-b977-945622d2a59e.sorted_genome_alignments.bam,132440221,127154964,5285257,0.039906736
UNCID_2077466.d0979d89-4efa-4e30-8510-8aa96a7c2f3d.sorted_genome_alignments.bam,128101896,123591953,4509943,0.035205904
UNCID_2077486.ee0873f1-b89d-44ef-9aad-d40c5a8999f1.sorted_genome_alignments.bam,121737127,113454158,8282969,0.068039794
UNCID_2077531.4341d180-bcb4-47e5-83b4-df5ecc4f7eec.sorted_genome_alignments.bam,114315573,110123515,4192058,0.036670927
UNCID_2077532.ca04916e-5edc-4481-81d0-b0cc56925005.sorted_genome_alignments.bam,128289879,123667461,4622418,0.036031042
UNCID_2077549.ee0b8b56-4246-45c7-800c-e8d37c8d6c4d.sorted_genome_alignments.bam,133999283,129920315,4078968,0.030440223
UNCID_2077572.439804ec-6110-4628-b3ea-fa807c346846.sorted_genome_alignments.bam,125080724,118922024,6158700,0.049237803
UNCID_2077579.768f6ac0-d742-4dda-a695-c75070a5511a.sorted_genome_alignments.bam,127323497,121945470,5378027,0.042239077
UNCID_2077604.24ee58d3-60c9-4808-b35a-2767594b83f8.sorted_genome_alignments.bam,138393786,132583513,5810273,0.041983626
UNCID_2077625.439820e6-1011-461e-8002-5af1470a7827.sorted_genome_alignments.bam,126686888,117769275,8917613,0.070390971
UNCID_2077730.99268491-1400-4982-8aa4-7b8c3c815727.sorted_genome_alignments.bam,123593517,117585670,6007847,0.048609726
UNCID_2077936.d353af66-1298-4da0-b7fd-08671d5dcda9.sorted_genome_alignments.bam,154169133,149039386,5129747,0.033273502
UNCID_2078068.60fc2e50-f36c-4074-879b-b5773d75a466.sorted_genome_alignments.bam,114196207,99215759,14980448,0.13118166
UNCID_2078226.d3a233c1-9696-4c48-9567-ff37bb343362.sorted_genome_alignments.bam,139634083,135382070,4252013,0.030451111
UNCID_2078282.e3e7210a-a45e-47dc-aa2c-46aa17d47314.sorted_genome_alignments.bam,160571844,154964390,5607454,0.034921776
UNCID_2078727.43a21e6a-8b4e-4589-9236-0835dd7d7a00.sorted_genome_alignments.bam,139227288,133955740,5271548,0.037862894
UNCID_2078840.42700ab7-f1fe-41de-97b0-3fba56091b82.sorted_genome_alignments.bam,150315416,144686534,5628882,0.037447137
UNCID_2079356.0baf2ded-0f46-4e37-83ae-9e0b99af41c9.sorted_genome_alignments.bam,139492411,135456183,4036228,0.028935108
UNCID_2079373.31c9c8be-6cde-4db6-b9fd-6173b41bedc8.sorted_genome_alignments.bam,138241740,133927499,4314241,0.031207948
UNCID_2079449.5c6d857a-55c1-4365-b8de-bde7e769ce77.sorted_genome_alignments.bam,154424236,149422259,5001977,0.03239114
UNCID_2079492.36bb7b6e-9a6f-4215-b362-93b6db73c819.sorted_genome_alignments.bam,126048934,113370793,12678141,0.100581104
UNCID_2079493.28e2f8ef-14bf-4965-82a5-1d2e33a19af3.sorted_genome_alignments.bam,123507157,119951468,3555689,0.028789336
UNCID_2079494.173a2cc4-0d27-4a27-857f-97a0e53fa8d1.sorted_genome_alignments.bam,128376561,124022740,4353821,0.033914454
UNCID_2079512.6a2cafbb-2824-4727-b950-0c2bdcf26358.sorted_genome_alignments.bam,120325060,113894258,6430802,0.053445242
UNCID_2079623.b3d02a68-fde3-42cd-8ca2-7e3565f85632.sorted_genome_alignments.bam,140356093,136161254,4194839,0.029887117
UNCID_2079627.59b320d5-a277-4723-b9f0-d1e7fe2a20af.sorted_genome_alignments.bam,150859902,145755785,5104117,0.03383349
UNCID_2081797.dff668bd-b423-4ab8-961c-93c0bc093763.sorted_genome_alignments.bam,126621582,118614217,8007365,0.063238548
UNCID_2082662.2bd4aa66-5a09-4bac-bfd0-fc3519d398a1.sorted_genome_alignments.bam,115811674,112347940,3463734,0.029908332
UNCID_2082920.586c18a6-7278-4200-9d64-20b2c7ccbc60.sorted_genome_alignments.bam,110587163,105653316,4933847,0.044615007
UNCID_2082950.af153b10-b6c0-4345-b242-9ad4c676e6c4.sorted_genome_alignments.bam,135826223,129985817,5840406,0.042999105
UNCID_2082979.7f9fd176-6826-4472-bf00-89632783b629.sorted_genome_alignments.bam,123851596,117709510,6142086,0.049592304
UNCID_2083076.46eaeac0-bacb-4c76-b86d-5bd912229f69.sorted_genome_alignments.bam,122864691,114030465,8834226,0.071902073
UNCID_2083127.98327e51-9e30-4d72-a4b1-19b62b4d3cd2.sorted_genome_alignments.bam,130289214,119363699,10925515,0.083855867
UNCID_2083136.a2367aee-0cd5-473e-b799-77970c0ceea3.sorted_genome_alignments.bam,117792869,113333025,4459844,0.037861749
UNCID_2083137.dfeaa69b-72ec-4a2e-8f26-7c4d826a1aa0.sorted_genome_alignments.bam,132290463,127824177,4466286,0.033761209
UNCID_2083174.809db606-7929-48aa-ae6b-c2c9597a31c7.sorted_genome_alignments.bam,124983045,116475449,8507596,0.068070001
UNCID_2083261.cf95e020-748c-474d-baba-68ca888d2f4f.sorted_genome_alignments.bam,130017543,123340984,6676559,0.051351217
UNCID_2083369.ef9e7c11-fee1-41ef-98e0-cfc3ba97e403.sorted_genome_alignments.bam,124076512,117649348,6427164,0.051800005
UNCID_2083531.5bd6ca42-16ca-484f-877f-cda4fb3f93a8.sorted_genome_alignments.bam,110400174,91378095,19022079,0.172301169
UNCID_2083611.41e90e6f-0afe-433e-a13d-cc5fc758c55b.sorted_genome_alignments.bam,129911034,125447885,4463149,0.034355427
UNCID_2083612.371eb875-89ad-4a91-a2b5-ba98c0ce2ef1.sorted_genome_alignments.bam,125600291,120078381,5521910,0.04396415
UNCID_2083783.13d4c229-cf05-4fca-a52d-798dc7894ba1.sorted_genome_alignments.bam,106245283,102687232,3558051,0.033489026
UNCID_2083832.b706b36a-2bcf-405c-aa18-30cbb54fac73.sorted_genome_alignments.bam,145404611,140234895,5169716,0.035554003
UNCID_2083899.56e6f602-0afb-434e-b28e-665d923ad781.sorted_genome_alignments.bam,124745837,115899198,8846639,0.070917308
UNCID_2083934.3bf58509-d849-492e-85cc-665f1db2ccc7.sorted_genome_alignments.bam,125696261,121124387,4571874,0.036372395
UNCID_2083958.3d39e165-1def-4a5e-b011-b2ceb033d415.sorted_genome_alignments.bam,118532024,113103848,5428176,0.045795017
UNCID_2083984.58067780-a21b-4eeb-b061-caef50ea0650.sorted_genome_alignments.bam,118498658,114207489,4291169,0.036212807
UNCID_2084067.19377cf4-aafe-449a-b10b-f637b4eef29f.sorted_genome_alignments.bam,135073365,130149809,4923556,0.036450976
UNCID_2084170.22142880-0e1a-4e12-98b1-2597e9d14def.sorted_genome_alignments.bam,117695183,113805603,3889580,0.033047912
UNCID_2084245.246ed060-8266-4c60-b1fa-781af19efef1.sorted_genome_alignments.bam,144216423,139691955,4524468,0.031372765
UNCID_2084627.9c022217-c4f7-4c0d-830f-5a85fb462e19.sorted_genome_alignments.bam,157407959,152004985,5402974,0.034324656
UNCID_2084649.8c2e4cbf-fbe0-4812-9554-e94593eefa98.sorted_genome_alignments.bam,120300186,116009996,4290190,0.035662372
UNCID_2084717.d6374d11-1eb5-45c2-8d89-706ff1c4c582.sorted_genome_alignments.bam,130673013,126337252,4335761,0.033180233
UNCID_2084731.4ca40ed6-7ba2-424f-af3e-d5cad810e297.sorted_genome_alignments.bam,139796609,135839852,3956757,0.028303669
UNCID_2084753.5cebe6df-3d34-4c61-9153-8be6fe307456.sorted_genome_alignments.bam,145765493,141287873,4477620,0.03071797
UNCID_2084829.602123eb-3790-4882-b8b1-f118838d3027.sorted_genome_alignments.bam,115665522,112054093,3611429,0.031223038
UNCID_2084879.23ac1fcb-a802-468b-8a25-639f2b221aba.sorted_genome_alignments.bam,136179064,132048901,4130163,0.030328913
UNCID_2084930.0fd0cbba-815e-4087-aa44-39c4b271ff49.sorted_genome_alignments.bam,143450413,139487290,3963123,0.027627129
UNCID_2084975.ddb29159-cbe9-4b6d-a86f-8115b859b2bb.sorted_genome_alignments.bam,113451408,108279412,5171996,0.045587764
UNCID_2085015.050080ae-44db-4056-8df1-eae4d9014ac9.sorted_genome_alignments.bam,133424643,129297166,4127477,0.030934893
UNCID_2085252.02f5dcba-bdcc-4424-aed4-195a8d551325.sorted_genome_alignments.bam,126758370,121105313,5653057,0.04459711
UNCID_2085465.658b2281-9818-48dc-846d-8cad2bae42f0.sorted_genome_alignments.bam,114966595,110364154,4602441,0.040032855
UNCID_2085515.38bb0662-ec22-4b4f-9264-69957e582b33.sorted_genome_alignments.bam,71545457,69371126,2174331,0.030390902
UNCID_2085542.9d6c70ea-ec88-4b78-a495-cd31cc048ece.sorted_genome_alignments.bam,53817495,52039233,1778262,0.033042452
UNCID_2085610.1dc20bf4-f17d-4b26-88c0-86aff9ddfc7a.sorted_genome_alignments.bam,86180035,83379926,2800109,0.032491389
UNCID_2085674.818ed3ec-2c9c-41cc-8c01-18c9a95e9a02.sorted_genome_alignments.bam,132383598,127865777,4517821,0.034126743
UNCID_2085982.bdb31196-8bc4-4c2a-bbcf-641e1916733f.sorted_genome_alignments.bam,122193393,118600466,3592927,0.029403611
UNCID_2085997.1011cb92-17a6-48b0-95ab-da22acddfb5a.sorted_genome_alignments.bam,126649024,122658736,3990288,0.031506662
UNCID_2086028.77db73b5-24ef-47a3-b54b-4457ae62d562.sorted_genome_alignments.bam,89978092,87076388,2901704,0.032249006
UNCID_2086431.923217e0-602c-4cf7-b17a-37269d9371c4.sorted_genome_alignments.bam,166650551,161391878,5258673,0.031555089
UNCID_2086565.8488db37-440c-407d-a184-72ee19632c9f.sorted_genome_alignments.bam,164068228,158296824,5771404,0.035176853
UNCID_2086636.773a978c-a52f-470b-b659-4c06de8a7e5b.sorted_genome_alignments.bam,132763824,128282892,4480932,0.033751152
UNCID_2086654.b2d5d73b-6669-438a-b6fd-0e29b7bce645.sorted_genome_alignments.bam,121437672,116374140,5063532,0.04169655
UNCID_2086687.cd0ccc13-2ce8-408e-aceb-1b363e98584f.sorted_genome_alignments.bam,155362219,150323375,5038844,0.032432879
UNCID_2086731.2db9f19e-4614-44f9-a9f5-7541d6a20369.sorted_genome_alignments.bam,151795462,147383935,4411527,0.029062311
UNCID_2086757.f31b5e70-af25-4f1a-b7e3-13f17998e7e2.sorted_genome_alignments.bam,137434429,130976269,6458160,0.046990845
UNCID_2086766.3c272b4a-154c-4ec6-8aa9-d3ebaad5a1fd.sorted_genome_alignments.bam,125795342,119052796,6742546,0.05359933
UNCID_2086813.9fc02f84-548e-42a4-8857-717cd8426575.sorted_genome_alignments.bam,129406675,125159235,4247440,0.032822418
UNCID_2086846.babc3b9e-a99f-490b-a277-ab4e6f6b5449.sorted_genome_alignments.bam,122370262,115061476,7308786,0.059726815
UNCID_2086886.6bbae4a3-71c8-4954-b14f-4e9939786886.sorted_genome_alignments.bam,145871413,141236421,4634992,0.031774505
UNCID_2086908.0b529176-051f-4822-9e4a-0c71909dfcb4.sorted_genome_alignments.bam,133177089,129270229,3906860,0.029335827
UNCID_2087132.d2b612ea-bc88-4b16-971d-6f0141bed0b9.sorted_genome_alignments.bam,149180385,143882626,5297759,0.035512437
UNCID_2087139.8f5d7af1-f59f-4b02-8485-1cded08c47c2.sorted_genome_alignments.bam,157401914,152965565,4436349,0.028184848
UNCID_2087163.e55857c5-0581-471c-ba7a-cd9b83afbc14.sorted_genome_alignments.bam,119118897,114543129,4575768,0.038413452
UNCID_2087307.8bc81bd5-9814-4a83-b78d-6d5722a1a53d.sorted_genome_alignments.bam,125485522,121719131,3766391,0.030014546
UNCID_2087410.4cbce4ad-3208-4463-a06d-75edce32ed3f.sorted_genome_alignments.bam,159768478,154352930,5415548,0.033896223
UNCID_2087422.25b2c2d1-38b6-4fa7-ab1c-c2de3b6fb2fd.sorted_genome_alignments.bam,131610564,128192416,3418148,0.025971684
UNCID_2087447.32b29d34-5d28-4b68-9d64-61290448fca5.sorted_genome_alignments.bam,167854111,163509609,4344502,0.025882607
UNCID_2087512.cc3bf52b-7b69-40c9-9358-f66cb7b1dd87.sorted_genome_alignments.bam,155933612,150844338,5089274,0.032637441
UNCID_2087527.babe74ee-b0dc-41c3-9968-2faac94addf2.sorted_genome_alignments.bam,134645370,131226968,3418402,0.025388188
UNCID_2087690.f9cc97ae-9b1a-46fa-ab38-c46bccf84380.sorted_genome_alignments.bam,124846445,121573146,3273299,0.0262186
UNCID_2087912.a7c691a2-a91d-44d0-8e91-0234cddb1e92.sorted_genome_alignments.bam,141705995,137747724,3958271,0.027932982
UNCID_2087946.c3d40f5f-e3df-4bf7-867d-7d17fa8fc3ad.sorted_genome_alignments.bam,143242554,138289390,4953164,0.034578858
UNCID_2087981.47e8bbd2-fd10-4dc8-882e-cb88ca27338d.sorted_genome_alignments.bam,137333023,133417443,3915580,0.028511569
UNCID_2087990.41d56421-a998-43b9-b319-18535315c820.sorted_genome_alignments.bam,126520840,122941390,3579450,0.028291387
UNCID_2088033.5d83ceb3-a3f0-419e-945a-a5cf49d439e9.sorted_genome_alignments.bam,144769801,140830288,3939513,0.027212257
UNCID_2088106.0856a2e8-f139-4809-a7c6-29546080c333.sorted_genome_alignments.bam,157878249,153928813,3949436,0.025015707
UNCID_2088143.12be39a5-bbae-439a-84a9-28b790e89aa9.sorted_genome_alignments.bam,134374786,130675280,3699506,0.027531251
UNCID_2088161.73e04325-b1c2-4c77-b335-f6616ac48f47.sorted_genome_alignments.bam,128357500,124503003,3854497,0.030029387
UNCID_2088207.31bd06c7-98c1-4d2e-81ff-4e210e7bba75.sorted_genome_alignments.bam,172262517,167797036,4465481,0.025922534
UNCID_2088253.c5d7af42-6394-4315-bf63-2a2c51996bec.sorted_genome_alignments.bam,142068726,137490934,4577792,0.032222377
UNCID_2088316.19c517ef-7e77-4033-9020-eef42285cb04.sorted_genome_alignments.bam,141219731,137723659,3496072,0.024756257
UNCID_2088543.6621636c-4a29-4ad3-99bc-406b1820d063.sorted_genome_alignments.bam,116443014,113730444,2712570,0.023295258
UNCID_2088599.ce3fabfc-8842-4c41-bf9a-e1c75872c8c0.sorted_genome_alignments.bam,145240518,139826383,5414135,0.037277029
UNCID_2088735.2b4e9c4e-0f22-4251-947f-0e23a1fbbe62.sorted_genome_alignments.bam,129666410,126616325,3050085,0.023522553
UNCID_2088755.c7fdad9d-8804-403c-8171-c6fff106b33d.sorted_genome_alignments.bam,138561504,132646565,5914939,0.042688184
UNCID_2088790.49d9e652-b4e1-4858-b21e-256c17623f50.sorted_genome_alignments.bam,178987177,173566647,5420530,0.03028446
UNCID_2088824.fdb289b5-14ba-4291-b997-b3b59f709052.sorted_genome_alignments.bam,122809524,118120857,4688667,0.038178366
UNCID_2088899.d3cf6983-3dfc-4533-8809-605c197fc24e.sorted_genome_alignments.bam,135016261,131688245,3328016,0.024649001
UNCID_2088939.76f171dd-1980-4504-8dc2-d8c8264458c9.sorted_genome_alignments.bam,137215003,132962086,4252917,0.030994548
UNCID_2088949.bd0752a4-59b6-4f0d-b08c-45d12ae97a3e.sorted_genome_alignments.bam,133677277,129266476,4410801,0.032995892
UNCID_2089085.8022301e-d815-4601-922b-027399c9d279.sorted_genome_alignments.bam,120803138,117151482,3651656,0.030228155
UNCID_2089154.74ba151c-f3c8-4f11-8940-1cefb87570a7.sorted_genome_alignments.bam,132572027,127685338,4886689,0.036860634
UNCID_2089421.c38bbaa0-6752-4301-9e44-c1cd13c03625.sorted_genome_alignments.bam,131619842,128389131,3230711,0.024545775
UNCID_2089435.20da407e-268c-4a10-9d1f-751974e09067.sorted_genome_alignments.bam,123013095,119215344,3797751,0.030872738
UNCID_2089451.88c0efcd-cbd2-4c36-b19e-dcb675c4aaae.sorted_genome_alignments.bam,129025007,126028836,2996171,0.02322163
UNCID_2089458.4d601c2f-824f-461e-9270-42db0ab9138e.sorted_genome_alignments.bam,128405595,125110184,3295411,0.025664076
UNCID_2089491.96c1cfef-0507-46f5-a007-d0f7369cced5.sorted_genome_alignments.bam,139952282,135333180,4619102,0.033004835
UNCID_2089519.4be53c32-b222-44dd-b0b9-6a935591380a.sorted_genome_alignments.bam,133290830,129800775,3490055,0.026183759
UNCID_2089535.a5118740-bf71-47e8-a2e3-506792865c90.sorted_genome_alignments.bam,145465824,142259874,3205950,0.022039197
UNCID_2089560.ac3caaa0-3464-4a39-aa98-fe0e82d6d36c.sorted_genome_alignments.bam,132724391,128961121,3763270,0.02835402
UNCID_2089577.16f90247-c9a5-40d5-a3a1-08bba2d1d266.sorted_genome_alignments.bam,126636490,122933745,3702745,0.029239163
UNCID_2089656.6ab37abf-8cc9-4274-bf5c-f08ec3f4d136.sorted_genome_alignments.bam,136289366,130400498,5888868,0.043208566
UNCID_2089686.9c9dcb46-e9c5-4a85-9bf5-00d7cd9e871b.sorted_genome_alignments.bam,146954508,140825654,6128854,0.041705791
UNCID_2089755.9c949f30-455e-48a6-ae31-73f26c609ffd.sorted_genome_alignments.bam,126301046,118576268,7724778,0.061161631
UNCID_2089988.69fbadaa-5a9f-4fc6-b676-e938179ee830.sorted_genome_alignments.bam,133174742,127913506,5261236,0.03950626
UNCID_2090012.b774f929-57f2-4f5a-9080-82b390a7a7f9.sorted_genome_alignments.bam,112443344,106937531,5505813,0.048965219
UNCID_2090045.0a9af348-b2a7-4fad-b939-7eda53e4f5a0.sorted_genome_alignments.bam,134280602,130884945,3395657,0.02528777
UNCID_2090065.fefa50dc-29a7-4c27-a735-ab6eb500a5d5.sorted_genome_alignments.bam,162306691,156223980,6082711,0.03747665
UNCID_2090194.eb279337-8251-4442-905c-8a4be743f057.sorted_genome_alignments.bam,186514287,178133517,8380770,0.044933662
UNCID_2090354.f141342e-fbed-4ccf-8e4a-7299397e6e77.sorted_genome_alignments.bam,114208242,110198542,4009700,0.035108675
UNCID_2090382.8d1c5ea4-08dd-4f4f-9876-ca5316e233b5.sorted_genome_alignments.bam,131131093,126606779,4524314,0.034502221
UNCID_2090431.e7517bb2-68d3-49c5-b298-4203845ae7db.sorted_genome_alignments.bam,146209334,140849816,5359518,0.03665647
UNCID_2093481.f3320aca-c30a-4542-9778-2fd278d9bb83.sorted_genome_alignments.bam,101320250,98372554,2947696,0.029092861
UNCID_2093680.4e0401b2-6ad4-4709-aa43-f2af0afef259.sorted_genome_alignments.bam,102134491,99338474,2796017,0.027375835
UNCID_2093707.50fdf7c3-0e77-4013-ae2b-0e7c70b8d3e3.sorted_genome_alignments.bam,122099886,118637145,3462741,0.028359904
UNCID_2093750.d68e2da7-7bd4-4510-8751-02e9f16ad4e6.sorted_genome_alignments.bam,128571229,123353425,5217804,0.040582983
UNCID_2093752.9557fb82-baa4-4adf-a33e-7c50774fb604.sorted_genome_alignments.bam,156119095,148554147,7564948,0.048456263
UNCID_2094401.0aba0f10-05b2-4045-822b-045f61457427.sorted_genome_alignments.bam,214371093,208760249,5610844,0.02617351
UNCID_2095771.fa1f8758-485c-4148-87b7-af891f652f48.sorted_genome_alignments.bam,109166445,105794970,3371475,0.030883803
UNCID_2095990.f1e23b9a-a79f-439c-a4b9-58fbe9899e98.sorted_genome_alignments.bam,140158546,135484349,4674197,0.033349354
UNCID_2096089.3fd8286a-b9a6-42b8-9ecd-7ed96744251a.sorted_genome_alignments.bam,156641667,152262241,4379426,0.027958244
UNCID_2096351.01a7643f-d7be-40e8-bdc1-562d825e8ba8.sorted_genome_alignments.bam,94573959,91518178,3055781,0.032311019
UNCID_2096352.3f4ab9a7-3a43-4601-a21f-2ee63b10efee.sorted_genome_alignments.bam,79503225,76794027,2709198,0.03407658
UNCID_2096408.04beffef-0cd3-4935-8f2e-9e11c5638973.sorted_genome_alignments.bam,92133128,84682837,7450291,0.08086441
UNCID_2096552.a66ddf41-6af9-47c0-952b-688aac83c8c8.sorted_genome_alignments.bam,167876323,163283314,4593009,0.027359481
UNCID_2096627.2e96d65b-0247-40fc-a0e3-90fcb6feac3d.sorted_genome_alignments.bam,158535040,153811676,4723364,0.029793817
UNCID_2096680.d1b0c4db-59b7-47ac-b26f-fb14c5aac200.sorted_genome_alignments.bam,122432780,118087678,4345102,0.035489695
UNCID_2096712.66770b06-2cd6-4773-b8e8-5b38faa4f5a4.sorted_genome_alignments.bam,145520771,140958980,4561791,0.03134804
UNCID_2096842.ac9729e9-6565-4e11-8828-ff43b752a5b6.sorted_genome_alignments.bam,134961838,130609418,4352420,0.032249264
UNCID_2096931.72cad61d-c9cf-4507-b79a-9ecf459a119d.sorted_genome_alignments.bam,115773128,111667171,4105957,0.035465544
UNCID_2097129.13aab9d0-6c6a-41c0-b854-29e712279ee4.sorted_genome_alignments.bam,61761789,59796389,1965400,0.031822265
UNCID_2097138.dc1f01da-cff9-4b61-b743-0452e023e2a1.sorted_genome_alignments.bam,114620683,111478972,3141711,0.027409634
UNCID_2097147.e5eb0c33-c817-478c-bea2-d6d56e4a3951.sorted_genome_alignments.bam,86430507,83827965,2602542,0.030111382
UNCID_2097184.9b4f4156-947b-4c34-9153-021bc670a093.sorted_genome_alignments.bam,141536143,137069902,4466241,0.03155548
UNCID_2097243.495df33f-1359-4f56-bbf0-8f11ee8b7039.sorted_genome_alignments.bam,109124264,105797698,3326566,0.030484201
UNCID_2097312.38b432b3-c4db-43ba-91c5-d68343f9ec03.sorted_genome_alignments.bam,128114951,124198214,3916737,0.030572052
UNCID_2097612.0cefaa0a-0544-4ed9-89a2-0911fa2a59ae.sorted_genome_alignments.bam,147586892,143629884,3957008,0.026811378
UNCID_2097652.807abf86-60c9-42ae-a709-33e6d8709393.sorted_genome_alignments.bam,184100060,178547445,5552615,0.030160854
UNCID_2097801.ed262c5b-6993-4bcf-a5f7-41c3866ddfc7.sorted_genome_alignments.bam,261809019,254321863,7487156,0.028597777
UNCID_2099647.9ed0c69e-a7e6-4c99-8c93-541d7bde4be6.sorted_genome_alignments.bam,46042858,42920404,3122454,0.067816251
UNCID_2099825.3865d65b-930c-4979-91c5-497b72d1b7a8.sorted_genome_alignments.bam,65450215,61528991,3921224,0.059911553
UNCID_2099852.3e6da150-f9d6-405c-b297-84a070fe804d.sorted_genome_alignments.bam,115426082,111589990,3836092,0.033234187
UNCID_2099950.15a72f2f-83c5-4264-8103-5c3e28445d12.sorted_genome_alignments.bam,98067111,91962172,6104939,0.062252665
UNCID_2100124.cdb1c4a5-5d21-4ab7-aeb3-e65dc5d739c6.sorted_genome_alignments.bam,118070196,113890691,4179505,0.035398476
UNCID_2100196.cccf48e7-af9d-4039-9ed1-ae859f692678.sorted_genome_alignments.bam,186755711,181825930,4929781,0.026396949
UNCID_2100268.3101309f-f0e5-42d8-88ca-a44d37d240f0.sorted_genome_alignments.bam,217387147,203244651,14142496,0.065056726
UNCID_2100288.e2a9aab4-6aa4-4609-a659-18de75283081.sorted_genome_alignments.bam,99402522,95248276,4154246,0.041792159
UNCID_2100350.830be6d6-82f7-4085-88a4-060f01c267fb.sorted_genome_alignments.bam,138855204,134890225,3964979,0.028554774
UNCID_2100445.76ba2e2d-7799-4a6c-8074-0320ad7196b6.sorted_genome_alignments.bam,172093765,165269620,6824145,0.039653645
UNCID_2100731.16336ca0-8d66-4a19-8a1a-3778aac6f291.sorted_genome_alignments.bam,327114613,312140714,14973899,0.045775696
UNCID_2101089.ee589fc8-daf6-4da9-9708-f18a86b96b22.sorted_genome_alignments.bam,114860033,108998671,5861362,0.051030475
UNCID_2101090.1463072d-57f0-4b60-9a6f-e61567ce0c46.sorted_genome_alignments.bam,116050209,109869756,6180453,0.053256716
UNCID_2101091.a6029e8e-f375-4843-989c-745b2bc64f94.sorted_genome_alignments.bam,118096932,111413487,6683445,0.056592876
UNCID_2101141.440b70b1-0313-4c54-bfb4-e1f44a336aba.sorted_genome_alignments.bam,103601091,99001233,4599858,0.044399706
UNCID_2101160.7729ed42-e15f-4881-ada8-dd71457197e0.sorted_genome_alignments.bam,126656869,120530978,6125891,0.048366038
UNCID_2101182.362c086d-ce73-408a-afcf-f129d54af1e9.sorted_genome_alignments.bam,146240209,141656231,4583978,0.031345538
UNCID_2101183.0a8dbb5b-77b8-4eda-a67c-8cf842c12d53.sorted_genome_alignments.bam,158135378,131490689,26644689,0.168492904
UNCID_2101184.87f18dcb-093e-4dac-91e1-73183fc6a0d9.sorted_genome_alignments.bam,146875126,139888295,6986831,0.047569872
UNCID_2101185.ba2a4e28-8085-4721-a72c-2f26b49b6776.sorted_genome_alignments.bam,170789612,162680408,8109204,0.047480663
UNCID_2101299.cd60a525-6c86-4107-8ced-fa2a5a5af0d5.sorted_genome_alignments.bam,270400521,259796436,10604085,0.039216215
UNCID_2101535.1a270e7a-4611-41ee-9bfe-c123a45049f5.sorted_genome_alignments.bam,129353310,121288254,8065056,0.06234905
UNCID_2102030.d1f64089-b3d5-490f-8800-d8b82cc7469c.sorted_genome_alignments.bam,157897402,149918901,7978501,0.050529653
UNCID_2102053.fe68b038-e3af-4106-9358-0717d90dbc76.sorted_genome_alignments.bam,169348985,161670864,7678121,0.045339044
UNCID_2102359.4ab07cc2-d5a1-48b5-a974-08bc48090920.sorted_genome_alignments.bam,111604298,106829476,4774822,0.042783496
UNCID_2102638.5e4388cd-137c-4969-b273-7d067195c466.sorted_genome_alignments.bam,142381497,133664450,8717047,0.061223173
UNCID_2102668.621db48c-a6ba-4cd6-8c58-24a87d4b44b4.sorted_genome_alignments.bam,142965209,133530549,9434660,0.065992699
UNCID_2103029.18ffe99a-7e67-4ecc-9729-5aaa6efc7fbf.sorted_genome_alignments.bam,160129633,153646654,6482979,0.040485817
UNCID_2104070.eb7105cb-db03-4c01-b806-b9f613564a22.sorted_genome_alignments.bam,147182837,141448239,5734598,0.03896241
UNCID_2104757.79fd09d5-1323-4370-b6fb-b8c01d9db6e9.sorted_genome_alignments.bam,168415202,158429991,9985211,0.05928925
UNCID_2105349.ca467949-9170-4c3f-8e67-5b7762d31d4a.sorted_genome_alignments.bam,134987713,131388926,3598787,0.026660108
UNCID_2105681.deb03cb1-f179-4be6-9a80-10f6cb852118.sorted_genome_alignments.bam,139959216,136433453,3525763,0.02519136
UNCID_2106289.a63458a8-5d84-4689-9fd9-ec0f29d8e505.sorted_genome_alignments.bam,87821708,85449814,2371894,0.02700806
UNCID_2106978.628fb2b6-09b2-4460-8815-fda9b89ac0c2.sorted_genome_alignments.bam,93217786,88904474,4313312,0.046271341
UNCID_2109840.eaf5ff83-0419-4f44-bec0-93f8517a56c9.sorted_genome_alignments.bam,90133739,79600513,10533226,0.116862189
UNCID_2110014.d793a609-add1-4029-87fe-1e5c8cf0e173.sorted_genome_alignments.bam,168489227,150702596,17786631,0.10556539
UNCID_2110052.ae424bbe-6970-4afc-aa3b-7ae842f9a9d9.sorted_genome_alignments.bam,109535837,103421313,6114524,0.055822132
UNCID_2110089.db3429ba-32b0-40ef-bc81-ad0a8b097610.sorted_genome_alignments.bam,115866680,109086451,6780229,0.058517505
UNCID_2110104.c6b592eb-d131-4344-9135-7d9964143c28.sorted_genome_alignments.bam,133678295,127264189,6414106,0.047981656
UNCID_2113650.e70e1882-b4be-4ed6-9c2d-4e8c84fde633.sorted_genome_alignments.bam,114340096,109100484,5239612,0.0458248
UNCID_2113723.a6c39216-f81d-49fb-a0ea-fdcc4498ef03.sorted_genome_alignments.bam,127851177,124056709,3794468,0.029678788
UNCID_2113822.159474f4-6c46-4f61-9ff7-06534563a45e.sorted_genome_alignments.bam,140512665,136281616,4231049,0.030111513
UNCID_2113930.90f0894e-91d4-49d8-b9c3-4bd5a73aaab6.sorted_genome_alignments.bam,148537598,141957836,6579762,0.044296946
UNCID_2113942.8aba6f2e-3772-4c3d-a3bf-3dd214c36235.sorted_genome_alignments.bam,154630458,147398629,7231829,0.046768464
UNCID_2114049.7bfcca01-2c84-4dd6-9781-7f1be17ce0f0.sorted_genome_alignments.bam,151603084,146077953,5525131,0.036444714
UNCID_2114058.584307d6-c6a0-4f69-b5ae-34a9d66dd10c.sorted_genome_alignments.bam,156907396,151508323,5399073,0.034409296
UNCID_2114091.e7e86373-4d0a-4e3e-9209-3d6beaa448b1.sorted_genome_alignments.bam,141969336,135929958,6039378,0.042540017
UNCID_2114100.50b4f1de-010d-4cbb-b140-9b86af6a7e59.sorted_genome_alignments.bam,146192297,141225384,4966913,0.033975203
UNCID_2114103.d4088bb7-b9cb-4d1b-bec3-4e8a230b7c04.sorted_genome_alignments.bam,127782128,120708910,7073218,0.055353735
UNCID_2114123.fc25de3e-e364-4e5b-aa61-a06353bba212.sorted_genome_alignments.bam,150534130,143487792,7046338,0.046808906
UNCID_2114124.03833ac9-5483-4ae8-a108-24f2aa63feed.sorted_genome_alignments.bam,164839180,156818394,8020786,0.04865825
UNCID_2114157.a80a6064-0b35-4132-b93e-3ce8ae9eed4b.sorted_genome_alignments.bam,146513376,138923487,7589889,0.051803386
UNCID_2114184.8e5750ac-5a31-4e86-a635-d0842320ebdb.sorted_genome_alignments.bam,149116448,143922263,5194185,0.034833079
UNCID_2114205.f2e47c09-469f-42b3-b309-e2ffc5483f82.sorted_genome_alignments.bam,151419613,145958288,5461325,0.036067488
UNCID_2114237.5c465e7d-fb8b-4b59-82e8-fba4535e5af0.sorted_genome_alignments.bam,147569067,142074207,5494860,0.037235852
UNCID_2114254.ba2489c7-7b74-4495-8c3a-b6c00886d438.sorted_genome_alignments.bam,150370121,141674871,8695250,0.05782565
UNCID_2114266.6b0e1d8f-1575-4e76-a0e5-7820c37b5db2.sorted_genome_alignments.bam,144278554,137306043,6972511,0.048326732
UNCID_2114267.0b008d55-f6c2-4fc4-bb20-2bb02f8dbbfe.sorted_genome_alignments.bam,158965149,153895041,5070108,0.031894463
UNCID_2114308.ace88000-3521-402e-986c-3b74560aaf5a.sorted_genome_alignments.bam,166034082,159038266,6995816,0.042134819
UNCID_2114322.b197b605-5323-4d94-a232-d7b98b2454d5.sorted_genome_alignments.bam,143778216,138751998,5026218,0.034958133
UNCID_2114369.54fe4146-6557-457a-90c5-73cfe7d849d4.sorted_genome_alignments.bam,158392608,149826305,8566303,0.05408272
UNCID_2114516.b658fcd0-13d5-42f0-8fc3-789c3db5af32.sorted_genome_alignments.bam,163749417,156548543,7200874,0.04397496
UNCID_2114997.e3acad0b-f296-4aed-b08f-e88a3d5f9bf3.sorted_genome_alignments.bam,135927361,130532459,5394902,0.039689596
UNCID_2115269.eb398b00-8669-4c22-8285-03cdf76436f3.sorted_genome_alignments.bam,270414906,264341414,6073492,0.022459901
UNCID_2115314.6fc0166f-628f-4ff4-9f50-99ecc4c54337.sorted_genome_alignments.bam,76139791,68426044,7713747,0.101310325
UNCID_2115388.538ad820-310d-4463-83a2-44ce1cac920c.sorted_genome_alignments.bam,83715252,80455742,3259510,0.038935677
UNCID_2115430.6028a290-48e8-400f-9ab6-39beda6051cd.sorted_genome_alignments.bam,90113609,80502354,9611255,0.106657087
UNCID_2115513.4a0b6e3c-a167-4ca6-876b-6fb82fa8fdb6.sorted_genome_alignments.bam,101999995,98918415,3081580,0.03021157
UNCID_2115650.c394bf58-ce01-4ad3-a0f7-f2c5a251356d.sorted_genome_alignments.bam,137347084,132636472,4710612,0.034297139
UNCID_2115665.370c2202-46b7-4721-a1db-ee80f6ca7782.sorted_genome_alignments.bam,115104969,111231051,3873918,0.033655524
UNCID_2115816.341d1383-93bd-42d7-80ad-5dba732c1925.sorted_genome_alignments.bam,146422759,141435795,4986964,0.034058667
UNCID_2115861.8c610081-9e45-4970-bff6-966aff8a7948.sorted_genome_alignments.bam,150617213,144834377,5782836,0.038394257
UNCID_2116077.cc85d7b0-8421-4ea1-b647-92d3d0bbe550.sorted_genome_alignments.bam,147622155,142743105,4879050,0.033050933
UNCID_2116160.f078ae6b-598a-43e3-a49d-61819e00a906.sorted_genome_alignments.bam,155027640,149267361,5760279,0.037156464
UNCID_2116237.a83e6d94-8bef-4ffe-889a-2eecc4b97cae.sorted_genome_alignments.bam,234684921,226469839,8215082,0.035004729
UNCID_2118675.364051c3-87fd-4f4a-b2ae-8cc6cf883407.sorted_genome_alignments.bam,293136921,263160036,29976885,0.1022624
UNCID_2119968.15758673-e515-438b-bd9b-26529dc6b673.sorted_genome_alignments.bam,48456077,46732704,1723373,0.035565673
UNCID_2120017.29cf10cc-a176-45f5-a570-bba7b569d4f9.sorted_genome_alignments.bam,49650119,48246690,1403429,0.028266377
UNCID_2120035.1a381da2-9979-4e40-95c4-31860e32ac6c.sorted_genome_alignments.bam,50622942,48852581,1770361,0.034971515
UNCID_2120156.85f0c41e-c864-482a-b6f4-eac3e505afc1.sorted_genome_alignments.bam,53503098,51479531,2023567,0.037821492
UNCID_2120172.67cab911-4a5a-410b-87f5-22393125e768.sorted_genome_alignments.bam,58751434,57150206,1601228,0.027254279
UNCID_2120225.d0bc7698-a2fe-44ca-8d33-8ccc4d5eacd9.sorted_genome_alignments.bam,63288807,61037307,2251500,0.035575011
UNCID_2120546.636bbdfd-25de-4068-921c-8982bed31c8c.sorted_genome_alignments.bam,90067662,85981496,4086166,0.045367737
UNCID_2120618.5db439d8-0190-4417-abf8-59b8cf25a168.sorted_genome_alignments.bam,101103205,98181035,2922170,0.028902842
UNCID_2120717.23d7ce5f-3da1-4613-9607-d64ab3798c53.sorted_genome_alignments.bam,95043399,91434542,3608857,0.037970622
UNCID_2120745.1d0f2179-a8a3-4a29-ace9-b627d0338b10.sorted_genome_alignments.bam,109254777,106405392,2849385,0.026080187
UNCID_2120847.c9816883-ad45-4699-aafc-14247f03bbff.sorted_genome_alignments.bam,143619104,137767414,5851690,0.04074451
UNCID_2120877.327ce5b0-ebfe-42f0-a277-a730dc467831.sorted_genome_alignments.bam,131779364,125450920,6328444,0.048023027
UNCID_2120945.61f2a72b-a643-4c06-bdeb-ce77d4ce9bc1.sorted_genome_alignments.bam,128151279,123555181,4596098,0.035864628
UNCID_2120991.272a19bb-8dc3-499e-b17f-2b0f58626c8e.sorted_genome_alignments.bam,138849490,133213451,5636039,0.040590995
UNCID_2121054.b254c0ed-6844-4298-89a9-d436a0c38ca8.sorted_genome_alignments.bam,145282019,139270106,6011913,0.041380985
UNCID_2121086.c57a55f6-bce1-4d76-8edc-6a4f78056bdc.sorted_genome_alignments.bam,117902129,111572477,6329652,0.053685646
UNCID_2121116.9f1395e0-478f-49dd-8814-1ee57308db0d.sorted_genome_alignments.bam,167510091,161528878,5981213,0.035706583
UNCID_2121126.47964b92-bd93-45b1-97c9-194da4c9dccb.sorted_genome_alignments.bam,143342317,138301138,5041179,0.035168812
UNCID_2121201.44dfb04b-bb65-43b6-98b3-b34fba958e37.sorted_genome_alignments.bam,157857757,152225411,5632346,0.035679881
UNCID_2121278.df99cfd8-0e22-4c24-b8e6-038fb8a9c1b8.sorted_genome_alignments.bam,178821052,172045615,6775437,0.037889482
UNCID_2121361.0bb6e848-b69a-465d-9039-1aa75d98815f.sorted_genome_alignments.bam,143201344,137351992,5849352,0.040847047
UNCID_2121534.f8dc8adc-22a6-4b4d-afd7-53a7c766c8cf.sorted_genome_alignments.bam,111027780,107262372,3765408,0.033914107
UNCID_2121573.76e9e0bd-c2d9-4659-b71e-c913094adc93.sorted_genome_alignments.bam,114800127,110794892,4005235,0.034888768
UNCID_2121574.56947d0d-2959-4746-9955-e085fd9afc32.sorted_genome_alignments.bam,133298345,127795878,5502467,0.041279335
UNCID_2121586.165b20b1-cf41-442d-b08c-03bda738830a.sorted_genome_alignments.bam,126923295,121787429,5135866,0.040464329
UNCID_2121607.eaf753de-dd57-49bf-b0ad-ffc019fdbef3.sorted_genome_alignments.bam,131941868,127001280,4940588,0.037445188
UNCID_2121668.1b4f8b52-3d0b-4ba4-b1b8-be045cd67f86.sorted_genome_alignments.bam,115772447,111622045,4150402,0.035849653
UNCID_2121688.1cd8c21c-72a5-40df-9b65-3006bebdfa86.sorted_genome_alignments.bam,135234264,127826113,7408151,0.054780133
UNCID_2121715.6c120b12-014b-4722-9b9d-b37de6d3d8c0.sorted_genome_alignments.bam,155446443,146454656,8991787,0.05784492
UNCID_2121863.96a39ec9-1d40-46f2-8681-9aaa75a9d77f.sorted_genome_alignments.bam,119863274,112003870,7859404,0.065569742
UNCID_2121864.59425df4-da6f-4d4f-a417-7f35c87740ab.sorted_genome_alignments.bam,116692772,111515537,5177235,0.044366373
UNCID_2121865.425af988-b4b8-4476-ba67-8fc7148f4452.sorted_genome_alignments.bam,146215469,141144538,5070931,0.034681221
UNCID_2121873.cad49182-6517-442a-af4a-962e110826f9.sorted_genome_alignments.bam,136131420,130589918,5541502,0.040707002
UNCID_2121888.5cd0eb59-abe2-4932-84d1-e76de485b53e.sorted_genome_alignments.bam,142333457,137454252,4879205,0.034280099
UNCID_2122780.056147b5-8802-4981-9774-5fce244c4db3.sorted_genome_alignments.bam,128919081,123794153,5124928,0.03975306
UNCID_2122804.20179843-10c8-48ea-bffe-6a9e756be0ac.sorted_genome_alignments.bam,113658266,107734985,5923281,0.052114828
UNCID_2123889.4548b282-a56a-4e93-989f-5e093122aa6d.sorted_genome_alignments.bam,188497456,181581230,6916226,0.036691349
UNCID_2133857.8e63ada3-97ca-46ab-984d-6a71a4e4e440.sorted_genome_alignments.bam,143172376,138844026,4328350,0.03023174
UNCID_2133865.3fd3dae2-aeeb-4d42-abcd-7ff49079e909.sorted_genome_alignments.bam,146261289,141844385,4416904,0.030198722
UNCID_2134476.ebc120e7-d75d-425a-b9af-aa0e76520642.sorted_genome_alignments.bam,118650916,114133253,4517663,0.038075248
UNCID_2134565.20938e21-2846-4553-98eb-6b005b6600c3.sorted_genome_alignments.bam,138243606,133901014,4342592,0.031412607
UNCID_2134618.eeda9161-2cf5-4ae2-b8ca-99bd13c053e4.sorted_genome_alignments.bam,130200103,126184476,4015627,0.030841965
UNCID_2134710.48dd74fe-11ff-4514-87b3-1569e9606c73.sorted_genome_alignments.bam,136444466,132415222,4029244,0.029530285
UNCID_2134737.12c2e11c-8ba3-4cce-8c28-c005edc4e4cc.sorted_genome_alignments.bam,130153585,126557670,3595915,0.027628244
UNCID_2134800.1fe73f5c-591d-4c55-ae0e-a67afb64f872.sorted_genome_alignments.bam,141863012,137366689,4496323,0.031694823
UNCID_2134817.881f6b71-7088-42c8-bfec-c86943715b56.sorted_genome_alignments.bam,126768082,122755519,4012563,0.031652786
UNCID_2134922.3e28c232-4f00-446e-8e2c-13b7ce533442.sorted_genome_alignments.bam,138322628,134316123,4006505,0.028964928
UNCID_2134944.20f7acf8-7813-4ec8-af92-19f92d875a58.sorted_genome_alignments.bam,144633918,140814312,3819606,0.026408785
UNCID_2134962.0ffc0b01-bc1c-4277-8fc4-865590dcc461.sorted_genome_alignments.bam,129312263,125607035,3705228,0.028653338
UNCID_2135030.908285b8-1e2e-4aed-86df-2aaeb1bcefea.sorted_genome_alignments.bam,132224763,128208766,4015997,0.030372503
UNCID_2135045.a499a77e-4584-4cab-a7d9-3d0b42ed4dd8.sorted_genome_alignments.bam,149105139,145062444,4042695,0.027113049
UNCID_2135065.d979c964-68e1-4ea4-a473-69b69cba8e5c.sorted_genome_alignments.bam,125216375,121465033,3751342,0.029958877
UNCID_2135185.26861b93-29de-42df-80d6-23260d450391.sorted_genome_alignments.bam,130979477,126731983,4247494,0.032428699
UNCID_2135257.7fae0485-2028-47e3-a3e1-248257fcc02e.sorted_genome_alignments.bam,133778640,129376594,4402046,0.032905447
UNCID_2135405.c51255ac-840d-44c2-87ae-ed91cc635e85.sorted_genome_alignments.bam,131374937,127519622,3855315,0.029345894
UNCID_2135477.83b02107-0c7c-450d-84aa-9ed4e1d755c5.sorted_genome_alignments.bam,122705033,118982092,3722941,0.030340573
UNCID_2135629.79922276-6e00-4f17-851f-554f52f71520.sorted_genome_alignments.bam,127608818,123506929,4101889,0.032144244
UNCID_2135643.b38350db-b102-4a38-9edb-0089ca95840b.sorted_genome_alignments.bam,122963376,119181177,3782199,0.030758744
UNCID_2135717.613b606c-0d1e-49ff-bd2b-30fa17b14fb6.sorted_genome_alignments.bam,112703095,109581701,3121394,0.027695726
UNCID_2135740.a9e18d77-7074-49d6-b686-fa7d3463d156.sorted_genome_alignments.bam,133402538,129079707,4322831,0.032404413
UNCID_2135819.421bbd6b-fb2a-4a6d-a298-057c1b65f041.sorted_genome_alignments.bam,159714664,154586260,5128404,0.032109788
UNCID_2135835.79d5f928-67b2-4db0-b018-a52889200dd3.sorted_genome_alignments.bam,145538135,141037767,4500368,0.03092226
UNCID_2135894.bf46c30c-14fa-4e2a-a013-4e84f24eb63b.sorted_genome_alignments.bam,149853587,145624266,4229321,0.028223021
UNCID_2135951.ba7eb097-85ab-40fd-86dc-1e5aeb388843.sorted_genome_alignments.bam,122806345,118736189,4070156,0.03314288
UNCID_2135992.d268f4e1-937a-40a8-b058-a87949bedd8b.sorted_genome_alignments.bam,140687499,136716054,3971445,0.028228841
UNCID_2136188.a9444bb5-5136-4a9a-b734-167ce00dd040.sorted_genome_alignments.bam,133596784,128970827,4625957,0.03462626
UNCID_2136312.18c4e2fd-5696-4577-bd9d-019a402f7c81.sorted_genome_alignments.bam,116815438,113083957,3731481,0.031943389
UNCID_2136369.2d65394f-fb80-49ef-9f3e-f37f77ac404f.sorted_genome_alignments.bam,123241630,119326199,3915431,0.03177036
UNCID_2136426.3479eef9-e120-4723-b333-cd4623de6499.sorted_genome_alignments.bam,133836162,129661849,4174313,0.031189724
UNCID_2136546.2ab62da1-4896-4aab-b598-a95d033d93de.sorted_genome_alignments.bam,128943552,125080818,3862734,0.029956783
UNCID_2136555.3be6c54c-f606-4eba-8242-8dff705fa2d0.sorted_genome_alignments.bam,151706962,146759183,4947779,0.032614054
UNCID_2136578.702fd339-2f1b-4db8-8948-8a58f69f53fb.sorted_genome_alignments.bam,125738815,121537785,4201030,0.033410765
UNCID_2136625.db5bc4cb-f0bc-4c26-bd11-1bf918466263.sorted_genome_alignments.bam,130190106,125900948,4289158,0.032945345
UNCID_2136679.99b27a89-5e60-4b2f-8d54-2bea08ac897c.sorted_genome_alignments.bam,124390936,120273797,4117139,0.033098384
UNCID_2136689.9b4ef47f-4141-4d84-b5e8-a7b6e6c2a7ef.sorted_genome_alignments.bam,131625925,127027890,4598035,0.034932594
UNCID_2136730.d48d8c30-082c-4cbe-a26e-db4f9652b5c2.sorted_genome_alignments.bam,119601658,114104921,5496737,0.045958702
UNCID_2136818.0e4d53ba-dd42-41b7-bcfe-ff8b9b5dab07.sorted_genome_alignments.bam,138356198,134662250,3693948,0.026698826
UNCID_2136929.45c6de9f-284f-4264-9945-d6942a5168f2.sorted_genome_alignments.bam,138740014,134787170,3952844,0.028491016
UNCID_2136979.29f9f4c4-da13-4e12-926a-d3b111a7599e.sorted_genome_alignments.bam,118592498,115253746,3338752,0.028153147
UNCID_2137017.1b8f8f6d-a1c4-43b3-ae29-7fb64e512b83.sorted_genome_alignments.bam,184697738,176131515,8566223,0.046379685
UNCID_2137066.9dc972de-6fe4-46aa-a7a4-2be7708d50f7.sorted_genome_alignments.bam,133434217,129440110,3994107,0.029933154
UNCID_2137105.ce2ac3f1-b078-40ca-8894-56d323841e19.sorted_genome_alignments.bam,125092653,121770791,3321862,0.026555213
UNCID_2137193.693ee4fa-6ddc-42ce-b125-89e9661c8f8e.sorted_genome_alignments.bam,129976133,126098595,3877538,0.029832692
UNCID_2137318.ae61e232-f7b7-4b31-8cb5-d31efc782d6b.sorted_genome_alignments.bam,127657052,123803005,3854047,0.030190631
UNCID_2137606.79909da6-6a85-47ae-ae1e-e05ca22c0b9a.sorted_genome_alignments.bam,128695378,125121651,3573727,0.027768884
UNCID_2137757.b7c59af0-c0e2-4455-ab8c-2ea30b37a14f.sorted_genome_alignments.bam,147660540,141950162,5710378,0.038672336
UNCID_2137781.3afded82-2855-4d17-9ee7-a66fb5e5543a.sorted_genome_alignments.bam,146616232,142317436,4298796,0.029320055
UNCID_2137896.8e485caf-30e1-4ccd-8325-4c17da610fff.sorted_genome_alignments.bam,95086404,91932610,3153794,0.033167665
UNCID_2137908.3222c877-1ff5-4b73-a76b-9ce3130b9b2b.sorted_genome_alignments.bam,143503343,139501882,4001461,0.027884096
UNCID_2137914.51ce9c93-c640-46fb-891d-b06a98d1f156.sorted_genome_alignments.bam,132657166,128823150,3834016,0.028901688
UNCID_2137945.3cdbc075-9550-40ae-9ee7-2ef5d5301b6d.sorted_genome_alignments.bam,134906231,130671584,4234647,0.031389558
UNCID_2137969.7c34cec8-0cc8-409d-9a3d-30ef4b63583d.sorted_genome_alignments.bam,151916319,147804833,4111486,0.02706415
UNCID_2138001.1956ab9a-1a1d-46fe-9b2f-e5f908c6b462.sorted_genome_alignments.bam,131466978,127589578,3877400,0.029493338
UNCID_2138027.b75312b2-f817-4bcd-a334-4639e3a0dba6.sorted_genome_alignments.bam,139821127,135684980,4136147,0.029581703
UNCID_2138049.42e83563-54b2-4848-b657-6367e71eac65.sorted_genome_alignments.bam,137016421,133284881,3731540,0.027234254
UNCID_2138107.08dbecd4-ba05-4d62-b76c-62fddccdb167.sorted_genome_alignments.bam,127691981,123594101,4097880,0.032091913
UNCID_2138134.e551561c-5794-4358-bc9f-0a970350f865.sorted_genome_alignments.bam,138055812,134412539,3643273,0.026389856
UNCID_2138166.7c6c3d40-6de0-4b6a-85ef-bf4cefd00cda.sorted_genome_alignments.bam,159120009,154760034,4359975,0.027400545
UNCID_2138202.960b6453-c8a5-4f0d-9b4e-85406407f297.sorted_genome_alignments.bam,144223256,139143406,5079850,0.035222128
UNCID_2138229.dc1a8da9-58bf-4394-a9f8-8e14da005ba7.sorted_genome_alignments.bam,150608509,146582845,4025664,0.026729326
UNCID_2138361.261b4ef8-1e68-4179-826b-8c4122502df4.sorted_genome_alignments.bam,134796219,131509061,3287158,0.024386129
UNCID_2138371.454aa611-1004-4e70-ba50-276f75b72113.sorted_genome_alignments.bam,150627261,145145590,5481671,0.03639229
UNCID_2139778.e8f1e9bb-0c3d-4e62-a1f6-f2d352258c8e.sorted_genome_alignments.bam,128289408,122721631,5567777,0.04340013
UNCID_2139804.5ab14c08-9c7e-4eb8-83dd-96e374118ec2.sorted_genome_alignments.bam,139413193,133926815,5486378,0.039353363
UNCID_2139830.da1f25e8-297f-4f1c-8d2c-cb0815f2fdff.sorted_genome_alignments.bam,133365979,127526506,5839473,0.043785327
UNCID_2139945.e565ea3a-60d0-4db1-a963-292f5e2af690.sorted_genome_alignments.bam,126745716,121752920,4992796,0.039392227
UNCID_2139948.275381ab-7622-430a-8405-f849e6109e6f.sorted_genome_alignments.bam,131730862,126734355,4996507,0.037929661
UNCID_2140005.9e1ca236-58c8-46bd-adca-241462b17a91.sorted_genome_alignments.bam,143959624,138216549,5743075,0.039893651
UNCID_2140095.9f487e9c-1e44-4751-aa67-c56db741630d.sorted_genome_alignments.bam,157252312,149752076,7500236,0.047695553
UNCID_2143004.7d3369ab-b556-45c5-aaaf-e7cd9ac0d454.sorted_genome_alignments.bam,99620876,96041688,3579188,0.035928092
UNCID_2143050.6bce4f20-babf-4cbd-a962-6b977986e19d.sorted_genome_alignments.bam,78162085,75940524,2221561,0.028422489
UNCID_2143073.70b87c96-d585-4260-aa9a-7a5ee37d1b10.sorted_genome_alignments.bam,87982805,85094577,2888228,0.032827187
UNCID_2143123.67a0828e-86c3-4c46-b05c-104000425669.sorted_genome_alignments.bam,96642547,93406770,3235777,0.033481909
UNCID_2143141.63f6ab7c-2ef7-42a3-afda-0289383a6976.sorted_genome_alignments.bam,91722723,88972383,2750340,0.029985372
UNCID_2143262.efd6520f-20a3-416b-87ce-6a1da0da448d.sorted_genome_alignments.bam,89430622,84789486,4641136,0.051896497
UNCID_2143283.cbe8e9e4-f555-47ce-9905-d9f95637c18a.sorted_genome_alignments.bam,91134219,87603846,3530373,0.038738171
UNCID_2143441.c18bba08-b10a-4237-96a6-5f89efa59826.sorted_genome_alignments.bam,92057070,88761712,3295358,0.035796903
UNCID_2143442.d5597a19-f3ff-431b-85ba-d2f306fe2fab.sorted_genome_alignments.bam,96374990,92726827,3648163,0.037853835
UNCID_2143481.68206c96-7d72-43e9-92c8-75f6b5a3f14c.sorted_genome_alignments.bam,54189614,51849188,2340426,0.043189568
UNCID_2143482.cfa39c30-f619-4cf8-8460-31d5e5a3b3ba.sorted_genome_alignments.bam,60187003,57763541,2423462,0.040265537
UNCID_2144082.8448744c-2c5f-4a95-b517-5652f6bacc1a.sorted_genome_alignments.bam,66534613,62677332,3857281,0.05797405
UNCID_2144143.6991a561-ff49-4546-9bc7-74cca88916ae.sorted_genome_alignments.bam,90478650,87208385,3270265,0.036144052
UNCID_2144175.53390804-e59b-4e73-aee4-89daa7cde164.sorted_genome_alignments.bam,72655520,69042984,3612536,0.049721425
UNCID_2144186.e85fc5ec-7838-46c3-8767-a69f765b066d.sorted_genome_alignments.bam,76345531,73207907,3137624,0.041097677
UNCID_2144216.c2e40ad2-0d7f-4e25-a93a-f9dba30bc838.sorted_genome_alignments.bam,87400244,83709809,3690435,0.042224539
UNCID_2144232.67affce9-7c50-46c9-9f1c-f80c1dd9c888.sorted_genome_alignments.bam,103835673,99991158,3844515,0.037024992
UNCID_2144330.5c9ae88c-353f-450b-80e6-8d36d7bc8be3.sorted_genome_alignments.bam,101306315,98195344,3110971,0.030708559
UNCID_2144374.b6c575a4-ebbc-413d-955d-bb3c46ec50c2.sorted_genome_alignments.bam,87756465,84698104,3058361,0.034850549
UNCID_2144408.efd8ce67-122c-4502-8713-2f4dd768c33d.sorted_genome_alignments.bam,95852093,92669328,3182765,0.033204961
UNCID_2144462.c70685d2-1d32-44f9-9ce6-e44b229e0bb0.sorted_genome_alignments.bam,136400451,128303685,8096766,0.059360258
UNCID_2144490.e1434398-dde0-4855-adc1-24c2956d817a.sorted_genome_alignments.bam,103922133,100401006,3521127,0.033882359
UNCID_2144753.61d60013-6ffd-4c08-b03f-a8820db32397.sorted_genome_alignments.bam,94543326,90965590,3577736,0.03784229
UNCID_2144813.cc3d79b1-66a4-4f17-bdb1-c91ffab17037.sorted_genome_alignments.bam,154822429,149795785,5026644,0.032467156
UNCID_2144833.68b2e310-e0a0-4867-b9cf-69b43cbdabce.sorted_genome_alignments.bam,154739275,149837041,4902234,0.031680606
UNCID_2144849.36c36f8f-d15b-43be-a285-1f80fcfff555.sorted_genome_alignments.bam,142374184,137349189,5024995,0.035294285
UNCID_2144863.49e3ffbc-f75f-4f3d-99de-12c29ef69154.sorted_genome_alignments.bam,144463112,138696529,5766583,0.039917339
UNCID_2144956.39336e11-24de-43be-913a-c764310d1eee.sorted_genome_alignments.bam,142179575,137482321,4697254,0.033037474
UNCID_2144996.2928fe95-b646-44a3-808a-36f0751c887b.sorted_genome_alignments.bam,157070298,150487231,6583067,0.041911597
UNCID_2145067.f0461f9a-e85e-42c6-8f4b-e5974a0e78f8.sorted_genome_alignments.bam,158216583,151756816,6459767,0.040828634
UNCID_2145109.60c8c1da-fea6-41f7-ba5b-33afba1ef301.sorted_genome_alignments.bam,136369399,131333963,5035436,0.03692497
UNCID_2145143.d5a1b1c5-f790-4733-a8f5-09372d695688.sorted_genome_alignments.bam,138335567,133377908,4957659,0.03583792
UNCID_2145257.73fee5d0-d326-484c-95c6-c40c987c6917.sorted_genome_alignments.bam,149745659,143473263,6272396,0.041886997
UNCID_2145439.223e2af0-95a2-49f2-84a2-13379cf72ea9.sorted_genome_alignments.bam,127234346,122063270,5171076,0.040642139
UNCID_2145446.bb6e0e73-ff48-4627-bce6-f672c06b7de4.sorted_genome_alignments.bam,132551962,126408597,6143365,0.046346843
UNCID_2145518.a818d2cc-4d45-40df-bfcb-9fa08ebf8490.sorted_genome_alignments.bam,170081188,165029980,5051208,0.029698805
UNCID_2145661.f72bfbe6-411d-412e-aaab-1a2414e544ec.sorted_genome_alignments.bam,150299622,145388617,4911005,0.032674766
UNCID_2145666.ba350477-3c49-4258-8409-f39447687497.sorted_genome_alignments.bam,204658403,194037610,10620793,0.051895221
UNCID_2145737.ef3db400-ac1d-42e2-ad80-47cda1baa489.sorted_genome_alignments.bam,149888294,145354359,4533935,0.03024876
UNCID_2145802.64934de4-399f-4fbc-b283-979ab40addbc.sorted_genome_alignments.bam,131754866,127841644,3913222,0.029700778
UNCID_2145822.59eb3b91-d706-45de-9bbe-92b32629c58c.sorted_genome_alignments.bam,164240342,158375183,5865159,0.03571083
UNCID_2145969.37e88158-0743-45b8-87cf-1d7fe878527f.sorted_genome_alignments.bam,150780997,145666602,5114395,0.033919361
UNCID_2146264.8ab4c4ac-e348-4fa7-b15b-1b640d771fae.sorted_genome_alignments.bam,124027991,120658263,3369728,0.027169093
UNCID_2146368.a70e4d3e-993e-4ab7-95b9-1c52f452ef63.sorted_genome_alignments.bam,151438838,147479106,3959732,0.026147401
UNCID_2146406.62428588-d744-40ee-9318-f09c64e95898.sorted_genome_alignments.bam,166472182,162087247,4384935,0.026340347
UNCID_2146583.bd4be8e6-c06f-493f-84f4-e434be3a24d4.sorted_genome_alignments.bam,131476206,126876005,4600201,0.034988848
UNCID_2146603.3b07667b-295b-41c9-a3b7-28ebb409fef1.sorted_genome_alignments.bam,143104910,139204341,3900569,0.02725671
UNCID_2146640.896ab3e0-3ea4-4459-b0bf-9ccd6b74578c.sorted_genome_alignments.bam,148594201,144385612,4208589,0.0283227
UNCID_2146651.8e85bc75-8765-4c92-b167-94ed8390f5e9.sorted_genome_alignments.bam,128866023,125201790,3664233,0.028434438
UNCID_2146723.1b2499f7-bb3e-472a-8216-68b2e137357c.sorted_genome_alignments.bam,133887108,130234883,3652225,0.027278392
UNCID_2146815.9c49cf78-bf9b-4562-a8c1-9e8e4203b548.sorted_genome_alignments.bam,144651365,140462842,4188523,0.028955987
UNCID_2146854.c3b5e80e-398b-4390-ae78-4f2cb9be4497.sorted_genome_alignments.bam,133607572,130305580,3301992,0.024714108
UNCID_2146897.1a52c8ac-cabd-4623-98d8-93ee225ab57a.sorted_genome_alignments.bam,144322879,139260243,5062636,0.035078541
UNCID_2146898.cabf0153-dac2-48ae-a225-19147772ddfe.sorted_genome_alignments.bam,152080519,147833103,4247416,0.027928732
UNCID_2146936.f3f33ed0-a747-45dd-8999-b1a46079a6dc.sorted_genome_alignments.bam,130473424,126455314,4018110,0.030796387
UNCID_2146946.7a6ac7a6-7668-42eb-a64d-7af67b3a7da3.sorted_genome_alignments.bam,150223232,146095029,4128203,0.027480457
UNCID_2146968.1df21d4e-5070-4d13-897a-a6f124758589.sorted_genome_alignments.bam,164222351,159592693,4629658,0.0281914
UNCID_2146985.6cf6c8d5-4883-40a2-9a5c-0041f8f073de.sorted_genome_alignments.bam,152370595,148417768,3952827,0.02594219
UNCID_2147208.6f7cf94c-44f1-4ad0-816b-6100e53ea887.sorted_genome_alignments.bam,138384154,133126351,5257803,0.037994256
UNCID_2147247.920735ec-0932-408d-8132-8a30ba8aa160.sorted_genome_alignments.bam,131347941,127544015,3803926,0.028960682
UNCID_2147252.3b2af3d9-31f1-4075-8a42-2e4f371cd0a6.sorted_genome_alignments.bam,134335763,130784310,3551453,0.026437137
UNCID_2147380.6af2d20a-bab8-4f0c-ac22-c1454619ef46.sorted_genome_alignments.bam,138495579,134749043,3746536,0.027051665
UNCID_2147558.d61e6c10-4515-4cd1-9bc7-884db524ebca.sorted_genome_alignments.bam,139008097,135031109,3976988,0.028609758
UNCID_2147578.c170e900-9e39-4164-838a-199dcaac1463.sorted_genome_alignments.bam,149982500,145605192,4377308,0.029185458
UNCID_2147721.7f765ffb-6d9d-4cfe-a5b6-8a83d8839d42.sorted_genome_alignments.bam,127584037,124026887,3557150,0.027880839
UNCID_2147948.e1522cf2-53d1-485b-bf05-0f06194da23e.sorted_genome_alignments.bam,140204902,135752351,4452551,0.031757456
UNCID_2148048.9276f521-eb07-4a11-a32a-f1f4e941ed7a.sorted_genome_alignments.bam,172809496,167705830,5103666,0.029533481
UNCID_2148128.66a1db87-e75c-403b-a923-97a0f9cd1720.sorted_genome_alignments.bam,166919540,161142282,5777258,0.034611035
UNCID_2148213.e8c57cc1-0293-433a-8076-13cfa9935ce7.sorted_genome_alignments.bam,140573734,135354961,5218773,0.037124809
UNCID_2148378.5c99d6ce-742c-427c-a252-e2ce6b7f919c.sorted_genome_alignments.bam,201640399,194871718,6768681,0.03356808
UNCID_2148491.52a9c93c-8753-4bfd-87d6-1a63a6e280af.sorted_genome_alignments.bam,166530433,161561107,4969326,0.029840348
UNCID_2152207.e589ee5b-a4a4-4585-9fc2-b395607afb16.sorted_genome_alignments.bam,70115718,67970131,2145587,0.030600656
UNCID_2152357.cdb932bf-d02c-4c3c-9e71-22eb12623977.sorted_genome_alignments.bam,123231072,118550847,4680225,0.037979261
UNCID_2152515.0b2f7f33-54eb-4f55-8e46-8ba8ec2cbc46.sorted_genome_alignments.bam,123410423,119564235,3846188,0.031165828
UNCID_2152559.180a84c1-99c0-4014-b42e-8e01f88980aa.sorted_genome_alignments.bam,144926920,137996119,6930801,0.04782273
UNCID_2152590.c92f7cf7-f63b-4f04-a391-193f65a6f8a7.sorted_genome_alignments.bam,146321215,140921616,5399599,0.036902366
UNCID_2152600.f099f7fb-f07a-4529-83dc-e7023c52a999.sorted_genome_alignments.bam,169929787,164021083,5908704,0.034771444
UNCID_2152669.bdacf802-7670-445e-a1bc-1833c833940e.sorted_genome_alignments.bam,151187223,145596511,5590712,0.036978733
UNCID_2152696.44c5a1b9-e7e0-41ae-85e2-d1f05915ce3c.sorted_genome_alignments.bam,149381179,144335214,5045965,0.033779122
UNCID_2152719.207683b6-6a60-44ef-8eb2-d26ed9a7de76.sorted_genome_alignments.bam,165198812,159819863,5378949,0.032560458
UNCID_2152811.69d7a879-cf23-44d0-8a44-050b7a3f4b03.sorted_genome_alignments.bam,158752010,154756024,3995986,0.025171247
UNCID_2152931.bf4dc301-6b99-46c3-bdc4-d85905688e05.sorted_genome_alignments.bam,162094554,156493376,5601178,0.034555004
UNCID_2152964.985c5f28-72d3-49f6-bc9b-31e565b2ba7c.sorted_genome_alignments.bam,130416322,126893348,3522974,0.027013291
UNCID_2153028.518b950c-2097-407c-afa5-a4779cb221aa.sorted_genome_alignments.bam,201245629,195492370,5753259,0.028588243
UNCID_2153634.f7e2e36f-3018-4570-9ed2-f256048a9427.sorted_genome_alignments.bam,109004971,105651053,3353918,0.030768487
UNCID_2153922.9abef075-5168-4a66-9826-fd61c94b8f6d.sorted_genome_alignments.bam,139892245,135343522,4548723,0.032515905
UNCID_2154353.88f67c46-2ebc-40d6-827f-4354560dd2d5.sorted_genome_alignments.bam,116927658,113557736,3369922,0.028820572
UNCID_2154677.e3bf3a11-d3e5-4596-82ca-64833bd3f841.sorted_genome_alignments.bam,126319917,122129657,4190260,0.033171808
UNCID_2154872.04ecdbec-f452-4bff-986c-23b414d92252.sorted_genome_alignments.bam,97735250,95246463,2488787,0.025464579
UNCID_2154976.8165e3d8-d726-49e7-966d-01e924503fa0.sorted_genome_alignments.bam,144516326,139194875,5321451,0.03682249
UNCID_2155266.50f23d00-f6fd-4b3d-aed2-0705f7ae6a17.sorted_genome_alignments.bam,154427841,149540760,4887081,0.031646373
UNCID_2155378.19101c8f-e42a-408a-9e4e-3018036c0bf0.sorted_genome_alignments.bam,139507748,135613622,3894126,0.027913331
UNCID_2155720.66d43b7a-411f-458c-b985-1802637bbb10.sorted_genome_alignments.bam,125496460,121013435,4483025,0.035722322
UNCID_2156793.3367029a-3e6f-49ef-8ff5-421aa0c71b4b.sorted_genome_alignments.bam,138609949,134243350,4366599,0.031502782
UNCID_2156831.2b35c088-4a94-44a1-9809-6666bc0c877f.sorted_genome_alignments.bam,136542352,131746584,4795768,0.035122934
UNCID_2156873.512b54a3-49c4-4dbd-b853-290500c00e81.sorted_genome_alignments.bam,152845217,147675069,5170148,0.033826037
UNCID_2156882.b6ebbe90-feb4-4e8e-9408-031db2297c1c.sorted_genome_alignments.bam,151951546,137877008,14074538,0.092625171
UNCID_2156915.ca5f547a-8ec9-4436-9878-1f1cab2fa329.sorted_genome_alignments.bam,156681906,151349907,5331999,0.034030726
UNCID_2156952.b6d9a928-0ecb-43c7-b88a-0179e524a7c2.sorted_genome_alignments.bam,158268095,153388422,4879673,0.030831691
UNCID_2156967.027f330a-6206-4fd4-8790-8bb5e0207bc1.sorted_genome_alignments.bam,132698776,128833448,3865328,0.029128588
UNCID_2156986.f873fe6d-9733-48a9-b7e0-23dc50874fbc.sorted_genome_alignments.bam,163615679,157006221,6609458,0.040396239
UNCID_2157041.159e6f18-943e-4e7b-af13-da273c52dc16.sorted_genome_alignments.bam,136584964,130371981,6212983,0.045488045
UNCID_2157042.92e94724-a03e-4b58-91b2-f309ab8dc943.sorted_genome_alignments.bam,169966449,164187408,5779041,0.034001069
UNCID_2157136.cb9ff749-d103-418f-b0f3-52ef1f5fcb7d.sorted_genome_alignments.bam,182067991,175821990,6246001,0.034305871
UNCID_2157137.025caa8f-3290-488b-b7d0-aacf769a53e4.sorted_genome_alignments.bam,167782299,162459039,5323260,0.031727185
UNCID_2157174.b7290db7-112b-494e-80f7-bb05860f6c7e.sorted_genome_alignments.bam,183030414,177952764,5077650,0.027742111
UNCID_2157207.74cbc344-560b-439b-bd14-1542ce579967.sorted_genome_alignments.bam,174928204,169450738,5477466,0.031312652
UNCID_2157268.8067d29d-a249-42b9-bd9e-de47513a4230.sorted_genome_alignments.bam,178108959,173006927,5102032,0.028645566
UNCID_2157591.246b4ac3-ceec-41c2-bab9-ed88baf668ae.sorted_genome_alignments.bam,144496341,139952053,4544288,0.031449156
UNCID_2157809.7e8935da-773b-4337-8fa2-f52ebbaceaee.sorted_genome_alignments.bam,158326486,153715287,4611199,0.029124622
UNCID_2158037.fee1bb5e-af08-43f5-a313-ebe56ceb6a37.sorted_genome_alignments.bam,145223724,123739904,21483820,0.147936022
UNCID_2158583.744e863c-e24e-4eee-b0ee-ee24f2ef7401.sorted_genome_alignments.bam,153087084,148593363,4493721,0.029354018
UNCID_2159180.a3ea8ef1-79f5-48fc-906d-dfb2b550c466.sorted_genome_alignments.bam,160976082,150102817,10873265,0.067545842
UNCID_2159285.b3c577b3-a244-4494-bd9a-44b164f22790.sorted_genome_alignments.bam,75102022,68107786,6994236,0.093129796
UNCID_2159300.0568fe26-7594-4015-b4f3-57c8a22fd9c2.sorted_genome_alignments.bam,128085532,123516676,4568856,0.035670352
UNCID_2159430.c2ea4b59-2525-4c6c-a46a-a8d0bdeef9f3.sorted_genome_alignments.bam,120104412,113529178,6575234,0.054745982
UNCID_2159529.30ddad44-9794-4b42-977b-743cc9def034.sorted_genome_alignments.bam,128410051,121676436,6733615,0.05243838
UNCID_2159540.dd53f806-9971-4f03-960c-7753d6b29904.sorted_genome_alignments.bam,131108803,126872645,4236158,0.032310248
UNCID_2159576.d2916aed-46ef-47ec-9718-f936e73fe3be.sorted_genome_alignments.bam,122020477,117657229,4363248,0.035758326
UNCID_2159589.f1a2ff30-bc18-4a82-b1a6-69f4b827fddd.sorted_genome_alignments.bam,129599242,125518488,4080754,0.031487484
UNCID_2159636.5bd1027a-26ba-4375-a09a-bf301014902c.sorted_genome_alignments.bam,140657148,134838465,5818683,0.041367844
UNCID_2159637.680579c1-690f-444a-9b6e-f76f5cdd1ae8.sorted_genome_alignments.bam,138001974,132554335,5447639,0.03947508
UNCID_2162321.e8483323-cee6-48ca-bc8d-e7b2f9e0707b.sorted_genome_alignments.bam,143325252,128299054,15026198,0.104839851
UNCID_2162393.0c8724f7-8a7e-4fc3-8100-b06b22d36a67.sorted_genome_alignments.bam,124558197,108225319,16332878,0.131126481
UNCID_2162439.a35b6840-486a-4384-a714-48f1c4fe4f04.sorted_genome_alignments.bam,95465077,74554545,20910532,0.21903855
UNCID_2163365.8c3c10a3-0fb4-4307-88ab-c8a99d0102cf.sorted_genome_alignments.bam,93953614,84800972,9152642,0.097416604
UNCID_2163697.9105777f-ef5a-4455-a762-52923fa38924.sorted_genome_alignments.bam,117441124,104077963,13363161,0.113786045
UNCID_2166242.d15202c0-099f-46c9-99c0-cc6bdf3e82b1.sorted_genome_alignments.bam,120370329,110486800,9883529,0.082109346
UNCID_2166269.05173547-1e4d-4a6d-ac36-9aaa92488a73.sorted_genome_alignments.bam,144412207,133832561,10579646,0.073260053
UNCID_2166293.b660dd38-f986-4143-9445-b66cb60f42dd.sorted_genome_alignments.bam,122207220,112987720,9219500,0.075441533
UNCID_2166301.3730c75e-f1cc-46ca-a26e-92f74858663b.sorted_genome_alignments.bam,142520889,134937797,7583092,0.053206881
UNCID_2166732.16b68870-facd-4071-ba84-b30b2c60bc81.sorted_genome_alignments.bam,133119432,124795002,8324430,0.062533545
UNCID_2166773.eba2b96d-21f8-4091-b8c4-0ef2b9c00075.sorted_genome_alignments.bam,120379706,110812743,9566963,0.079473221
UNCID_2166797.817b51f3-fa06-4c82-956e-220b4396d30b.sorted_genome_alignments.bam,197946531,165917518,32029013,0.161806387
UNCID_2166833.433eed62-f9d3-440a-bc04-f0156c70ee65.sorted_genome_alignments.bam,156203592,124526182,31677410,0.202795657
UNCID_2166849.95fd9476-083d-41d5-a7dc-a605673b82d3.sorted_genome_alignments.bam,139512305,130040817,9471488,0.067889983
UNCID_2167146.edc61caa-7008-45ba-b69b-8998ad510549.sorted_genome_alignments.bam,132652037,118709574,13942463,0.105105533
UNCID_2167189.803db8de-5812-4dca-9e0e-aaa49096fd25.sorted_genome_alignments.bam,126970417,111453851,15516566,0.122206151
UNCID_2171420.43cde130-82ef-43ca-ba81-8ab14588069c.sorted_genome_alignments.bam,150312560,142795780,7516780,0.050007664
UNCID_2171494.0df01f96-a14b-4bd9-bddb-1dab47491d2d.sorted_genome_alignments.bam,139863761,132250728,7613033,0.054431777
UNCID_2171596.c7f57147-b774-4209-8b7f-2666f59543d8.sorted_genome_alignments.bam,170748435,164391366,6357069,0.037230614
UNCID_2171650.40126675-87b4-4f49-8e55-2cf42bb536eb.sorted_genome_alignments.bam,125459142,118271411,7187731,0.057291409
UNCID_2171745.d490ceb7-e3b2-44ee-8c46-923cbd4374dd.sorted_genome_alignments.bam,155740075,149223703,6516372,0.041841331
UNCID_2171780.5793ef8d-17da-49a6-a606-9ce76c0a7a2a.sorted_genome_alignments.bam,158504714,153025711,5479003,0.034566814
UNCID_2171878.0eb9fc91-e56d-496b-9ecf-683a4d4d6fa1.sorted_genome_alignments.bam,178943272,172997301,5945971,0.033228246
UNCID_2171885.5a96d821-45e8-4d06-89c3-1f951c04375d.sorted_genome_alignments.bam,137655510,128753999,8901511,0.064665127
UNCID_2171952.1cefed42-1e09-4bff-b323-55faeaee18e1.sorted_genome_alignments.bam,124508771,114400204,10108567,0.08118759
UNCID_2172006.b7cbb41f-b7ba-4bc7-8b6a-ce93317495b1.sorted_genome_alignments.bam,171848878,164282089,7566789,0.044031646
UNCID_2172094.1b57a251-d1ee-4635-b3f8-8109ddbabf7d.sorted_genome_alignments.bam,117382542,109972453,7410089,0.063127692
UNCID_2172108.2ccc0221-155e-47b1-ace4-6c78bfc5d4a4.sorted_genome_alignments.bam,151130423,146236715,4893708,0.032380694
UNCID_2172267.d37ab528-22b6-4b9e-b838-4d90f6d8bc14.sorted_genome_alignments.bam,170966746,163638507,7328239,0.042863534
UNCID_2172298.d6c9e56e-c040-40ff-a71b-74bd4a2d431c.sorted_genome_alignments.bam,163915753,157885168,6030585,0.036790759
UNCID_2172372.1636e620-09c8-46c7-bf33-9efeceae7cd4.sorted_genome_alignments.bam,157839567,150709327,7130240,0.045173971
UNCID_2172465.aaa6c361-d7d1-450d-875c-dc6866a44bb4.sorted_genome_alignments.bam,138118632,133387673,4730959,0.034252866
UNCID_2172485.631b5e57-557b-48d1-a263-5c1b456e73b2.sorted_genome_alignments.bam,166180226,159814332,6365894,0.038307169
UNCID_2172606.9605aa9b-2739-4d98-864d-fcfdb59b9ef5.sorted_genome_alignments.bam,153259764,147742071,5517693,0.036002228
UNCID_2172611.6af0bf8a-6243-493b-92f5-4ea2604d35cd.sorted_genome_alignments.bam,140301710,132289020,8012690,0.057110423
UNCID_2172637.041d5fcd-8afc-4c96-a43b-ed6689bd94cc.sorted_genome_alignments.bam,137444471,128596166,8848305,0.064377308
UNCID_2172693.deeaffd6-c733-4fc1-857e-693a49b73423.sorted_genome_alignments.bam,156602397,150875156,5727241,0.03657186
UNCID_2172835.97ce2468-dfb0-41c5-903c-577728feff95.sorted_genome_alignments.bam,159393001,153567397,5825604,0.036548681
UNCID_2173071.14b3c94a-781d-4df9-9ee6-a3236d099dc6.sorted_genome_alignments.bam,139503713,135179200,4324513,0.030999268
UNCID_2173129.e1fd847f-23c7-4baa-a7ff-d0954d855d1a.sorted_genome_alignments.bam,137571889,130869681,6702208,0.04871786
UNCID_2173180.894b867a-591d-4d05-b008-db1a90b18a60.sorted_genome_alignments.bam,149289577,141947516,7342061,0.049179997
UNCID_2173211.43a88718-f528-4d0b-88e6-f2ade6854c53.sorted_genome_alignments.bam,134249152,127247219,7001933,0.052156255
UNCID_2173247.d5748a30-f16e-4b7e-aa91-c0c46192f498.sorted_genome_alignments.bam,126239332,119189454,7049878,0.055845337
UNCID_2173271.0c925aa2-8118-498b-8b5f-17740005df68.sorted_genome_alignments.bam,133109143,128117419,4991724,0.037500985
UNCID_2173426.55753ec3-4f9f-439b-908f-43e4053ca8cb.sorted_genome_alignments.bam,134427935,123411055,11016880,0.081953799
UNCID_2173441.74108a37-6306-4389-93c2-b2d306ad6709.sorted_genome_alignments.bam,155433073,149457865,5975208,0.03844232
UNCID_2173490.9ff2bdcd-1c48-4f81-8644-c302132b2400.sorted_genome_alignments.bam,157688840,152577020,5111820,0.032417132
UNCID_2173526.0dfc3298-73ab-4c7b-b4f5-1314a5713c92.sorted_genome_alignments.bam,162474506,155469782,7004724,0.043112758
UNCID_2173540.ce48b228-7e2a-46e9-beca-ab990b5c2b3e.sorted_genome_alignments.bam,162147092,156553795,5593297,0.034495204
UNCID_2173562.7a356940-c460-4714-a949-42afe6ea5d86.sorted_genome_alignments.bam,147993154,143046363,4946791,0.03342581
UNCID_2173609.60448472-d440-4608-8fca-b54c41c5cde1.sorted_genome_alignments.bam,149509308,139294621,10214687,0.068321412
UNCID_2173753.6f5b0c12-0853-49c8-8421-58faa14b3955.sorted_genome_alignments.bam,175891081,170663344,5227737,0.029721444
UNCID_2173970.0595a9e2-f382-4f97-8d0e-69af86b9fb78.sorted_genome_alignments.bam,197840665,192595437,5245228,0.026512386
UNCID_2176522.788e9097-8705-44e4-a7c7-7fbb75f7f9e2.sorted_genome_alignments.bam,70250776,55962831,14287945,0.203384871
UNCID_2176549.10efe18b-413b-4e57-b6e2-ce5cd2dbb839.sorted_genome_alignments.bam,118166982,110424104,7742878,0.065524886
UNCID_2176601.1323e58e-5e3f-459a-99ff-e7a6748d3d77.sorted_genome_alignments.bam,162519696,154094021,8425675,0.051844024
UNCID_2176875.3447e7c9-5d79-4cc0-9e00-6c8552565597.sorted_genome_alignments.bam,153551328,143488597,10062731,0.065533337
UNCID_2176913.99398e14-bd09-4bf2-b9fb-313da0e88fd9.sorted_genome_alignments.bam,136133378,130620306,5513072,0.040497577
UNCID_2177016.f974f0e8-cbca-4d1f-a435-937f945ea3dc.sorted_genome_alignments.bam,210179374,182525433,27653941,0.131573049
UNCID_2177194.9fe289f4-0f5f-4d72-935c-4fb3f44fa91a.sorted_genome_alignments.bam,150058247,118109424,31948823,0.212909478
UNCID_2177606.f7f89edd-0409-43c7-ab5d-3d35337de34f.sorted_genome_alignments.bam,87713001,83768207,3944794,0.04497388
UNCID_2177632.c58aae77-ec2e-4988-b6c6-4cde7f4b60e1.sorted_genome_alignments.bam,93664823,89906924,3757899,0.040120708
UNCID_2177778.a5e8f882-9755-406f-879d-7f286b6bdcb7.sorted_genome_alignments.bam,80762892,77281076,3481816,0.043111581
UNCID_2177805.4f8e3c28-cdc9-43bb-a27c-2dd02c4c9c71.sorted_genome_alignments.bam,87372380,83868435,3503945,0.040103577
UNCID_2184852.daf9b208-dd9e-4281-89f6-ea9d7d0eda7e.sorted_genome_alignments.bam,150303425,145361343,4942082,0.032880701
UNCID_2184883.b5a3bdce-d4ad-43a6-8fbc-1e9d31dc2564.sorted_genome_alignments.bam,142865426,137920891,4944535,0.034609738
UNCID_2184997.379e288c-fa30-460c-bb57-d3b6f09b1483.sorted_genome_alignments.bam,168571206,163912563,4658643,0.027636054
UNCID_2191714.52f0c611-1545-4796-8ea9-4578a988dcad.sorted_genome_alignments.bam,130619972,126474336,4145636,0.031738148
UNCID_2191715.5bd733ff-70b7-4ddb-aa98-61bb8135763f.sorted_genome_alignments.bam,140079031,134950527,5128504,0.036611504
UNCID_2191750.01dbc8b9-99eb-4bb7-8c90-6fae272ebf63.sorted_genome_alignments.bam,124082164,118836852,5245312,0.042272893
UNCID_2191792.1e7b2ed2-be35-4cce-a613-9c8203c49ebb.sorted_genome_alignments.bam,137937490,128008947,9928543,0.071978568
UNCID_2191796.6152d141-ed7d-4c03-9af9-4647dc455c4f.sorted_genome_alignments.bam,131438541,126643868,4794673,0.036478441
UNCID_2191848.f5c72291-4c3f-456f-97a3-d93878744b54.sorted_genome_alignments.bam,141879705,134061733,7817972,0.055102821
UNCID_2191863.ac3970c9-575a-4d72-a2b3-45f1ab671bbb.sorted_genome_alignments.bam,141363293,136620198,4743095,0.033552522
UNCID_2191870.a9167ba8-08d6-4ea0-a9f7-9ebb7b1aa1a4.sorted_genome_alignments.bam,153051418,147359882,5691536,0.037187084
UNCID_2191871.4da7543e-f58a-46f1-bf94-834d4ce4cbff.sorted_genome_alignments.bam,146830545,141032482,5798063,0.039488126
UNCID_2191880.80302b4f-3983-45fb-9320-709a410a5a38.sorted_genome_alignments.bam,145325072,138588744,6736328,0.046353516
UNCID_2191919.84dff8b1-e381-4f41-a05c-04524aca78b3.sorted_genome_alignments.bam,158211909,151295967,6915942,0.043713157
UNCID_2191931.c6930a35-3476-46a0-adde-da76ee758390.sorted_genome_alignments.bam,154411621,148287138,6124483,0.039663355
UNCID_2191986.016f584a-453b-4e91-a311-0c0120e127d0.sorted_genome_alignments.bam,136432715,127181604,9251111,0.067807131
UNCID_2192030.f6788ba9-322e-49b0-93e4-f1b451f2a985.sorted_genome_alignments.bam,149108105,142222516,6885589,0.046178503
UNCID_2192106.56bdbf15-90b8-4caf-b948-986ed55533a9.sorted_genome_alignments.bam,164969716,158897133,6072583,0.036810289
UNCID_2192160.d4923060-b733-42cb-ab55-b43a2c9a9151.sorted_genome_alignments.bam,134145587,119477745,14667842,0.10934271
UNCID_2192186.b58a46e6-797d-4f88-88ef-932d0d2a6f6e.sorted_genome_alignments.bam,180924853,173549755,7375098,0.040763322
UNCID_2192319.95db81b0-d9e6-4cbf-b13f-7c1b92c26484.sorted_genome_alignments.bam,184415760,175328007,9087753,0.049278614
UNCID_2193002.52ece957-8f21-4f13-a61d-7b2e1c850ef5.sorted_genome_alignments.bam,162358889,156279681,6079208,0.037443025
UNCID_2193032.0fcc0aec-5ef8-4284-a7b5-eb8b328ef02c.sorted_genome_alignments.bam,110916584,68763606,42152978,0.380042159
UNCID_2193173.0e814275-e5f4-4071-a65f-58eac29774ee.sorted_genome_alignments.bam,178601863,171189775,7412088,0.04150062
UNCID_2193205.cbd18c2a-4544-4a90-904e-533c3f776f32.sorted_genome_alignments.bam,182774163,176734247,6039916,0.033045787
UNCID_2193444.accfd874-53de-4771-91e0-55f09b02e597.sorted_genome_alignments.bam,176486339,167884098,8602241,0.048741682
UNCID_2193478.1a8b887a-c114-408c-90c5-be090f43210f.sorted_genome_alignments.bam,125191782,119621273,5570509,0.044495804
UNCID_2193506.dc85f8ca-afc0-4cb5-a776-44721d5dc128.sorted_genome_alignments.bam,166158863,156984650,9174213,0.055213504
UNCID_2193664.cf165790-ed9b-4b46-83c5-40f087bb0a97.sorted_genome_alignments.bam,134956902,129284862,5672040,0.042028528
UNCID_2193697.4ede0aec-1fdd-439f-800f-9ba681271b9a.sorted_genome_alignments.bam,139326221,131189313,8136908,0.058401842
UNCID_2193698.1bbb85e8-8f55-44e3-8bd8-58c0a46c43bd.sorted_genome_alignments.bam,137156640,130547093,6609547,0.04818977
UNCID_2193730.691a398c-4acc-4658-83d4-1b593c90c815.sorted_genome_alignments.bam,136398672,129737092,6661580,0.048839039
UNCID_2193774.cc1a8983-a6b3-41b9-8f03-94e15bee65dd.sorted_genome_alignments.bam,135655984,129414276,6241708,0.046011299
UNCID_2193872.86ae75e5-6460-45a3-89f0-aaeba2462268.sorted_genome_alignments.bam,132733761,126993124,5740637,0.04324926
UNCID_2193887.978a0c93-bd16-46a9-abfa-3875885aa873.sorted_genome_alignments.bam,179879455,172063904,7815551,0.043448825
UNCID_2194141.284f6163-92f2-4e21-8649-45dcfce6634f.sorted_genome_alignments.bam,152410515,135869084,16541431,0.108532085
UNCID_2194214.40e8e982-6ad4-4d64-aa21-097f21f009d6.sorted_genome_alignments.bam,163664519,155234619,8429900,0.051507193
UNCID_2194215.a8057638-2fc3-48bf-837e-fc8dbd37d64b.sorted_genome_alignments.bam,110796507,71877270,38919237,0.351267725
UNCID_2194306.618b52e3-9797-4c61-a0dd-1ffa8ea6d321.sorted_genome_alignments.bam,123466822,117787641,5679181,0.045997628
UNCID_2194338.9cd629fc-827c-46bb-b3c6-8d18d00e5db2.sorted_genome_alignments.bam,174453986,167585018,6868968,0.039374096
UNCID_2194464.5837b10d-8c02-4d07-9763-8a4f32e294fc.sorted_genome_alignments.bam,169135845,160890022,8245823,0.048752664
UNCID_2194493.1be5c0c6-8645-4894-8573-05ece1839689.sorted_genome_alignments.bam,161626175,153679926,7946249,0.04916437
UNCID_2194796.7614168b-33ed-47b1-bb45-1a58a921ca29.sorted_genome_alignments.bam,106362333,82677320,23685013,0.222682338
UNCID_2194840.12c36b7c-f302-4cea-bb4f-5a01211e00e9.sorted_genome_alignments.bam,195820026,186811592,9008434,0.04600364
UNCID_2194904.bbd01868-6fc1-42e7-b375-f0ac1a54a43c.sorted_genome_alignments.bam,135696087,129460053,6236034,0.045955887
UNCID_2194940.7a4b8a97-5d09-4ff4-8e52-5c997ee6f69c.sorted_genome_alignments.bam,117082337,95876471,21205866,0.181119258
UNCID_2194948.0c0e6adb-5f3b-429c-bbc4-5d3d74e9ef63.sorted_genome_alignments.bam,128154449,122747474,5406975,0.042191083
UNCID_2195007.55477806-1928-4281-8ee4-69da5b60c6a8.sorted_genome_alignments.bam,192034733,184403067,7631666,0.039741071
UNCID_2195091.28b805ba-baf4-4f8b-9cc2-afa64b286cae.sorted_genome_alignments.bam,141611111,134307185,7303926,0.051577351
UNCID_2195110.94b8cbb1-6de6-41cb-a72d-afb71c226ddc.sorted_genome_alignments.bam,142550580,124329152,18221428,0.127824299
UNCID_2195133.aba9c607-8b5f-476f-9416-465f1e2562af.sorted_genome_alignments.bam,154778031,139187838,15590193,0.100726136
UNCID_2195180.4fe13e80-092e-4e27-b92f-4e1f729e390f.sorted_genome_alignments.bam,152055374,147223139,4832235,0.031779442
UNCID_2195193.5fc87fd7-fd66-4fa8-9019-2741450b1cf3.sorted_genome_alignments.bam,138296731,128979109,9317622,0.06737413
UNCID_2195290.3150fc3a-c750-4b06-9297-4a235ead567a.sorted_genome_alignments.bam,138892084,132325656,6566428,0.047277194
UNCID_2195346.646422f2-97e3-43e4-bb4f-260277cff6f4.sorted_genome_alignments.bam,183124291,176906944,6217347,0.033951514
UNCID_2195394.4f513e96-ab6b-459c-b912-a06ce5accb47.sorted_genome_alignments.bam,162302896,155248111,7054785,0.043466784
UNCID_2195455.d300d43f-0deb-4fbe-9f69-fa9812628f20.sorted_genome_alignments.bam,146933664,137332273,9601391,0.065345073
UNCID_2195479.f344e3f0-49a3-49de-8da3-51c21f9a5506.sorted_genome_alignments.bam,188421588,180312752,8108836,0.0430356
UNCID_2195521.55b5dd8f-9e80-4084-9cb2-c04ccf558802.sorted_genome_alignments.bam,135191258,129586539,5604719,0.041457703
UNCID_2195714.e2b939fc-1126-4cf9-aed3-5f028dbb1dfc.sorted_genome_alignments.bam,165571311,155353232,10218079,0.061714067
UNCID_2195831.20faa06c-9c35-4034-96b1-bfffb4d52b6d.sorted_genome_alignments.bam,141784654,132621838,9162816,0.064624878
UNCID_2195877.b4be057d-7197-42f6-b00c-420b1c6c9ecf.sorted_genome_alignments.bam,144628259,120256391,24371868,0.168513873
UNCID_2196177.541a22b4-49cb-4071-a95c-d8186a8e0584.sorted_genome_alignments.bam,154946476,137476256,17470220,0.112750031
UNCID_2196686.b19f2e13-dbd8-4c99-a380-50f423efdb1f.sorted_genome_alignments.bam,127968943,123708926,4260017,0.03328946
UNCID_2196687.65b641f2-730e-4bdf-ac32-1d5f4e3d7ad0.sorted_genome_alignments.bam,144314908,126225841,18089067,0.12534441
UNCID_2196826.4abd9434-6c41-4f18-b47f-76f04eb662d1.sorted_genome_alignments.bam,173710092,155024944,18685148,0.107565126
UNCID_2196862.1d19d4d2-b109-40bd-b6f4-5c26c0d61078.sorted_genome_alignments.bam,58397504,56920454,1477050,0.025293033
UNCID_2196912.f0699e72-47e9-449d-aa5e-44e95c888812.sorted_genome_alignments.bam,136923233,131043748,5879485,0.04294001
UNCID_2196984.a92d39d4-bcd4-44f9-ad4f-1c6b363174fb.sorted_genome_alignments.bam,146488826,141363260,5125566,0.034989467
UNCID_2196985.c460b414-e262-4d49-94e5-042bac3c7ca1.sorted_genome_alignments.bam,171830779,166968520,4862259,0.028296787
UNCID_2197034.494ca42f-ef14-4741-b192-77de68d455d4.sorted_genome_alignments.bam,132494403,127353820,5140583,0.038798492
UNCID_2197035.8be8302a-e3c9-4c70-bf8b-879950269b38.sorted_genome_alignments.bam,193673821,187096573,6577248,0.033960439
UNCID_2197108.de1e3b30-f266-466c-919c-719e1284cbae.sorted_genome_alignments.bam,142265713,138983576,3282137,0.023070471
UNCID_2197133.501085ee-71dc-434b-b742-c3c9916a61ee.sorted_genome_alignments.bam,144860215,139856439,5003776,0.0345421
UNCID_2197186.d9671d1d-eba7-4421-b086-d0105db3d654.sorted_genome_alignments.bam,172691203,168368761,4322442,0.025029891
UNCID_2197238.89b7cfac-c06d-4bed-af3d-846b615df5e6.sorted_genome_alignments.bam,143143618,139134715,4008903,0.02800616
UNCID_2197263.1dbe5a97-6470-4669-8c56-43d65e6b6813.sorted_genome_alignments.bam,155590514,148657201,6933313,0.044561283
UNCID_2197326.b6046026-1fb0-4799-9d35-a579e149d11c.sorted_genome_alignments.bam,146638390,141754948,4883442,0.033302616
UNCID_2197327.4bd96ac4-c448-4a08-b955-fa7d721a4c43.sorted_genome_alignments.bam,133666734,129671800,3994934,0.029887272
UNCID_2197506.c23d161f-020d-4a45-b3ae-836cbea87113.sorted_genome_alignments.bam,154404696,149647966,4756730,0.0308069
UNCID_2197581.74e66797-54e6-4dfd-b44f-daf67179e861.sorted_genome_alignments.bam,176195735,171975647,4220088,0.023951136
UNCID_2197620.9830361f-7204-44f8-997f-d969178cfb1c.sorted_genome_alignments.bam,164093610,160134430,3959180,0.02412757
UNCID_2197673.53e305e0-6948-4c03-a674-e1657e952ea2.sorted_genome_alignments.bam,152324480,147803156,4521324,0.029682189
UNCID_2198021.c4ab7ba0-b78a-437b-84e7-283a704f9e70.sorted_genome_alignments.bam,144237858,139879456,4358402,0.030216769
UNCID_2198507.a73f51f7-0a1c-40fa-9ad5-bab45e5880b4.sorted_genome_alignments.bam,137269042,133025940,4243102,0.030910844
UNCID_2198570.a4a6043b-2f41-42e3-b590-190ead328c84.sorted_genome_alignments.bam,135420123,129937690,5482433,0.040484626
UNCID_2198735.10a6dce3-7446-4dc5-8df0-b36558aa8449.sorted_genome_alignments.bam,169804704,165013079,4791625,0.028218447
UNCID_2198839.cc2146d0-356a-4fe2-92c4-a9437066c17c.sorted_genome_alignments.bam,127205489,123216743,3988746,0.031356713
UNCID_2198869.2fdf8162-e098-4c30-aca2-c2339fb6e4a2.sorted_genome_alignments.bam,101228351,98720094,2508257,0.024778207
UNCID_2198885.cfaa32de-4382-45c2-87b0-2c5672c93cc7.sorted_genome_alignments.bam,138724968,131585434,7139534,0.051465386
UNCID_2198913.14fe7461-00b7-4b21-8809-6eb0087efe32.sorted_genome_alignments.bam,102620892,96279012,6341880,0.061799112
UNCID_2199139.2dd0fd81-b8b5-4fd0-9b9c-55191ace5802.sorted_genome_alignments.bam,120906908,116837094,4069814,0.033660724
UNCID_2199227.aceec37c-273e-44da-8f26-78769d4ad0a2.sorted_genome_alignments.bam,129081175,125293459,3787716,0.029343675
UNCID_2199241.647556b3-ee11-41e1-afbd-42b8ee868e5d.sorted_genome_alignments.bam,166365274,161882012,4483262,0.026948304
UNCID_2199259.80168e76-6204-4341-a46d-19df230e5950.sorted_genome_alignments.bam,142240105,138284198,3955907,0.027811474
UNCID_2199304.918b2ee5-9464-4c41-bd7b-5e2023369336.sorted_genome_alignments.bam,131260800,127641480,3619320,0.027573503
UNCID_2199344.6d074368-1733-4434-97f7-4e3b8067d1d5.sorted_genome_alignments.bam,150990002,147855328,3134674,0.020760805
UNCID_2199606.7fcbfa45-e61b-4dd0-98c9-f09af782d6d8.sorted_genome_alignments.bam,172288037,167844690,4443347,0.025790224
UNCID_2199621.0c2f310b-fa59-4f6f-894a-dad920214004.sorted_genome_alignments.bam,149845790,146320353,3525437,0.023527101
UNCID_2199675.77c66a00-6b48-4a73-90c2-cbdc73f86b4d.sorted_genome_alignments.bam,157942831,154521390,3421441,0.021662528
UNCID_2200046.682a10fe-c5d5-4180-82c5-871fb0c746b7.sorted_genome_alignments.bam,125481856,120924996,4556860,0.036314892
UNCID_2200084.d04d7f4e-5589-4b9b-8f3a-2b5ca4e2382e.sorted_genome_alignments.bam,138405295,134552588,3852707,0.027836413
UNCID_2200124.a88e6ed8-fbf4-4f5c-bb74-ff9d4d32b934.sorted_genome_alignments.bam,142410944,138391812,4019132,0.028222073
UNCID_2200141.fa54a53c-dbec-4d0b-9cad-97d260220427.sorted_genome_alignments.bam,143988928,139632961,4355967,0.030252097
UNCID_2200328.79fbc73a-725d-4042-9cc2-1a59fbd7a962.sorted_genome_alignments.bam,137787824,127529346,10258478,0.074451266
UNCID_2200388.42e29d02-5e77-43db-99cc-28a7528e3bc4.sorted_genome_alignments.bam,133785409,129130444,4654965,0.034794265
UNCID_2200432.0627daf6-b2b0-4ce7-bf69-8756283044ba.sorted_genome_alignments.bam,131286345,121116876,10169469,0.077460219
UNCID_2201169.d4674c07-ec6d-4221-9b68-5a18a21a31f0.sorted_genome_alignments.bam,136420781,130241024,6179757,0.045299235
UNCID_2201334.bc1590fe-7872-4c8f-a61f-b8e8fd9c83b8.sorted_genome_alignments.bam,131352300,126494757,4857543,0.036981027
UNCID_2201335.89f10a54-a2df-4213-895e-70f08371f9ae.sorted_genome_alignments.bam,122464836,118877165,3587671,0.02929552
UNCID_2201423.5202fdcf-e7ca-4067-98d3-b8eb273210f3.sorted_genome_alignments.bam,127276437,123103919,4172518,0.032783114
UNCID_2201530.1bbb98d0-a42c-4e5a-89db-2db79bcb413e.sorted_genome_alignments.bam,130693758,126422888,4270870,0.032678454
UNCID_2201602.5470bc52-157f-4f5a-906c-ecdb76adbe1d.sorted_genome_alignments.bam,125058897,117595265,7463632,0.059680936
UNCID_2201622.35b14152-9bce-46e6-b019-9a5f3fcd39e4.sorted_genome_alignments.bam,142887166,134387379,8499787,0.059486007
UNCID_2201719.4d96d00b-92bf-4803-af0c-1114fefff985.sorted_genome_alignments.bam,134269877,130630610,3639267,0.027104121
UNCID_2201751.c14f355b-426b-4038-bbc7-b4cfcf12fd7b.sorted_genome_alignments.bam,125123456,120376872,4746584,0.037935205
UNCID_2202163.c721e2a5-6639-45b4-8c5e-539383379c13.sorted_genome_alignments.bam,133816189,128876840,4939349,0.036911446
UNCID_2202385.a0d0594f-44b2-4f15-a2d9-5445c86c5779.sorted_genome_alignments.bam,139331367,135197189,4134178,0.029671553
UNCID_2202451.3423edf4-e843-4eb1-a4ce-2eae69c88dd5.sorted_genome_alignments.bam,148888536,143463584,5424952,0.036436331
UNCID_2202502.8ffd73aa-e354-4b10-ab5a-924ba17de6f8.sorted_genome_alignments.bam,152759762,142967527,9792235,0.064102188
UNCID_2202671.818db1ea-5ae7-4d50-87cf-a85c62830566.sorted_genome_alignments.bam,148893307,145105130,3788177,0.025442225
UNCID_2202765.eee78dec-0b18-48ea-a793-56dd12dc3d3f.sorted_genome_alignments.bam,155955895,151544293,4411602,0.028287498
UNCID_2202837.53a22646-8ebf-4d62-b8ee-d603b0bc9e42.sorted_genome_alignments.bam,146526393,142621223,3905170,0.026651649
UNCID_2203041.9ba93f5f-1c6f-490b-a917-daae74bcc7fa.sorted_genome_alignments.bam,154863734,149753372,5110362,0.032999088
UNCID_2203071.84a5b205-16c9-4ee3-a429-dd6c75d37595.sorted_genome_alignments.bam,146525687,141864878,4660809,0.031808819
UNCID_2203106.9e249634-bc8d-48d1-86f4-a3ab40e98e69.sorted_genome_alignments.bam,138087008,134538615,3548393,0.025696791
UNCID_2203191.a1b9037e-4960-4995-b52d-80d1e72f93a9.sorted_genome_alignments.bam,142362280,137500248,4862032,0.03415253
UNCID_2203286.0d353da8-56b3-4793-ad95-4e96e9e827d7.sorted_genome_alignments.bam,122403769,118170107,4233662,0.034587677
UNCID_2203470.9f73e717-abd3-430c-847c-cd56f0b2d3e2.sorted_genome_alignments.bam,146107356,140898585,5208771,0.035650299
UNCID_2203658.0f00f130-babd-42a2-9fea-8d0c75eaaea4.sorted_genome_alignments.bam,158748052,153163218,5584834,0.035180488
UNCID_2207482.167ccaf5-2115-4770-9ab7-ec54bb4d5528.sorted_genome_alignments.bam,95463372,92554648,2908724,0.030469529
UNCID_2207526.3c2580ee-21e5-42b3-9f74-2b698de6699c.sorted_genome_alignments.bam,109890203,106024173,3866030,0.035180843
UNCID_2207528.ac684e9d-d9d3-424e-a2fe-dc3df4204472.sorted_genome_alignments.bam,100401192,97267253,3133939,0.031214161
UNCID_2207559.1c56c507-a52a-4d92-9c99-45d4fca1227d.sorted_genome_alignments.bam,110119029,106360993,3758036,0.034127035
UNCID_2207602.f4348174-cbab-4cee-ada4-1af9a74a54b6.sorted_genome_alignments.bam,107287022,104111209,3175813,0.029601092
UNCID_2207615.4734a6ac-072f-49a1-a71e-511b2ea1379c.sorted_genome_alignments.bam,128714868,124974532,3740336,0.029059083
UNCID_2207709.955f96ed-4e08-4e20-8f6e-ae48c69c9538.sorted_genome_alignments.bam,139292062,135288392,4003670,0.028742988
UNCID_2207736.052516a1-fcb3-4c7f-8ad7-f9b59756cc23.sorted_genome_alignments.bam,122860168,117837742,5022426,0.040879205
UNCID_2207746.dadc0e78-4099-47fa-8c99-46fd3fb563ea.sorted_genome_alignments.bam,140136870,135674179,4462691,0.031845231
UNCID_2207774.d5d72e71-18a6-4496-a44d-5247e67f053e.sorted_genome_alignments.bam,140170419,135572051,4598368,0.032805552
UNCID_2207796.af5f46e7-1173-495d-9457-5d74c3e0f923.sorted_genome_alignments.bam,153249306,149187366,4061940,0.026505438
UNCID_2207859.a25cf848-3b58-42e1-98f7-bfbac6e1108b.sorted_genome_alignments.bam,154541053,150104592,4436461,0.02870733
UNCID_2207861.3b0a96b3-d04d-43b6-8942-43e61e4e972c.sorted_genome_alignments.bam,151242483,147596578,3645905,0.024106355
UNCID_2207882.f4ca9bb3-7e90-41a7-857d-c7d8444363af.sorted_genome_alignments.bam,140360257,136658704,3701553,0.026371803
UNCID_2207928.d2d8c719-c282-4eea-90c5-130a556aff2d.sorted_genome_alignments.bam,146551423,142270006,4281417,0.029214435
UNCID_2207945.536f56eb-8a2b-4b81-8917-3892c14d18fd.sorted_genome_alignments.bam,145491789,137352600,8139189,0.0559426
UNCID_2207966.7bb0b7e7-3550-4a4e-8c4b-cfb22078b88f.sorted_genome_alignments.bam,141145130,134556647,6588483,0.046678784
UNCID_2208003.8b44dc4e-3b5d-4249-a8b5-2b2e74e70911.sorted_genome_alignments.bam,150054175,146030476,4023699,0.026814975
UNCID_2208264.561c16c8-aee4-4b58-8cf7-c7f583994c99.sorted_genome_alignments.bam,181049801,174391759,6658042,0.036774644
UNCID_2208348.51012f3d-96cd-4072-bd33-93192e98afa5.sorted_genome_alignments.bam,167799591,162816850,4982741,0.029694596
UNCID_2208562.dd8cd3c1-09b3-44b7-a128-fd442d38118f.sorted_genome_alignments.bam,94682866,89121492,5561374,0.058736857
UNCID_2208616.e8614325-0ec8-400c-83e3-4cb21646a8dc.sorted_genome_alignments.bam,95993217,92414880,3578337,0.037276978
UNCID_2208654.28cc0280-026a-4882-8cba-f6db7c53bed0.sorted_genome_alignments.bam,184455131,176340784,8114347,0.043990899
UNCID_2208691.95832411-6737-427c-a31b-c05eed122861.sorted_genome_alignments.bam,97677467,94669919,3007548,0.030790602
UNCID_2208725.bf937849-d6f2-45e2-85c3-5e1f8b74daa7.sorted_genome_alignments.bam,94401169,91031541,3369628,0.03569477
UNCID_2208737.be02b9cb-0788-47d7-8ffd-d5ec3c73b801.sorted_genome_alignments.bam,112978653,105930493,7048160,0.062384883
UNCID_2208802.96151de8-daec-4622-b1fe-639c452050b6.sorted_genome_alignments.bam,96930772,91564366,5366406,0.055363285
UNCID_2208838.3a506fcf-a545-44de-978b-acb98eb596f6.sorted_genome_alignments.bam,103370422,99830949,3539473,0.034240675
UNCID_2208894.0533a544-e28c-4629-9748-cb35dfc68f5b.sorted_genome_alignments.bam,108775990,99417361,9358629,0.086035797
UNCID_2208985.d1145de2-833c-441b-a4c3-19b231e20308.sorted_genome_alignments.bam,116231015,112561914,3669101,0.031567314
UNCID_2209037.8ff5ee12-2b3e-4c93-bc24-80d1ecf46f82.sorted_genome_alignments.bam,105300428,100941106,4359322,0.041398901
UNCID_2210855.80f5d12b-e390-4aba-8cb6-e1885d28d878.sorted_genome_alignments.bam,146819242,141890570,4928672,0.03356966
UNCID_2211131.8f130c68-459f-40f1-9a49-d00d4ea90827.sorted_genome_alignments.bam,146797249,141206226,5591023,0.038086701
UNCID_2211470.c124a911-5e68-4b5b-976a-06ffb95d20eb.sorted_genome_alignments.bam,151979906,147926302,4053604,0.026671973
UNCID_2211632.5a9f6826-1722-43e5-be3b-b614aa5f3c10.sorted_genome_alignments.bam,139253044,134082897,5170147,0.037127713
UNCID_2211849.ac9ce6a1-7ec8-492d-8127-571388597310.sorted_genome_alignments.bam,151411167,147271524,4139643,0.027340407
UNCID_2214570.a88a7f5b-09bc-43ec-ad0c-1a094d022f90.sorted_genome_alignments.bam,108177421,103586844,4590577,0.04243563
UNCID_2214763.6d63f739-c10c-4d38-b7d8-fd40aa5c4b6f.sorted_genome_alignments.bam,105415402,101305515,4109887,0.038987538
UNCID_2214812.2b22fd4d-014d-441f-a4d3-1502f03e931c.sorted_genome_alignments.bam,121699504,116847479,4852025,0.039868897
UNCID_2214822.dbf09347-4e3e-490e-977f-97d826143634.sorted_genome_alignments.bam,134904099,129588389,5315710,0.039403621
UNCID_2214863.1fa23ae6-21a9-42f5-82f2-329417aed225.sorted_genome_alignments.bam,127850677,119676790,8173887,0.063933076
UNCID_2214906.8fadca85-e334-4277-9f5f-6f0de8f54cb5.sorted_genome_alignments.bam,146934418,140624355,6310063,0.042944758
UNCID_2215015.daf79c8a-16b5-4d69-aaad-93d25ddcaac4.sorted_genome_alignments.bam,134156206,128873845,5282361,0.039374705
UNCID_2215075.19aaa769-e404-4ecc-9e39-e07bfc9ba89c.sorted_genome_alignments.bam,149128433,142988552,6139881,0.041171766
UNCID_2215153.b6ac852c-a2ba-4ac5-a364-6cedd7ffac49.sorted_genome_alignments.bam,112229534,106219260,6010274,0.053553408
UNCID_2215309.71ddb672-ef76-48b7-a76b-3d97dcf4d6d1.sorted_genome_alignments.bam,159842193,154027387,5814806,0.036378417
UNCID_2215362.3b71298e-c66e-475d-8288-b9f17bda152d.sorted_genome_alignments.bam,120970017,115823657,5146360,0.042542443
UNCID_2215391.e647189e-6d18-47ff-a7dd-2419407f51f9.sorted_genome_alignments.bam,144317850,138666482,5651368,0.039159175
UNCID_2215409.461bd90d-3db2-44a1-853e-6bbe4e8c3139.sorted_genome_alignments.bam,134098538,129295869,4802669,0.035814477
UNCID_2215446.a8d4eaf8-812e-4842-bc6d-dc7c1c07c271.sorted_genome_alignments.bam,134205079,128790801,5414278,0.040343317
UNCID_2215464.675ed4f5-0060-4e84-81b7-31814e9c2fa5.sorted_genome_alignments.bam,135857542,130759841,5097701,0.0375224
UNCID_2215523.c71d1986-7539-4044-a257-4018fb985107.sorted_genome_alignments.bam,146353308,139843462,6509846,0.044480348
UNCID_2215632.aa380709-4475-4eca-904f-9cff28d4610b.sorted_genome_alignments.bam,148825769,142781289,6044480,0.040614472
UNCID_2215697.5288e310-1d21-4a55-9e20-196749059d9d.sorted_genome_alignments.bam,151425977,144930273,6495704,0.042896893
UNCID_2215711.b968551d-6bca-4ebb-b16c-b25132be0965.sorted_genome_alignments.bam,158686394,152284504,6401890,0.04034303
UNCID_2215749.13865eea-785e-48f0-8b1e-7457f6a91649.sorted_genome_alignments.bam,152381740,146175309,6206431,0.040729493
UNCID_2215750.95e0c7c1-317c-4645-ba28-1ef598238f5b.sorted_genome_alignments.bam,127785454,121707610,6077844,0.047562878
UNCID_2216835.5deaf911-f777-4c38-95bf-19af647e7806.sorted_genome_alignments.bam,118518212,86787657,31730555,0.26772725
UNCID_2216900.f2bc7947-a557-4bdf-a777-71bd3a63b23d.sorted_genome_alignments.bam,146121749,140246392,5875357,0.040208641
UNCID_2217244.c1101cac-e120-44ea-aa0f-d70f7bf4f837.sorted_genome_alignments.bam,141978612,135341987,6636625,0.046743836
UNCID_2217289.2a39b6f1-c19d-4177-b825-bf14bf73f737.sorted_genome_alignments.bam,118797805,115308724,3489081,0.029369911
UNCID_2217308.fdc9171f-a1c4-49e1-9ca3-d95519850187.sorted_genome_alignments.bam,136092910,123979911,12112999,0.089005364
UNCID_2217344.8bf59d5d-e4e0-48c3-9ae7-16feeb2675e7.sorted_genome_alignments.bam,100815307,97875304,2940003,0.029162268
UNCID_2217507.d2853a6d-4853-42cc-9f5e-9cf057095dcf.sorted_genome_alignments.bam,115741131,111678769,4062362,0.035098689
UNCID_2217565.14053697-8879-40ef-ad7d-9840ebae105a.sorted_genome_alignments.bam,129669980,124248285,5421695,0.041811489
UNCID_2217599.f48f08fe-9fa5-4eea-85b1-6fa691515349.sorted_genome_alignments.bam,140421392,133263268,7158124,0.050976022
UNCID_2217773.52925e7c-35c6-405c-982d-28a8a5ce1201.sorted_genome_alignments.bam,156023545,149198014,6825531,0.043746801
UNCID_2221552.8adec7c9-1c95-419b-9876-a3f9d068d392.sorted_genome_alignments.bam,114862998,110070361,4792637,0.041724812
UNCID_2221567.43d6f3d2-2bd6-41e1-9d85-735f5f60e25a.sorted_genome_alignments.bam,121073997,116469054,4604943,0.038034121
UNCID_2221605.3dd53b9a-6683-42ed-9594-5458c655cf8f.sorted_genome_alignments.bam,139271438,133709468,5561970,0.039936186
UNCID_2221670.953e90e7-a9a6-47d6-bd4a-fe18e780b9e0.sorted_genome_alignments.bam,99215330,91915956,7299374,0.07357103
UNCID_2221750.f43a92ce-fc88-4e40-be91-0b5641ad844e.sorted_genome_alignments.bam,124980402,118975567,6004835,0.048046213
UNCID_2221785.3167baad-cb92-49e6-8a7d-c59f81709a52.sorted_genome_alignments.bam,114036561,106359139,7677422,0.067324215
UNCID_2221811.b168cb27-2676-40ed-9743-5046d5b0eb8c.sorted_genome_alignments.bam,157933088,152823302,5109786,0.032354119
UNCID_2221828.144739d3-b2d3-493c-8731-d652f03a5b37.sorted_genome_alignments.bam,121867877,113443305,8424572,0.069128734
UNCID_2221868.40024e0a-a264-4dd8-9138-9a468b9c12ca.sorted_genome_alignments.bam,124023782,114545472,9478310,0.076423327
UNCID_2221974.d215a4d3-4990-4771-8665-de92aaeb454b.sorted_genome_alignments.bam,131806801,123292669,8514132,0.064595544
UNCID_2222034.6fbec533-7f89-4d12-b04c-cf92942c3f33.sorted_genome_alignments.bam,127158423,116425414,10733009,0.084406591
UNCID_2222214.594f57f1-a1a9-4a3d-ae9e-fa601a29c917.sorted_genome_alignments.bam,122525881,116220983,6304898,0.051457683
UNCID_2222425.a0091162-1691-4b4c-990f-c58369e09548.sorted_genome_alignments.bam,102941055,80200065,22740990,0.220912735
UNCID_2223192.b964538d-a322-4632-8b32-b64b9ee66244.sorted_genome_alignments.bam,65349746,62985521,2364225,0.036178029
UNCID_2223321.6b96fce2-199f-463c-982e-4ed8179ddd90.sorted_genome_alignments.bam,131131819,123230720,7901099,0.060253103
UNCID_2223435.a5c91562-e870-451a-8255-9620fa5f8977.sorted_genome_alignments.bam,114074555,109993629,4080926,0.0357742
UNCID_2223476.b2f92878-065c-460d-95a2-a96a95a4b629.sorted_genome_alignments.bam,134203284,130403889,3799395,0.028310745
UNCID_2223520.1643e566-9e21-4231-85bf-a663df99119c.sorted_genome_alignments.bam,136368038,132618226,3749812,0.027497734
UNCID_2223637.523f117f-e6a5-401d-80c4-834a20229618.sorted_genome_alignments.bam,153880606,149640407,4240199,0.027555123
UNCID_2223656.097b58ac-149d-4a55-b359-08e6d3582712.sorted_genome_alignments.bam,156486536,150484534,6002002,0.03835475
UNCID_2223663.27e42af5-cd5b-4028-ac50-e01062a7eeac.sorted_genome_alignments.bam,163064607,157949397,5115210,0.031369223
UNCID_2223664.c23bc644-ff87-4c84-a156-686903524aaa.sorted_genome_alignments.bam,149090292,138749742,10340550,0.069357635
UNCID_2223803.997e6b10-68ba-4ae5-bfd1-a6d74518e0a1.sorted_genome_alignments.bam,172281873,167623194,4658679,0.027041028
UNCID_2223814.4ce16df8-1d95-453e-894b-a7b175c4bb3f.sorted_genome_alignments.bam,179388912,174497634,4891278,0.027266334
UNCID_2223836.1c399aa3-51e0-4ae4-9c9f-5d0433a3408d.sorted_genome_alignments.bam,183367350,177200878,6166472,0.033629062
UNCID_2223881.9e8f4ed7-78c0-436a-9333-5fb281fda266.sorted_genome_alignments.bam,200674189,194496228,6177961,0.030786027
UNCID_2224091.f11c2ee8-9bf1-4a41-b154-7fb31af15298.sorted_genome_alignments.bam,107027598,92013163,15014435,0.140285639
UNCID_2224152.49a33b4d-4b1e-4b30-b0ba-a7c7d594db41.sorted_genome_alignments.bam,149776027,139695732,10080295,0.06730246
UNCID_2224336.71937412-13b3-4584-8b61-8a83e762e2d7.sorted_genome_alignments.bam,307509528,296097039,11412489,0.037112635
UNCID_2226520.8137bb4a-11d1-4074-b183-6deab169a75c.sorted_genome_alignments.bam,116499851,105691247,10808604,0.092777835
UNCID_2226530.6df846f2-9a09-4fdb-adbf-a57f51b45b32.sorted_genome_alignments.bam,120394182,113110827,7283355,0.060495905
UNCID_2226710.45e1b34e-9314-438b-8469-ae812ded442a.sorted_genome_alignments.bam,119950904,108704048,11246856,0.093762161
UNCID_2226728.44f905d0-bc1d-4949-92b6-081732922f86.sorted_genome_alignments.bam,130485974,116852032,13633942,0.104485881
UNCID_2226738.2f92a836-af62-4c9f-88b3-a7715faf1b4d.sorted_genome_alignments.bam,125287701,118398272,6889429,0.054988869
UNCID_2227000.c10dbf3f-ca00-4c8c-b59a-4320c2809a42.sorted_genome_alignments.bam,141069328,135132943,5936385,0.04208133
UNCID_2227001.fc806364-a970-42e5-bd0b-d103ac437221.sorted_genome_alignments.bam,120512376,112857661,7654715,0.063518082
UNCID_2227034.b31de094-5f64-435e-9b73-c7801c25300a.sorted_genome_alignments.bam,148260067,142562604,5697463,0.038428844
UNCID_2227514.c4da97d0-7ab5-4b9f-8ca6-91cae2198685.sorted_genome_alignments.bam,177445809,172555034,4890775,0.027562077
UNCID_2231605.c87fa518-41c5-417a-88ac-0b300f1a8732.sorted_genome_alignments.bam,77680571,75397181,2283390,0.029394609
UNCID_2231839.4f9b77fa-f087-44c3-a8f2-aeec410bfc9c.sorted_genome_alignments.bam,104792200,97260427,7531773,0.071873412
UNCID_2231889.a19584d8-e215-40aa-8284-78a1b4a5cf9b.sorted_genome_alignments.bam,125013392,120741721,4271671,0.034169707
UNCID_2231980.94120972-002e-4dbd-8bb1-7f41f05f2b0f.sorted_genome_alignments.bam,133619816,130051024,3568792,0.026708553
UNCID_2232000.f59f9272-412f-4884-9874-a6ff59ab1740.sorted_genome_alignments.bam,132459043,128224756,4234287,0.031966764
UNCID_2232079.088b27e8-38f6-41ff-a861-d371415fd7f0.sorted_genome_alignments.bam,150710651,146837100,3873551,0.025701906
UNCID_2232121.d6280a13-a376-4ede-8aab-7a7633cb3b9e.sorted_genome_alignments.bam,138581202,134515911,4065291,0.029335083
UNCID_2232147.4ed5467c-be43-4125-a6c4-7b7aad6ea5f6.sorted_genome_alignments.bam,151791300,147146526,4644774,0.030599738
UNCID_2232181.ea6f7f61-d66c-47c9-a67a-e0d65af36815.sorted_genome_alignments.bam,145546594,140729323,4817271,0.033097793
UNCID_2232273.227c6e50-7801-4fb6-91d3-eda4313024bb.sorted_genome_alignments.bam,155374126,150945900,4428226,0.028500408
UNCID_2232296.ea34e227-a427-42a6-9f42-80069e972764.sorted_genome_alignments.bam,156563524,152159017,4404507,0.028132396
UNCID_2232355.eb344d08-f396-47b1-b832-dc0eb5d4abfb.sorted_genome_alignments.bam,155041006,150287653,4753353,0.030658683
UNCID_2232403.c1ce17a6-3e8b-41b7-97bc-9213b352ce84.sorted_genome_alignments.bam,171136404,166904431,4231973,0.024728654
UNCID_2232504.4547d0d6-21ed-4128-9be9-34555bff3b83.sorted_genome_alignments.bam,152639066,146180877,6458189,0.042310197
UNCID_2232511.e71db8e9-8ee2-46dc-935a-3274f1fab863.sorted_genome_alignments.bam,184640738,179719463,4921275,0.026653246
UNCID_2232661.4d8fe8a9-7bf2-4c95-8aae-f43baeab5826.sorted_genome_alignments.bam,166282504,161569729,4712775,0.028341978
UNCID_2232898.c3740105-aee5-42ef-94e9-50f6b242b7c8.sorted_genome_alignments.bam,150620605,144819357,5801248,0.038515633
UNCID_2232913.0502e061-ae1d-4384-b2a5-24091a92eeab.sorted_genome_alignments.bam,195449329,189656130,5793199,0.029640414
UNCID_2232972.253d79e4-6505-4704-8cd4-aafa5d36b4a4.sorted_genome_alignments.bam,147272131,142541864,4730267,0.032119227
UNCID_2233318.fd1831a1-568b-4292-8d70-1450c392825f.sorted_genome_alignments.bam,139377265,134250592,5126673,0.036782706
UNCID_2233335.b44b63e6-5163-4df8-b82b-80401b703167.sorted_genome_alignments.bam,139020997,132513135,6507862,0.04681208
UNCID_2233392.6fa6cf43-bd3f-47bc-b95d-a6a805f64517.sorted_genome_alignments.bam,160363646,155287810,5075836,0.031652037
UNCID_2233809.53aaf8ed-546d-493a-bde3-bead91b7691f.sorted_genome_alignments.bam,136219914,131701387,4518527,0.033170826
UNCID_2233867.4bcf4c7b-dd71-45dd-9bb3-21a65b4d65ac.sorted_genome_alignments.bam,177601728,169106466,8495262,0.047833217
UNCID_2234232.366c514e-877d-4aa6-bb14-610c8a93191b.sorted_genome_alignments.bam,142088803,138068429,4020374,0.028294798
UNCID_2234488.3648cb64-1da6-455b-8259-95574dde606f.sorted_genome_alignments.bam,149321965,144801511,4520454,0.030273202
UNCID_2234600.2faac3f0-67e2-433a-ad56-c43e794c7fee.sorted_genome_alignments.bam,165211031,160905837,4305194,0.026058756
UNCID_2234615.225d40a7-eb72-4ee2-8a58-293a05df95e8.sorted_genome_alignments.bam,182545428,177473123,5072305,0.027786535
UNCID_2234626.13d2199f-d552-4ea3-9d7c-c2d1fb01d7a7.sorted_genome_alignments.bam,143082920,135959024,7123896,0.049788584
UNCID_2234745.29499c48-d9ce-4f3a-a1be-eeb3f60c3b97.sorted_genome_alignments.bam,140380112,136049532,4330580,0.030848957
UNCID_2234780.f64c8677-da87-4543-b53c-4de28d86fff1.sorted_genome_alignments.bam,140412686,136346452,4066234,0.028959164
UNCID_2234881.3833acbb-2ea2-4442-90af-6b009ae2543b.sorted_genome_alignments.bam,134229640,130760279,3469361,0.02584646
UNCID_2235015.8a3c4f20-3714-4dfd-9fb2-e7bae0c73432.sorted_genome_alignments.bam,175520956,171223627,4297329,0.024483282
UNCID_2235516.459468e0-79bc-4544-b168-27a85342d4c1.sorted_genome_alignments.bam,197715278,191652708,6062570,0.030663134
UNCID_2244738.74b2fff7-243f-4eb5-9c67-2ab77b3ca059.sorted_genome_alignments.bam,103766302,100015722,3750580,0.036144489
UNCID_2244824.0959be20-00aa-4736-9cf1-41b3c1d5c5b4.sorted_genome_alignments.bam,119570352,115395234,4175118,0.034917669
UNCID_2244903.c564836c-e7fd-48cc-8896-7d18028039f7.sorted_genome_alignments.bam,143827996,139944972,3883024,0.026997692
UNCID_2245038.791bcd93-c949-49b3-aaa4-4c8af82f5ec1.sorted_genome_alignments.bam,128054755,124554642,3500113,0.027332941
UNCID_2245130.24f023e6-9a28-4aa8-b606-18d7888679db.sorted_genome_alignments.bam,126976283,123266161,3710122,0.029219016
UNCID_2245145.a11fe2cb-92b2-463c-873c-b179e1d352cd.sorted_genome_alignments.bam,126262449,122568863,3693586,0.029253242
UNCID_2245199.265dd9bb-8b5e-4cad-a43e-f21ae0953f22.sorted_genome_alignments.bam,133710642,129566280,4144362,0.030995005
UNCID_2245222.ef76bd16-f313-4d92-8040-44e7068958a7.sorted_genome_alignments.bam,122432627,113630291,8802336,0.071895345
UNCID_2245267.736a30f9-fb53-422d-b66e-1af964011d15.sorted_genome_alignments.bam,135300649,131405697,3894952,0.028787386
UNCID_2245300.4eadf1bf-2a42-4de6-9710-86350c2fe144.sorted_genome_alignments.bam,165099707,161550436,3549271,0.021497743
UNCID_2245381.e6f79fed-fbb6-476a-92c1-f71424a55737.sorted_genome_alignments.bam,154936433,149508540,5427893,0.035033032
UNCID_2245500.0967df37-66ae-4ab3-a1fd-e196d4bc9995.sorted_genome_alignments.bam,171451387,166039506,5411881,0.031565105
UNCID_2245512.3470b46c-4f18-47fe-a18f-f98c97e8996a.sorted_genome_alignments.bam,139284355,135805524,3478831,0.024976466
UNCID_2245620.9bf3daf6-37b4-4dea-92e9-6ed6e54f69f6.sorted_genome_alignments.bam,174447612,170047812,4399800,0.025221325
UNCID_2245693.f96c0c4c-5d06-4606-9c58-aebdc3e2cef4.sorted_genome_alignments.bam,120591819,112819875,7771944,0.064448352
UNCID_2245708.3c6d1cda-258e-42f4-ad31-16069e437ac3.sorted_genome_alignments.bam,147512459,141240281,6272178,0.042519649
UNCID_2245709.0b50b27b-e429-41b1-8324-c9e03b6bbaaf.sorted_genome_alignments.bam,175130178,169977927,5152251,0.02941955
UNCID_2245712.a378a703-e62d-4860-aec0-caa90f5af30f.sorted_genome_alignments.bam,133101263,126979666,6121597,0.045992028
UNCID_2245713.48ad4bbc-d720-43da-98a8-e002c69ff5aa.sorted_genome_alignments.bam,165161184,160629916,4531268,0.027435429
UNCID_2245759.4d464cde-4885-4b17-9e02-23be26be0540.sorted_genome_alignments.bam,162422091,158188710,4233381,0.026064072
UNCID_2245784.4cb51871-a26f-467e-8742-bb7c09b26ed2.sorted_genome_alignments.bam,167525768,162633392,4892376,0.029203722
UNCID_2245869.c7f8cb76-3d15-41f0-8217-908db558eedc.sorted_genome_alignments.bam,139524603,127836430,11688173,0.083771412
UNCID_2245906.432d3081-de85-448f-8499-2446b25af20c.sorted_genome_alignments.bam,140176798,134257054,5919744,0.042230555
UNCID_2245914.a982e795-5256-439a-ae7b-9c250eefea53.sorted_genome_alignments.bam,159800541,153144653,6655888,0.041651223
UNCID_2245991.dce52b98-298c-4980-ba8b-3791b6528d4c.sorted_genome_alignments.bam,172844294,168121898,4722396,0.027321677
UNCID_2246125.5e38ec7f-6d2a-4e9c-98ee-fc00832d2aeb.sorted_genome_alignments.bam,178541743,174197658,4344085,0.024330921
UNCID_2246265.da7b3bf7-8f1f-4776-a314-46177f73965e.sorted_genome_alignments.bam,175176341,170399642,4776699,0.027267946
UNCID_2246387.bdeeae14-8973-4890-8e80-6458e139da50.sorted_genome_alignments.bam,129633416,126517752,3115664,0.02403442
UNCID_2247103.723cafa2-ce72-4c19-954b-9be09a1b08e9.sorted_genome_alignments.bam,133995979,129823759,4172220,0.031136904
UNCID_2247359.c0e22978-a96f-4b2d-bbad-b702817a00df.sorted_genome_alignments.bam,106024546,102490857,3533689,0.033328971
UNCID_2247411.131525c8-7f24-48c3-bef9-cc9414e793b8.sorted_genome_alignments.bam,143472048,136972015,6500033,0.045305222
UNCID_2247544.ffd6c7c5-d4c4-4ead-9e55-de8f6aa62182.sorted_genome_alignments.bam,148063297,144098125,3965172,0.026780249
UNCID_2247551.7c73dae6-4478-4cbc-aee1-0b18e730f7a2.sorted_genome_alignments.bam,159990073,152536151,7453922,0.046589903
UNCID_2247646.1be67822-b74f-4321-b7b9-2d85032d3ce6.sorted_genome_alignments.bam,139114822,135198374,3916448,0.028152629
UNCID_2247688.5abdff9b-a6a9-4564-9ac3-98a563f65fe6.sorted_genome_alignments.bam,148351343,144031929,4319414,0.02911611
UNCID_2247747.a76c84d3-7243-465b-bbfe-087dbfba4b24.sorted_genome_alignments.bam,158936140,154095978,4840162,0.030453502
UNCID_2247771.8cb97760-f404-486a-9957-f90d1026bc08.sorted_genome_alignments.bam,151670816,147528396,4142420,0.027311912
UNCID_2247812.7b08f556-fe8b-42bc-9127-9881403170e8.sorted_genome_alignments.bam,135754195,129642428,6111767,0.045020833
UNCID_2247868.e4fcb1f0-4637-49c4-ba32-3d037ccc25f2.sorted_genome_alignments.bam,145295547,140797149,4498398,0.030960329
UNCID_2247939.1559de5f-fdc1-4f3e-8ae9-f39ca529c952.sorted_genome_alignments.bam,146928252,141438689,5489563,0.037362202
UNCID_2248012.9ec15bb0-29a1-4285-8d6b-f9e5fa1b5126.sorted_genome_alignments.bam,126946392,121728390,5218002,0.04110398
UNCID_2248013.c30c0452-81d2-453d-91e2-2be1a07d02c7.sorted_genome_alignments.bam,184989930,179421506,5568424,0.030101228
UNCID_2248073.9014d9c4-ab6b-4318-9b07-c00266d9f5a9.sorted_genome_alignments.bam,156670046,137934468,18735578,0.119586216
UNCID_2248094.38755f31-a099-45fa-bb17-d78773e405ca.sorted_genome_alignments.bam,152714113,147603499,5110614,0.033465237
UNCID_2248406.00624286-41dd-476f-a63b-d2a5f484bb45.sorted_genome_alignments.bam,145696150,141317277,4378873,0.03005483
UNCID_2248420.9d5cd723-da40-47ce-a413-20057593905d.sorted_genome_alignments.bam,194407701,188973933,5433768,0.027950374
UNCID_2248436.e447c057-5e90-4fef-a916-6ab71092fcb5.sorted_genome_alignments.bam,164320293,160116217,4204076,0.025584643
UNCID_2248467.7cecef67-73bf-4003-821c-e42ce6adfab7.sorted_genome_alignments.bam,149565249,142016692,7548557,0.050469993
UNCID_2248621.ff7431a9-243a-4651-80bb-096379925bbe.sorted_genome_alignments.bam,169421490,162638248,6783242,0.040037672
UNCID_2248653.166144b5-1d22-4a3a-84a9-31bc04e3560f.sorted_genome_alignments.bam,176307434,172480800,3826634,0.021704326
UNCID_2248983.0697ab9a-88cc-4428-b02a-7666f0a772fa.sorted_genome_alignments.bam,184519541,178359672,6159869,0.033383288
UNCID_2249179.c0b48dda-b719-4a9d-b732-1b0b10efd1ad.sorted_genome_alignments.bam,161395369,155268788,6126581,0.037960079
UNCID_2249209.c51e3133-d702-41cd-af51-094a31f449d4.sorted_genome_alignments.bam,136370629,131369701,5000928,0.036671592
UNCID_2250126.81417e28-9132-4081-a85f-ed63396427c3.sorted_genome_alignments.bam,138843827,131647198,7196629,0.051832546
UNCID_2250213.327c179d-b8d0-4e9b-9e0a-54d1b2e649b2.sorted_genome_alignments.bam,207280694,200696897,6583797,0.031762712
UNCID_2250246.3b7ae466-954f-42aa-8e01-9908ef1c8123.sorted_genome_alignments.bam,145284887,130007134,15277753,0.105157207
UNCID_2250277.c6a43471-d6ec-407c-8f15-031952ec675b.sorted_genome_alignments.bam,122910914,118501641,4409273,0.03587373
UNCID_2250523.c7abd76a-60ff-4329-b93a-2a5939c93aac.sorted_genome_alignments.bam,153478341,147759465,5718876,0.037261779
UNCID_2250524.5cb6b038-fe0b-48db-af0b-2a25beb8d79b.sorted_genome_alignments.bam,146154095,139510402,6643693,0.045456769
UNCID_2250601.90acf286-18d7-40ff-ac1a-d56e0ced5c89.sorted_genome_alignments.bam,130895320,126630521,4264799,0.032581753
UNCID_2250735.5a2bb92e-0429-42c3-90af-816fff63e202.sorted_genome_alignments.bam,144212541,138322305,5890236,0.040844132
UNCID_2250736.9072817e-8a67-4f62-a0a6-8afc42b7037b.sorted_genome_alignments.bam,164535392,159543928,4991464,0.030336719
UNCID_2250747.2aac1ce6-fc3e-474c-9e0e-5a6d05ff9168.sorted_genome_alignments.bam,178957623,173448199,5509424,0.030786193
UNCID_2250748.e70174b7-a2d3-4136-9da4-28a9cf123759.sorted_genome_alignments.bam,150491091,145809537,4681554,0.031108513
UNCID_2250749.10f253bd-1cdd-4515-a7fa-b9ed6e1a1790.sorted_genome_alignments.bam,172167440,166018988,6148452,0.035712049
UNCID_2250858.904651ef-61fe-4452-b9ee-0e2821794a1e.sorted_genome_alignments.bam,171825065,166557191,5267874,0.030658356
UNCID_2250859.02c76d24-f1d2-4029-95b4-8be3bda8fdbe.sorted_genome_alignments.bam,122111062,117000264,5110798,0.041853686
UNCID_2251055.bb63bf5c-23d6-426f-96e2-db77aff678b3.sorted_genome_alignments.bam,154163576,149754344,4409232,0.028600997
UNCID_2251639.80ab3bb7-f083-4414-8d50-122ea25e6526.sorted_genome_alignments.bam,185488257,180448913,5039344,0.027167995
UNCID_2251657.8349b70a-dad2-492a-a7d1-95e734a96a5e.sorted_genome_alignments.bam,186699962,179987105,6712857,0.035955321
UNCID_2251689.a6c864ab-812c-4f4c-be39-7a38a6fc7973.sorted_genome_alignments.bam,190666977,185034242,5632735,0.029542268
UNCID_2251724.c7e03f4d-910e-4913-aac6-de1b70a47479.sorted_genome_alignments.bam,208865911,203251869,5614042,0.02687869
UNCID_2251741.95544425-6012-4385-a6d1-1662cb992d8b.sorted_genome_alignments.bam,213475978,207699624,5776354,0.027058567
UNCID_2251750.8d4e4845-5522-4a77-ae50-8a4888219b14.sorted_genome_alignments.bam,204373932,199520093,4853839,0.023749795
UNCID_2251762.f992d081-e919-4f45-9c43-70a3de5d51f9.sorted_genome_alignments.bam,209744271,203368973,6375298,0.030395576
UNCID_2251816.a36f18b0-3978-4a46-bb1c-7c0839f492e9.sorted_genome_alignments.bam,223461987,214077746,9384241,0.041994798
UNCID_2251901.470f2bb9-1dd8-4e57-a8a5-e6b7c8de78dd.sorted_genome_alignments.bam,216112335,208356747,7755588,0.035886836
UNCID_2251942.ca9882fa-7f02-4277-9786-b9394f451f7b.sorted_genome_alignments.bam,224106982,207162146,16944836,0.075610478
UNCID_2251951.424af09f-832e-46ee-967d-d4113f0078b6.sorted_genome_alignments.bam,273690092,266363151,7326941,0.02677094
UNCID_2251980.e6e89f3d-6c2b-46b3-9698-3d0ef5cbaed9.sorted_genome_alignments.bam,236002860,218319236,17683624,0.074929702
UNCID_2251999.40d7a5eb-3372-4665-b3fd-005cadab9139.sorted_genome_alignments.bam,209415260,200772850,8642410,0.041269247
UNCID_2253481.43077b04-13be-4fc0-a691-9cb49bdd50d5.sorted_genome_alignments.bam,102561978,99399826,3162152,0.030831621
UNCID_2253515.a3f81069-d0a9-49af-bd22-24c6142241b6.sorted_genome_alignments.bam,104916185,101306658,3609527,0.03440391
UNCID_2253553.c9e3d4c7-862b-4ef2-9a08-216fc44e0bdc.sorted_genome_alignments.bam,78604912,72792235,5812677,0.073948012
UNCID_2253609.b2ae2c3b-87c2-47e1-9d66-ae23a3f83919.sorted_genome_alignments.bam,112060681,108274031,3786650,0.033791067
UNCID_2253650.c5adfcce-a4a4-47bc-8b9e-7e81819b80a1.sorted_genome_alignments.bam,112474843,109231618,3243225,0.028835115
UNCID_2253693.dfffbe9c-c83a-4087-a3f7-2be3d63a2eaa.sorted_genome_alignments.bam,110740271,106388758,4351513,0.039294766
UNCID_2253742.5abe35ae-90bf-411e-b96f-b92c00718696.sorted_genome_alignments.bam,117034005,111680376,5353629,0.045744218
UNCID_2253774.05dbcfac-b558-4621-bc29-30d46658a121.sorted_genome_alignments.bam,105380710,101403793,3976917,0.037738567
UNCID_2253775.21a04fd6-500e-4d42-846b-b6b7783098fb.sorted_genome_alignments.bam,109517179,104759722,4757457,0.043440281
UNCID_2253821.b490a174-95fa-4681-be76-e1690fb17131.sorted_genome_alignments.bam,123930487,119879274,4051213,0.032689398
UNCID_2253853.a21c9103-6289-40c6-b6a1-5a87c039dbbc.sorted_genome_alignments.bam,123531968,119159842,4372126,0.035392669
UNCID_2253873.910a09c8-e263-48f5-84e9-861e631b2f52.sorted_genome_alignments.bam,124118705,119354877,4763828,0.038381225
UNCID_2253874.dbde3775-bbbc-4492-8449-6f04c4edc65d.sorted_genome_alignments.bam,122128582,112574790,9553792,0.078227323
UNCID_2253903.beb89362-12a9-41bd-a1a2-b597138c16fb.sorted_genome_alignments.bam,128633027,123567093,5065934,0.039382841
UNCID_2253910.e9e998be-4353-441e-83ec-d8c010b0dc79.sorted_genome_alignments.bam,133747869,129887628,3860241,0.028862075
UNCID_2253948.331785a5-59ba-441f-81dc-384d7f80905b.sorted_genome_alignments.bam,123861185,120071954,3789231,0.030592562
UNCID_2253964.da44c9b1-d38b-4b75-887c-ec1646969758.sorted_genome_alignments.bam,123736903,119558296,4178607,0.033770095
UNCID_2254000.e77c56f5-7575-46f0-9751-723085dbd6fc.sorted_genome_alignments.bam,131039483,126451347,4588136,0.035013386
UNCID_2254015.609eebe3-fa52-4050-b924-76eb776bc6a6.sorted_genome_alignments.bam,125790349,121541032,4249317,0.033780946
UNCID_2254016.fe6853dd-864f-4257-869f-a425aab32346.sorted_genome_alignments.bam,139103498,134648212,4455286,0.032028569
UNCID_2254485.ff72e5af-02df-4b5c-ac80-69551c78ac73.sorted_genome_alignments.bam,126904452,122118215,4786237,0.03771528
UNCID_2255432.0931a992-b009-4174-8017-a96295f2f447.sorted_genome_alignments.bam,150290522,145395174,4895348,0.032572566
UNCID_2255804.028824a6-0890-43c9-a46f-48a23483d205.sorted_genome_alignments.bam,140219984,133858274,6361710,0.045369496
UNCID_2257236.d7632cab-ab0e-4a4c-a051-0bb8965918ff.sorted_genome_alignments.bam,133917440,128282110,5635330,0.042080628
UNCID_2263925.5bce51af-fa6e-4fd2-b3b0-114eb8a275a9.sorted_genome_alignments.bam,101861032,79631502,22229530,0.218233897
UNCID_2264077.a8ed4489-1005-488c-9e8e-274b2cfd8a83.sorted_genome_alignments.bam,111529010,97791454,13737556,0.123174733
UNCID_2265159.c66f6b85-0626-4e3a-8ec6-1cfc0a7def6b.sorted_genome_alignments.bam,193373653,167383539,25990114,0.134403594
UNCID_2266444.4b2926c2-e50c-43ed-93df-a85901fcf0a2.sorted_genome_alignments.bam,130903075,126476210,4426865,0.033817884
UNCID_2266447.2b18be96-7a63-4bd7-b937-db23d45dd36c.sorted_genome_alignments.bam,113644523,109517626,4126897,0.036314086
UNCID_2266539.5d93dde1-846e-4ba9-b27e-107a9570deed.sorted_genome_alignments.bam,144437932,139608089,4829843,0.033438882
UNCID_2266561.9fe04d07-57ba-434f-8254-184fe00ab23e.sorted_genome_alignments.bam,123008554,118681011,4327543,0.03518083
UNCID_2266570.d139f13a-72aa-4bd8-bee2-c60c6bb016f2.sorted_genome_alignments.bam,125429479,119523038,5906441,0.047089736
UNCID_2266614.9d5f0b9f-ff36-4a80-8472-412d0ec803c5.sorted_genome_alignments.bam,119772255,114982679,4789576,0.039989028
UNCID_2266653.777d3cf0-1f4a-42e9-b88c-cdf2d783b24d.sorted_genome_alignments.bam,107061859,100684338,6377521,0.059568562
UNCID_2266683.f5380a4f-3678-45b2-bfc2-5b3c0d346dcd.sorted_genome_alignments.bam,151413371,146493850,4919521,0.032490664
UNCID_2266684.329903de-677b-453d-a2be-00f59bc22184.sorted_genome_alignments.bam,134673858,129712393,4961465,0.036840595
UNCID_2266693.7e486bc9-7675-4e1d-80c2-bff4c0b40804.sorted_genome_alignments.bam,143277394,137466617,5810777,0.040556133
UNCID_2266768.9f1118f7-2469-4161-9930-58af9b633b66.sorted_genome_alignments.bam,157050715,151113995,5936720,0.037801292
UNCID_2266770.576cc9e7-f32b-4478-a8a6-e77c16a07e35.sorted_genome_alignments.bam,160270387,154269265,6001122,0.037443736
UNCID_2266846.e2dbf718-1895-4749-b0aa-5fd8acc2f9bc.sorted_genome_alignments.bam,150460641,145232552,5228089,0.03474722
UNCID_2267184.265c0257-54b6-4b79-8c9a-d56ca8bbdb48.sorted_genome_alignments.bam,194040760,187497049,6543711,0.033723384
UNCID_2268919.4e7bf9e5-e1a5-4a5b-8e32-0768fdf4a3cf.sorted_genome_alignments.bam,108906202,105185928,3720274,0.03416035
UNCID_2268923.d6e91e40-d498-45eb-8cc7-e191c50f077e.sorted_genome_alignments.bam,132630059,127700212,4929847,0.037169907
UNCID_2268926.21ff9c47-d971-4c0f-b9ff-103a817f5eb4.sorted_genome_alignments.bam,128613311,124080187,4533124,0.03524615
UNCID_2268931.fdced5ba-d0d5-4e07-b001-9d740cc48898.sorted_genome_alignments.bam,139231987,134238267,4993720,0.035866184
UNCID_2268934.e32dbf45-c066-454e-8b38-85d52151f623.sorted_genome_alignments.bam,152939867,144169508,8770359,0.057345146
UNCID_2268935.f514a04f-e20a-497f-98a0-747474815ecd.sorted_genome_alignments.bam,145353721,140630500,4723221,0.032494669
UNCID_2268938.5a57bf22-5617-4ea0-887e-0610fff74790.sorted_genome_alignments.bam,144115156,137376590,6738566,0.046758205
UNCID_2268941.5089e59f-7c52-4c4d-a1f3-a4cbd84877ae.sorted_genome_alignments.bam,154386398,148784164,5602234,0.036287096
UNCID_2268944.6369f5c8-dbd0-4c80-a621-5c3310ebad45.sorted_genome_alignments.bam,151984321,146568896,5415425,0.035631471
UNCID_2268947.58e03221-6257-4bf1-984f-ee7a92418c13.sorted_genome_alignments.bam,162271835,156450231,5821604,0.035875628
UNCID_2268950.849208d7-caaf-488e-a489-5638858f6883.sorted_genome_alignments.bam,168716780,160537227,8179553,0.048480969
UNCID_2268953.7e4fcbe3-07e2-4f26-8a7d-5655d0be0f6a.sorted_genome_alignments.bam,158351744,152794567,5557177,0.035093879
UNCID_2268956.3d2e42a7-d83f-471b-ac4c-19f3d62eb0ee.sorted_genome_alignments.bam,144261246,139525519,4735727,0.032827437
UNCID_2268966.ef9256b0-f4e0-4a1e-9ea2-d4afb75b7ba9.sorted_genome_alignments.bam,163594872,156874504,6720368,0.041079332
UNCID_2268967.fcac06b5-0096-4004-b3a6-1af7c708b82d.sorted_genome_alignments.bam,164540831,155319180,9221651,0.056044758
UNCID_2268968.05511b6c-4529-4081-a8aa-aeed061c5159.sorted_genome_alignments.bam,175110588,168792766,6317822,0.036079041
UNCID_2269047.0d3127f8-b7f0-4752-af62-4b093f959b27.sorted_genome_alignments.bam,167970740,160875174,7095566,0.042242869
UNCID_2269053.5f56116d-79cb-4213-ae59-1b2922d79d17.sorted_genome_alignments.bam,149474217,140945596,8528621,0.057057472
UNCID_2269056.4ecc68c5-c6d1-4c12-a026-1eed1a40e28d.sorted_genome_alignments.bam,178077516,170312800,7764716,0.043603012
UNCID_2269118.ede9effc-6462-4ecc-9be3-2ec0bb4d7c2f.sorted_genome_alignments.bam,244526060,234961809,9564251,0.039113422
UNCID_2270055.29f04e49-c5db-4d72-9d69-345604b54312.sorted_genome_alignments.bam,154641962,150433024,4208938,0.027217309
UNCID_2270073.2e691339-21b8-452d-a399-41247febd91f.sorted_genome_alignments.bam,140991116,136262011,4729105,0.033541865
UNCID_2270185.8fa20d18-8c73-4857-91cb-cf4e6bc180d0.sorted_genome_alignments.bam,164772851,160000583,4772268,0.028962708
UNCID_2271019.059686a6-baf9-4609-a26f-2d0fa3b7a685.sorted_genome_alignments.bam,129902765,125454948,4447817,0.034239587
UNCID_2271038.8e2c16f2-38cc-49ad-adca-dbe5f4e0bf7f.sorted_genome_alignments.bam,139520686,133677156,5843530,0.041882893
UNCID_2271047.a4d5d968-7d95-4f41-b0ce-b2dcc9a073ea.sorted_genome_alignments.bam,132486246,127248248,5237998,0.039536164
UNCID_2271078.22609052-fb11-4d62-bbfa-4837b30f37ac.sorted_genome_alignments.bam,141378352,134426623,6951729,0.049171099
UNCID_2271170.d450a178-59b3-4dd1-9eeb-8ef305df02ef.sorted_genome_alignments.bam,146306044,138846433,7459611,0.050986349
UNCID_2271365.05b85bc7-87db-49bb-85cf-e494554ab191.sorted_genome_alignments.bam,158204690,152455133,5749557,0.036342519
UNCID_2271494.5e6fdaa5-ce70-4f0a-a2d8-d66854cb9875.sorted_genome_alignments.bam,179900758,173800994,6099764,0.033906272
UNCID_2271564.bc32671c-a95d-4a44-a42a-dcc617cf68f1.sorted_genome_alignments.bam,202989128,195048701,7940427,0.039117499
UNCID_2273532.ff504261-6803-4f5f-920c-7e82fa5ac9e3.sorted_genome_alignments.bam,106582185,99514110,7068075,0.066315726
UNCID_2273608.ca010055-253d-4506-a55b-ae36d10805a1.sorted_genome_alignments.bam,214121005,105403621,108717384,0.507738061
UNCID_2273724.488f0839-d0af-4ae0-971b-3e574e126c8a.sorted_genome_alignments.bam,187958437,183136983,4821454,0.025651703
UNCID_2273730.97e6f1c1-f080-4b0d-b53e-17282379ec92.sorted_genome_alignments.bam,191300665,172470248,18830417,0.09843362
UNCID_2273931.ef85707b-a094-4d15-b932-be6801df1a76.sorted_genome_alignments.bam,179439657,155589537,23850120,0.132914432
UNCID_2274008.d94b0706-5462-4382-8e57-13420c7e8e7b.sorted_genome_alignments.bam,235097466,188217980,46879486,0.199404472
UNCID_2274009.53ab4f3b-dfd6-4a25-88c1-6e9295a338e4.sorted_genome_alignments.bam,218351938,172268197,46083741,0.211052585
UNCID_2274738.d2a9d239-ad6c-40bd-92ea-c05f0b6db305.sorted_genome_alignments.bam,197566983,186674856,10892127,0.055131312
UNCID_2274760.9207eba7-e42f-4663-b1af-250971977c83.sorted_genome_alignments.bam,222672919,197995478,24677441,0.110823719
UNCID_2275096.4195c5cf-6750-4266-86ff-9942914962b1.sorted_genome_alignments.bam,221062682,213860928,7201754,0.032577882
UNCID_2275117.72da97cd-7b0c-414c-82ee-ae82091af5b3.sorted_genome_alignments.bam,236989897,182702147,54287750,0.229072001
UNCID_2275158.1a95972b-00b5-47df-931d-9a7630d568bc.sorted_genome_alignments.bam,222460937,200728669,21732268,0.097690266
UNCID_2275279.0ff4e605-24f6-4b88-8176-37085d189cc9.sorted_genome_alignments.bam,236261577,210287906,25973671,0.109936077
UNCID_2275308.67ae72cb-fde7-4c65-842a-c52a9c762ad6.sorted_genome_alignments.bam,250124981,202553170,47571811,0.190192162
UNCID_2275325.06d706f6-4e05-4ffc-9b75-f9fccb639a33.sorted_genome_alignments.bam,244773440,220654244,24119196,0.098536818
UNCID_2275363.bdb0340d-da29-440a-8f4e-7d1fac2d59ac.sorted_genome_alignments.bam,233959976,223640413,10319563,0.044108241
UNCID_2275391.42d6cbaf-c79c-4189-a25c-8e439d73daf1.sorted_genome_alignments.bam,232576526,206331346,26245180,0.112845352
UNCID_2275438.d517fd04-2868-4d22-a0d6-cfe81e885601.sorted_genome_alignments.bam,239305156,210628153,28677003,0.119834455
UNCID_2275466.0057584d-94d8-4522-9396-00e2ba39368c.sorted_genome_alignments.bam,228757042,216461088,12295954,0.05375115
UNCID_2275497.83fa4a82-ee27-4c93-a685-b72c8b90a9d1.sorted_genome_alignments.bam,245564386,227095438,18468948,0.075210206
UNCID_2275517.d339980f-bcc9-4e22-8059-75a74e690744.sorted_genome_alignments.bam,257606478,231295809,26310669,0.102135122
UNCID_2275587.4b5b01c8-6080-4354-af1d-20035f19f9fd.sorted_genome_alignments.bam,251936938,223993807,27943131,0.110913196
UNCID_2275654.59f2977c-e553-4968-a1f8-c902e1e45ef2.sorted_genome_alignments.bam,229201336,223102349,6098987,0.026609736
UNCID_2275739.376bf5b1-9205-46c8-aa7e-28e38de6cc4d.sorted_genome_alignments.bam,244421344,227121384,17299960,0.070779252
UNCID_2275771.fa89193c-5cdd-4092-931e-867270bef743.sorted_genome_alignments.bam,257372387,247176219,10196168,0.039616402
UNCID_2275872.6abdede0-96f9-4739-a623-376c783a56ae.sorted_genome_alignments.bam,247398125,237325600,10072525,0.040713829
UNCID_2275890.7e2e250b-e5c7-466d-aecb-e1b12cb04ca5.sorted_genome_alignments.bam,362909404,338768168,24141236,0.066521384
UNCID_2275903.5783ffe1-9d1f-4a51-9099-f1c74cbecc76.sorted_genome_alignments.bam,246445028,224160793,22284235,0.090422741
UNCID_2276154.c33f729e-5b49-4bc4-b315-262271999e8e.sorted_genome_alignments.bam,278362526,264401229,13961297,0.050155088
UNCID_2276224.f523f957-9d71-49a4-8c2d-b6a1301f49ed.sorted_genome_alignments.bam,127504272,121548167,5956105,0.046712984
UNCID_2276267.46154213-1bd9-4de6-b396-bb0016d56bbd.sorted_genome_alignments.bam,116346498,110466460,5880038,0.05053902
UNCID_2276382.a956aa35-fb64-4fce-bece-044bd71692f5.sorted_genome_alignments.bam,158849300,148780731,10068569,0.063384409
UNCID_2276474.4c7061f2-ff48-4079-97b6-7ae3c7c0f905.sorted_genome_alignments.bam,146689879,139314870,7375009,0.050276195
UNCID_2276484.b3450230-a250-4c22-ac3b-639abe51fc7b.sorted_genome_alignments.bam,148202481,137736559,10465922,0.070619074
UNCID_2276497.c5284e5c-9566-4248-a168-362eb039ffe7.sorted_genome_alignments.bam,148740941,142052008,6688933,0.044970356
UNCID_2276585.481d7eb6-90ed-4d5c-8b98-4a46777a1b8c.sorted_genome_alignments.bam,140684707,134574316,6110391,0.043433228
UNCID_2276586.6563f101-9cbe-4126-a5dd-fa33c694c257.sorted_genome_alignments.bam,140914545,133093566,7820979,0.055501574
UNCID_2276643.0526f969-084d-4f40-beac-0ef3acf02e3b.sorted_genome_alignments.bam,100820465,92819968,8000497,0.079353899
UNCID_2277006.b8244afb-224b-4bd4-bd6d-caf6619f0e2a.sorted_genome_alignments.bam,159652815,148935711,10717104,0.067127561
UNCID_2277042.e60804b1-edc8-40e6-b9a1-9a02682f30d6.sorted_genome_alignments.bam,134090247,127298903,6791344,0.050647561
UNCID_2277852.46bc5230-2912-4e5e-a5c0-7a2f5aa6b682.sorted_genome_alignments.bam,122659875,113552617,9107258,0.074248062
UNCID_2277885.fec08c47-a556-4bef-a20f-b3985d30a500.sorted_genome_alignments.bam,156690594,148568809,8121785,0.051833264
UNCID_2277917.6bcd916f-8522-40d7-bd66-bf509789e34d.sorted_genome_alignments.bam,150179998,142819159,7360839,0.049013445
UNCID_2277996.eaf06648-a8ec-4813-8618-0ccf86d0f809.sorted_genome_alignments.bam,150438119,143640779,6797340,0.045183628
UNCID_2278093.570cae57-25b0-401d-a911-da8d44e8b291.sorted_genome_alignments.bam,156555590,149422835,7132755,0.045560526
UNCID_2278207.0c53d4ad-c5b9-4bdc-8154-99cf0b715dd5.sorted_genome_alignments.bam,142108655,134694314,7414341,0.052173747
UNCID_2278446.f36d565e-7fea-4fae-87b2-70d7e75b36ef.sorted_genome_alignments.bam,19503043,14062438,5440605,0.278961852
UNCID_2278704.c0393618-b453-496b-b53b-c774054f9238.sorted_genome_alignments.bam,199513853,192440295,7073558,0.035453969
UNCID_2278780.96312391-1348-4344-8005-40350f6074f4.sorted_genome_alignments.bam,217791220,211023854,6767366,0.031072722
UNCID_2278813.d3c9cc63-ca20-47de-b635-f843c7d3a824.sorted_genome_alignments.bam,204185166,186297995,17887171,0.087602696
UNCID_2278839.1b0bc4c7-b2b5-434b-8d15-05c2ad8e027a.sorted_genome_alignments.bam,215818068,189015650,26802418,0.124189871
UNCID_2278865.0c879828-5cfa-4b58-805e-0a1f78fc8fe7.sorted_genome_alignments.bam,230313040,223115922,7197118,0.031249286
UNCID_2278902.00055bad-54b7-4898-a9ae-3dd8036e62d3.sorted_genome_alignments.bam,228944460,194419036,34525424,0.150802618
UNCID_2278920.5dbb154c-dc6b-4217-afb2-e6339171bad3.sorted_genome_alignments.bam,244969033,231173837,13795196,0.05631404
UNCID_2278939.d42e2e38-07f6-474e-8ced-ad87b671db7c.sorted_genome_alignments.bam,247674308,234939811,12734497,0.051416302
UNCID_2278948.8e901591-a236-4208-899b-f1bde1e5f841.sorted_genome_alignments.bam,208052310,200990834,7061476,0.033940868
UNCID_2278949.45e06598-828f-4d6f-92ed-5f05fb72f8d7.sorted_genome_alignments.bam,221075783,196596716,24479067,0.11072704
UNCID_2278969.5f7fa5f2-7ba5-47ba-8748-68caf2d08950.sorted_genome_alignments.bam,250405196,235984897,14420299,0.057587859
UNCID_2278974.406d5669-f183-45eb-9a5c-df6fe081d1fe.sorted_genome_alignments.bam,250339614,241073473,9266141,0.037014282
UNCID_2279016.24664b94-f5b5-4a99-a09b-66e23edf5916.sorted_genome_alignments.bam,221209070,199601418,21607652,0.097679774
UNCID_2279025.7ee68b4e-e81d-438d-97b2-d89fe7405a74.sorted_genome_alignments.bam,255662970,243038335,12624635,0.04937999
UNCID_2279079.8a59f553-05f9-4f5e-bb4e-2b119e6af0e5.sorted_genome_alignments.bam,229353504,193655399,35698105,0.155646652
UNCID_2279100.3a13becc-9a26-496c-b028-5a72315d2cfe.sorted_genome_alignments.bam,253394644,241492298,11902346,0.046971577
UNCID_2279131.00683b30-d386-48a8-ad29-4f4698864c66.sorted_genome_alignments.bam,210577043,200163410,10413633,0.049452841
UNCID_2279132.bfc09e68-6bea-41d3-be16-5691731c5b69.sorted_genome_alignments.bam,215808882,207351582,8457300,0.039188841
UNCID_2279285.44be9bd3-c7ab-4310-898d-c462a88926d2.sorted_genome_alignments.bam,230938349,223618932,7319417,0.031694247
UNCID_2279380.4ad0254b-a6c5-4ff2-94ec-8711210c0820.sorted_genome_alignments.bam,247586567,234550601,13035966,0.052652154
UNCID_2281119.2ae61701-4a53-4f5f-be5c-7ff978b458b1.sorted_genome_alignments.bam,126475265,120517537,5957728,0.047105875
UNCID_2281141.ca1b7ca7-5c8b-442d-ab3d-29bd16de1229.sorted_genome_alignments.bam,114926370,109867293,5059077,0.044020158
UNCID_2281185.314e00aa-9786-4634-a845-45860853daa9.sorted_genome_alignments.bam,129506150,124419689,5086461,0.039275826
UNCID_2281215.b68f9935-3265-4930-a221-61bc9f8e2eda.sorted_genome_alignments.bam,144271374,137512782,6758592,0.046846383
UNCID_2281282.fefca722-e97b-4371-98a8-a8b2f884370a.sorted_genome_alignments.bam,128505902,122568503,5937399,0.046203318
UNCID_2281305.31a1cf5c-f1ba-400f-8722-081c9cf7f013.sorted_genome_alignments.bam,130621954,121052313,9569641,0.073262118
UNCID_2281343.773d237c-995c-4e0b-aaf1-3b78763ae704.sorted_genome_alignments.bam,149047257,138146101,10901156,0.073138924
UNCID_2281344.9a6f68d0-8fd9-4985-a231-3c19b6c30581.sorted_genome_alignments.bam,146071401,141010774,5060627,0.034644886
UNCID_2281406.f79e1de7-39d7-4518-8bd5-3f387d0893dc.sorted_genome_alignments.bam,133740259,128025565,5714694,0.042729796
UNCID_2281413.47c88c6e-4f26-46bc-8198-06c211f64e00.sorted_genome_alignments.bam,141215584,134677465,6538119,0.046298849
UNCID_2281450.2532b16b-1217-43df-aa69-cdbb5f9c3778.sorted_genome_alignments.bam,136948482,131016765,5931717,0.043313492
UNCID_2281484.9cfe7287-c1aa-4fc0-8d4f-dc72655b2810.sorted_genome_alignments.bam,149636317,143886329,5749988,0.03842642
UNCID_2281485.7ad9720d-18e2-472f-a267-525f191a23ca.sorted_genome_alignments.bam,145955254,139593606,6361648,0.04358629
UNCID_2281554.ad3c5cd7-6115-4e63-a282-f3f02907ebe5.sorted_genome_alignments.bam,116066185,101538016,14528169,0.125171418
UNCID_2281584.26aac147-be13-44e0-9bc5-74366c01f726.sorted_genome_alignments.bam,140549596,133696263,6853333,0.048760958
UNCID_2281622.3e24a094-75e7-4965-9299-2bfd09f9dac4.sorted_genome_alignments.bam,167186090,159454119,7731971,0.046247693
UNCID_2281675.87f34b91-9208-4e81-a4ce-9eecb0e0b9af.sorted_genome_alignments.bam,170967039,164119584,6847455,0.040051317
UNCID_2281729.d21fb27d-34af-4386-a20d-d6a6eb891f9b.sorted_genome_alignments.bam,169288490,162786391,6502099,0.038408394
UNCID_2281755.2d5bb19c-0df7-499a-891d-f67e6b202820.sorted_genome_alignments.bam,173366733,166817704,6549029,0.037775581
UNCID_2281756.f0d6b561-bfd2-41b7-a43c-1006370eec8f.sorted_genome_alignments.bam,171489782,163656495,7833287,0.045677864
UNCID_2281757.069ceb60-d007-4b57-a0b6-0ad05ba49dfa.sorted_genome_alignments.bam,179577739,173200079,6377660,0.035514758
UNCID_2281851.108c3fda-c681-4030-8a51-c21b0108b78e.sorted_genome_alignments.bam,158898061,153343688,5554373,0.034955574
UNCID_2281901.0ebc7d28-128d-4842-9e10-28abb1953b72.sorted_genome_alignments.bam,162079508,148168266,13911242,0.08582974
UNCID_2281963.92962fd5-2a14-4e63-ae3f-97cdb83934ab.sorted_genome_alignments.bam,147233384,140609784,6623600,0.04498708
UNCID_2281974.c73b5974-5e67-41c9-b2c9-b38420465112.sorted_genome_alignments.bam,153072139,145908157,7163982,0.046801345
UNCID_2281975.77212876-e70b-4697-bf83-240e2a0a4c56.sorted_genome_alignments.bam,155830861,145133479,10697382,0.068647391
UNCID_2281976.ba21fa26-1b4c-4bb5-a43e-0c455e54f76e.sorted_genome_alignments.bam,155601114,142985540,12615574,0.081076373
UNCID_2282175.9c737eba-552c-4952-aa86-6c54edad4fb1.sorted_genome_alignments.bam,164284991,157593446,6691545,0.040731323
UNCID_2282226.2349d0c9-9b3d-4ca7-a8bb-987736c4585d.sorted_genome_alignments.bam,185076115,177830805,7245310,0.039147731
UNCID_2282383.6faa391d-a7e8-4a3f-a89b-9bd1a588cf5f.sorted_genome_alignments.bam,190680940,180224513,10456427,0.054837295
UNCID_2282845.4a3e65c1-08b7-4154-a429-2fe24b0f8109.sorted_genome_alignments.bam,136012736,127881783,8130953,0.059780821
UNCID_2282879.8a3bb9f6-2272-4cf6-8478-9bd51484f5c9.sorted_genome_alignments.bam,128567354,120006631,8560723,0.066585511
UNCID_2282998.bf92b8cc-9a5c-4e96-917c-c264fe588f8d.sorted_genome_alignments.bam,155811825,148663405,7148420,0.045878546
UNCID_2283015.a7f46d1b-b6f3-4b3e-a5aa-12eddaf26a44.sorted_genome_alignments.bam,137556470,129950905,7605565,0.055290493
UNCID_2283050.5b345610-029c-40b8-b39a-7d6657a6866e.sorted_genome_alignments.bam,139665690,133568603,6097087,0.043654866
UNCID_2283096.e8f06567-7853-4e8c-a844-b27c7ac87327.sorted_genome_alignments.bam,153461968,148621091,4840877,0.031544474
UNCID_2283124.b8290920-9642-4137-ad13-88590a6694e8.sorted_genome_alignments.bam,158948780,151384892,7563888,0.047586952
UNCID_2283135.16cdf5cd-439a-4b8a-b1b5-9887c910cdc1.sorted_genome_alignments.bam,158817906,152100928,6716978,0.042293581
UNCID_2283151.47adb423-3e97-4d73-86ab-3daafc157f5f.sorted_genome_alignments.bam,141829579,134063342,7766237,0.054757527
UNCID_2283196.98270d92-be35-42c5-86fa-371dacb19331.sorted_genome_alignments.bam,161812349,154115975,7696374,0.047563576
UNCID_2283252.7737e9f0-02f1-427b-9acf-619aa5563059.sorted_genome_alignments.bam,180699486,174292253,6407233,0.035457948
UNCID_2283292.f0c640c5-2779-4d91-8244-9d2d39d83790.sorted_genome_alignments.bam,161774080,155343515,6430565,0.03975028
UNCID_2283334.ac4077ca-1cc5-4df5-b621-94e2cb8ecd0f.sorted_genome_alignments.bam,137035525,128582435,8453090,0.061685391
UNCID_2283356.323b6c3b-a058-4bea-a4fa-38752f26ca6c.sorted_genome_alignments.bam,189676768,183799644,5877124,0.030984944
UNCID_228921.TCGA-CM-4744-01A-01R-1410-07.110426_UNC6-RDR300211_00099_FC_634Y9AAXX.8.trimmed.annotated.translated_to_genomic.bam,11386505,9885587,1500918,0.131815513
UNCID_229498.TCGA-AA-A01I-01A-02R-A089-07.110426_UNC6-RDR300211_00099_FC_634Y9AAXX.7.trimmed.annotated.translated_to_genomic.bam,37219102,31980389,5238713,0.140753342
UNCID_2296408.7a413cfc-1506-4c24-883d-bd6098812b9b.sorted_genome_alignments.bam,175127909,162543225,12584684,0.071859957
UNCID_2296430.5e9f382b-467c-450b-9921-828e39759a44.sorted_genome_alignments.bam,218401300,204629656,13771644,0.063056603
UNCID_2296458.2afe2e25-2cd9-4bdf-a21a-48d4fb1d2b53.sorted_genome_alignments.bam,207486499,197295026,10191473,0.049118728
UNCID_2296474.5d90f291-72a8-4375-81da-b6c594706ae8.sorted_genome_alignments.bam,238940601,230260276,8680325,0.03632838
UNCID_2296485.ce1002ad-5eda-4beb-9939-bc4a648ec4ec.sorted_genome_alignments.bam,224455460,215950999,8504461,0.037889303
UNCID_2296507.cd889d58-7d2f-4c0a-8252-de3c6f056333.sorted_genome_alignments.bam,245475332,236936489,8538843,0.034784933
UNCID_2296532.b789e85b-efeb-46e2-9376-c6898018e46b.sorted_genome_alignments.bam,242852722,229691337,13161385,0.054194925
UNCID_2296541.3170ac7d-3d8a-4e25-afb1-8931f05f54e4.sorted_genome_alignments.bam,239777139,230230305,9546834,0.039815447
UNCID_2296561.f9a8731b-2c45-48b0-b5df-3fe8d4706c12.sorted_genome_alignments.bam,231262593,212941540,18321053,0.079221861
UNCID_2296579.fa83e8b5-f08b-4453-987e-b7e0d0b3dd65.sorted_genome_alignments.bam,252118711,244396813,7721898,0.030628024
UNCID_2296623.9692c7d3-3098-46ba-92ee-e72692f3adba.sorted_genome_alignments.bam,251567518,236531084,15036434,0.059770968
UNCID_2296680.b629190c-9d4b-4cb4-8b3d-c0137774cc72.sorted_genome_alignments.bam,218326253,201169047,17157206,0.078585171
UNCID_2296901.5b7d536d-3683-401e-af82-2abf33195181.sorted_genome_alignments.bam,353260679,331043081,22217598,0.062892927
UNCID_2303000.036cbd41-560c-452d-94c4-f9ffeb1a3c46.sorted_genome_alignments.bam,128586615,122504848,6081767,0.047297046
UNCID_2303093.509563ff-856a-45f0-a2e2-5ad04e652dae.sorted_genome_alignments.bam,159566165,153713546,5852619,0.036678321
UNCID_2303126.a061d300-0dec-42c6-a21c-13af7bba943d.sorted_genome_alignments.bam,157018017,150887269,6130748,0.03904487
UNCID_2303184.83393025-bd1c-430a-8438-fe8e79ae9dc5.sorted_genome_alignments.bam,170980910,165373549,5607361,0.032795246
UNCID_2303204.253e692f-71db-4a5a-b2f4-9e640ef831a2.sorted_genome_alignments.bam,165579249,159368990,6210259,0.037506264
UNCID_2303208.1cbc3e13-be23-4e97-9127-69eaf5dc87f5.sorted_genome_alignments.bam,143731986,138243665,5488321,0.038184409
UNCID_2303209.8aa89c02-8881-43f5-8e5c-8ce31d1b760e.sorted_genome_alignments.bam,161685892,154643538,7042354,0.043555773
UNCID_2303245.453cdfcc-52a8-4ab0-80ac-ce1dc1bc1bf8.sorted_genome_alignments.bam,171714838,164491644,7223194,0.042065054
UNCID_2303279.1fc1f310-7d16-4c24-b9bb-ff9c0a394e26.sorted_genome_alignments.bam,168566893,161426501,7140392,0.042359397
UNCID_2303309.9fd9dc77-9ec1-445b-9326-254c272d38c4.sorted_genome_alignments.bam,173358050,166604731,6753319,0.038955901
UNCID_2303329.b2a99408-7ba1-40d7-8338-dc8c07d65aef.sorted_genome_alignments.bam,170805100,163218806,7586294,0.044414915
UNCID_2303367.8f9bdd3c-3c62-486c-a64c-f408d58d6e30.sorted_genome_alignments.bam,159612323,153635637,5976686,0.037445016
UNCID_2303382.7af22bfc-9dbf-48a1-89d6-b8584bab10bb.sorted_genome_alignments.bam,181540673,175459838,6080835,0.033495717
UNCID_2303400.59bdeac5-3c5b-4140-b8ef-4c5dc91fb9ba.sorted_genome_alignments.bam,168101942,157340364,10761578,0.064018166
UNCID_2303471.7aed54d8-79aa-45eb-8afc-ffc97f18232c.sorted_genome_alignments.bam,195250108,185181317,10068791,0.051568683
UNCID_2303482.195c3ccb-463b-4a68-ab8e-bcd2e0ce05d5.sorted_genome_alignments.bam,191130294,181840029,9290265,0.048606973
UNCID_2303497.71120f54-314f-4b8d-abdb-409148805743.sorted_genome_alignments.bam,196799940,189644540,7155400,0.036358751
UNCID_2303561.fceb1551-4b16-45de-8ba0-7906aa3fe841.sorted_genome_alignments.bam,194413657,187655772,6757885,0.034760341
UNCID_2304053.278e7651-b5df-426c-b296-fe33d83fb5b3.sorted_genome_alignments.bam,200213519,192344750,7868769,0.039301887
UNCID_2304240.cbf0b795-ee73-4508-b82d-aab2b21a4f0e.sorted_genome_alignments.bam,176579240,167513399,9065841,0.051341488
UNCID_2304804.da4715ac-6d8c-485e-84d1-ecc11b685878.sorted_genome_alignments.bam,45201094,42211172,2989922,0.066147116
UNCID_2305563.097f54ce-6270-4e1f-bd7a-f55ed185bead.sorted_genome_alignments.bam,157540065,149995731,7544334,0.047888351
UNCID_2305617.fd7fac82-d8e3-4133-be0e-ec5b2badc5d1.sorted_genome_alignments.bam,165471961,156950268,8521693,0.051499317
UNCID_2305644.c9e807fc-4988-461d-a918-bff25f639bac.sorted_genome_alignments.bam,144929709,137082425,7847284,0.054145448
UNCID_2305651.f6660fcd-6277-4eb7-8135-5aea56fedd7c.sorted_genome_alignments.bam,128112746,119362923,8749823,0.068297834
UNCID_2305674.1fbb2486-5c98-42af-a8b7-3c771a30702c.sorted_genome_alignments.bam,120673836,111528833,9145003,0.075782815
UNCID_2305722.0fd5e345-f535-42ef-9cf5-0db512d2ad73.sorted_genome_alignments.bam,175209718,167385922,7823796,0.044653893
UNCID_2305816.2480ce78-21a7-4717-8b08-8176d9fe6834.sorted_genome_alignments.bam,130408930,123531916,6877014,0.052734226
UNCID_2305858.19cbf7e8-ab1f-495c-a09e-ff3fe7c172e4.sorted_genome_alignments.bam,177501675,170415539,7086136,0.039921516
UNCID_2305875.6321d37f-3658-447d-96a4-099e8072217a.sorted_genome_alignments.bam,120053050,110580709,9472341,0.078901294
UNCID_2305916.11782f87-4d58-4897-9a61-7a4605c05eca.sorted_genome_alignments.bam,146744246,140998509,5745737,0.039154769
UNCID_2305987.aed86155-1d12-4447-bdf6-3aaba9938a71.sorted_genome_alignments.bam,137743749,128861595,8882154,0.064483173
UNCID_2305994.dc870ac8-dddf-4ce6-8615-bd0fbefc720b.sorted_genome_alignments.bam,133818120,125100110,8718010,0.065148203
UNCID_2306023.ed8b8326-fa77-4e72-b146-49c0543a5792.sorted_genome_alignments.bam,141044184,134025351,7018833,0.049763364
UNCID_2306071.c130027b-a3f5-49be-b26d-a0416b7904b5.sorted_genome_alignments.bam,127090181,120675210,6414971,0.050475741
UNCID_2306091.30f1a64e-5df3-4e26-b820-a4254e7e3a7e.sorted_genome_alignments.bam,140339677,131991666,8348011,0.059484325
UNCID_2306102.fa74ebb2-007d-407a-ba07-12976b75056d.sorted_genome_alignments.bam,138681027,130487414,8193613,0.059082437
UNCID_2306132.66159afa-029a-49f4-a260-f9a405444140.sorted_genome_alignments.bam,133835444,119471896,14363548,0.107322452
UNCID_2306190.1466801a-0d43-4bfb-8b2f-f48b01169039.sorted_genome_alignments.bam,143293741,135857105,7436636,0.051897842
UNCID_2306208.785bc0fb-25a2-4f44-a897-685faec6f2eb.sorted_genome_alignments.bam,150057714,144325173,5732541,0.038202241
UNCID_2306231.54d166b6-fb32-4003-b944-8d0f23cfa125.sorted_genome_alignments.bam,152677709,143705416,8972293,0.058766228
UNCID_2306250.c59fa3d3-ce24-4d46-8d3e-e4b247768671.sorted_genome_alignments.bam,158110095,149585053,8525042,0.053918391
UNCID_2306334.91f5974e-9d74-463a-bd78-0b858f5b30e9.sorted_genome_alignments.bam,178925830,170078232,8847598,0.049448411
UNCID_2306884.2d83d812-8f9b-443b-8643-dd3104b5068e.sorted_genome_alignments.bam,137330047,130607580,6722467,0.048951174
UNCID_2306948.2fb506f2-4b76-4c20-ae45-8939f2e14753.sorted_genome_alignments.bam,173386696,165807908,7578788,0.04371032
UNCID_2307029.5d19bc28-408e-4dc6-bc4b-95b28fa0dddc.sorted_genome_alignments.bam,131471010,125114315,6356695,0.048350545
UNCID_2307045.914e6f58-48b5-40aa-9336-69166bd6970b.sorted_genome_alignments.bam,140450963,133905014,6545949,0.046606651
UNCID_2307144.57728a07-cb68-45d9-ac86-eba57e674e1d.sorted_genome_alignments.bam,139284061,131038055,8246006,0.059202797
UNCID_2307151.2bea5d05-bcad-4a2e-8954-462b589a8aa4.sorted_genome_alignments.bam,153913943,146111328,7802615,0.05069466
UNCID_2307189.692abecd-9c2a-48ec-8794-7e84a5317c46.sorted_genome_alignments.bam,152651620,144952053,7699567,0.050438816
UNCID_2307190.f572c953-e1aa-4dd2-a8f8-e292ab7bd139.sorted_genome_alignments.bam,139944381,133028577,6915804,0.049418233
UNCID_2307207.c926906f-e63c-41e4-b117-87cf91206132.sorted_genome_alignments.bam,144489674,137334895,7154779,0.04951758
UNCID_2307220.5055b564-b80d-4003-b1c1-3fe080c99fc1.sorted_genome_alignments.bam,148153064,140593430,7559634,0.051025836
UNCID_2307298.8038ffb4-38d5-437a-9457-4943c0202a8a.sorted_genome_alignments.bam,152025155,140850405,11174750,0.073505927
UNCID_2307359.69b30673-9ec0-4c05-b75c-12bcb1f7268f.sorted_genome_alignments.bam,179524798,171267391,8257407,0.045995913
UNCID_2307384.cb8ca883-8695-48c3-9ab4-2f3a84e562ef.sorted_genome_alignments.bam,133526453,126860402,6666051,0.049923074
UNCID_2307415.b518428e-84c5-4dbe-a608-c7d55e35067a.sorted_genome_alignments.bam,146176978,137665965,8511013,0.058224032
UNCID_2308066.0caa8897-d988-4898-8c6a-c706598b9b94.sorted_genome_alignments.bam,141512330,134679947,6832383,0.048281185
UNCID_2308080.8d017f32-1008-4312-b94e-a98be428973f.sorted_genome_alignments.bam,160265491,154095401,6170090,0.03849918
UNCID_2308246.c02ec36d-9e79-4e2f-a46c-f898838766df.sorted_genome_alignments.bam,154985771,149382343,5603428,0.036154467
UNCID_2308267.7504b36e-98e4-40f1-b7ff-252142efeeb3.sorted_genome_alignments.bam,146878368,139318650,7559718,0.05146924
UNCID_2308269.cc2965b7-e059-4cf7-8f10-133903d70a4c.sorted_genome_alignments.bam,107047460,99923752,7123708,0.066547193
UNCID_2308336.f64b490b-d38e-4c20-aa98-a6c636d81123.sorted_genome_alignments.bam,108598819,102608186,5990633,0.055162966
UNCID_2308350.c8fd7f63-e309-4a7e-876d-7ca2cf954abe.sorted_genome_alignments.bam,164714393,154131119,10583274,0.064252272
UNCID_2308434.4c23170b-a5e0-41c8-8309-a5bfb2823491.sorted_genome_alignments.bam,136116655,128486340,7630315,0.056057174
UNCID_2308451.efada68b-1ccd-4268-a636-0a4af550e15c.sorted_genome_alignments.bam,167987376,161982779,6004597,0.035744335
UNCID_2308471.6cc3ae71-fe99-4dcb-b5c6-b4e8eb7b336c.sorted_genome_alignments.bam,133089448,124508716,8580732,0.064473421
UNCID_2308491.caba02b8-ffcf-440f-ab03-6141aa19752f.sorted_genome_alignments.bam,130028582,123755439,6273143,0.048244339
UNCID_2308519.acf520e1-55ec-41e7-a2a5-1e9eabac0b93.sorted_genome_alignments.bam,146581635,136625331,9956304,0.06792327
UNCID_2308647.9070435a-8d76-4107-8d96-900db04b0d94.sorted_genome_alignments.bam,148677284,140017849,8659435,0.058243161
UNCID_2308666.e49a9619-3446-4862-8b91-d429d95197cb.sorted_genome_alignments.bam,114436646,108426728,6009918,0.052517425
UNCID_2308669.f2efed52-3995-4a64-a845-2b50517c9554.sorted_genome_alignments.bam,151123376,138986926,12136450,0.080308224
UNCID_2308732.413a35b5-9151-44ca-85af-543683c8194b.sorted_genome_alignments.bam,141049011,131192771,9856240,0.069878122
UNCID_2308781.551f30d8-5382-4705-b81f-9d29ea31178d.sorted_genome_alignments.bam,128881622,120948507,7933115,0.061553501
UNCID_2308919.f5bb6d6f-70b2-495b-9638-2527ba6b8aa1.sorted_genome_alignments.bam,146039069,138610285,7428784,0.05086847
UNCID_2309000.0eba2b04-9c32-4432-999a-ba53fe1137ea.sorted_genome_alignments.bam,167982683,157476409,10506274,0.062543792
UNCID_2309058.0ba1f5ce-704d-4a40-854a-fcde2b4dee86.sorted_genome_alignments.bam,165368194,157121723,8246471,0.049867334
UNCID_2309119.500000a8-420b-43e1-9ed1-e0d66fe2aece.sorted_genome_alignments.bam,160036257,150742374,9293883,0.058073609
UNCID_2309238.deff8fdc-d2f8-422a-b5bb-57a65241cf51.sorted_genome_alignments.bam,152477520,145247134,7230386,0.047419357
UNCID_2309539.701594b8-2848-4c06-be1b-ab49c2ca71ea.sorted_genome_alignments.bam,164737314,146058750,18678564,0.11338393
UNCID_2309691.322513c4-e082-45aa-82c4-930f0ca2bada.sorted_genome_alignments.bam,130764398,123612387,7152011,0.05469387
UNCID_2310113.2bcd9fc6-533c-4de0-99a4-a1bc98f322b0.sorted_genome_alignments.bam,99470578,96251002,3219576,0.032367119
UNCID_2310141.7a495155-af41-4274-a903-823861f72243.sorted_genome_alignments.bam,137711365,132133958,5577407,0.040500702
UNCID_2310158.babf6814-c656-4b03-bea6-ca409762382a.sorted_genome_alignments.bam,150348250,143359656,6988594,0.046482709
UNCID_2310173.090f0891-7991-4b5c-8dc7-e591c0d65faf.sorted_genome_alignments.bam,155600213,151208708,4391505,0.028223001
UNCID_2310187.b2efdde1-2ae6-40a1-8c6b-cae228da2cb2.sorted_genome_alignments.bam,158641352,153235328,5406024,0.034077017
UNCID_2310188.663d571e-8bf2-4f37-b375-5afeb20a5ace.sorted_genome_alignments.bam,157877791,152270345,5607446,0.035517637
UNCID_2310212.15076bb8-b6c6-4dc8-b12e-a0d0c30d7ffc.sorted_genome_alignments.bam,169692333,162358018,7334315,0.043221251
UNCID_2310217.844fc7d5-0312-4841-949b-ba42b67a8dee.sorted_genome_alignments.bam,144311708,138964455,5347253,0.037053494
UNCID_2310238.d59c13f4-11ff-4933-a756-a7873ff18a57.sorted_genome_alignments.bam,152654073,146671721,5982352,0.039188945
UNCID_2310259.13e2c813-8b90-4dde-9953-8e7417a1d814.sorted_genome_alignments.bam,159091371,154202527,4888844,0.030729787
UNCID_2310262.f599d67d-1f14-45d2-8db7-f35aa8ede9e6.sorted_genome_alignments.bam,174092067,167470273,6621794,0.038036162
UNCID_2310303.fe4a54d5-3270-4b53-a813-159b68764037.sorted_genome_alignments.bam,140448817,135635015,4813802,0.034274422
UNCID_2310315.1265fd12-4706-43b0-84f3-d16d46f20963.sorted_genome_alignments.bam,171077434,164853682,6223752,0.036379737
UNCID_2310332.7b9b3507-bd43-4915-8f53-89cee202ad6e.sorted_genome_alignments.bam,181326881,171688250,9638631,0.053156107
UNCID_2310335.6cb9a77d-a789-42df-a671-1512a8c512cd.sorted_genome_alignments.bam,160837131,155941144,4895987,0.030440651
UNCID_2310371.05246bfa-faf4-4d63-9890-88bb6f7a6546.sorted_genome_alignments.bam,170822349,165799401,5022948,0.029404513
UNCID_2310444.0c18423b-7a7e-440d-96a7-ec3815aa411c.sorted_genome_alignments.bam,157257815,153051505,4206310,0.02674786
UNCID_2310667.34d35700-4cb9-4d28-a3f3-93a8e784714d.sorted_genome_alignments.bam,177258391,171299389,5959002,0.033617602
UNCID_2313873.26e8978a-77bb-459f-b727-51d3fc361670.sorted_genome_alignments.bam,136083960,130742155,5341805,0.039253745
UNCID_2314128.cea23bbc-1a4a-4498-987b-67728912ae40.sorted_genome_alignments.bam,130629567,122459267,8170300,0.062545564
UNCID_2314179.caee83ab-8805-45e2-817c-0cef5f71c292.sorted_genome_alignments.bam,114939755,94901078,20038677,0.174340697
UNCID_2314187.a439fc68-c013-4f3a-9be7-2e3243938e12.sorted_genome_alignments.bam,135102848,128315022,6787826,0.050241916
UNCID_2314229.f46d3930-be89-420e-b0b7-ffad2c8149e7.sorted_genome_alignments.bam,142983152,133040959,9942193,0.069534018
UNCID_2314230.0ec4c319-53cc-41d8-8a80-210462506a28.sorted_genome_alignments.bam,114342352,105912379,8429973,0.073725727
UNCID_2314249.ace5718c-3eaa-4526-b5d9-5e79e84f4155.sorted_genome_alignments.bam,132774268,126731915,6042353,0.045508464
UNCID_2314258.06c95ac2-2f97-4200-9a29-a3ff8cce8697.sorted_genome_alignments.bam,147591421,139340418,8251003,0.055904354
UNCID_2314280.09f55b71-b6ee-42a5-96eb-6a2929e35bbf.sorted_genome_alignments.bam,127741351,122764021,4977330,0.038964125
UNCID_2314285.edaedcb6-1b6b-4e9a-8c8b-a7880dd95495.sorted_genome_alignments.bam,133363744,124329362,9034382,0.067742414
UNCID_2314300.d94972a7-535d-4bb8-b221-d3c22a120d01.sorted_genome_alignments.bam,142523182,136515870,6007312,0.042149718
UNCID_2314301.f2996be3-1bd5-43c8-9d91-728948c78994.sorted_genome_alignments.bam,145405792,140715484,4690308,0.032256679
UNCID_2314304.9e0d5361-7994-48b6-a865-18d430b72239.sorted_genome_alignments.bam,151124476,143968683,7155793,0.047350325
UNCID_2314333.b23af964-65f4-4f37-a750-16a7d460fb38.sorted_genome_alignments.bam,155484503,149973149,5511354,0.035446324
UNCID_2314349.96863e50-5c9b-4bee-8870-8c938aa66633.sorted_genome_alignments.bam,141994745,136224206,5770539,0.040639103
UNCID_2314351.0aefc6e0-fd5e-430d-b4b7-e1d6c2168ae7.sorted_genome_alignments.bam,161235156,155156381,6078775,0.0377013
UNCID_2314360.242b40eb-0aa1-4908-956d-8809da349f40.sorted_genome_alignments.bam,145369504,138348828,7020676,0.048295384
UNCID_2314384.94399af6-33b3-4622-a5b1-d2e446061980.sorted_genome_alignments.bam,144863819,139034627,5829192,0.040239116
UNCID_2314385.a4e4f617-d329-4c8f-8cbd-f6111c427f71.sorted_genome_alignments.bam,161268955,154998298,6270657,0.038883225
UNCID_2314389.e311b8ad-1c32-4ccc-8e42-f7a8bae8b7d9.sorted_genome_alignments.bam,145842816,139648424,6194392,0.042473069
UNCID_2314396.87f5581e-e594-4ea5-a80f-788cbc0247be.sorted_genome_alignments.bam,161256738,155181792,6074946,0.03767251
UNCID_2314466.acaa569c-eed9-471d-8eb2-4723eb07c00b.sorted_genome_alignments.bam,146220739,141663929,4556810,0.03116391
UNCID_2314555.e356927b-b100-4adf-9935-e4fbf31d1fd3.sorted_genome_alignments.bam,146913903,141833589,5080314,0.034580213
UNCID_2314619.81ee8dcb-89dd-462e-b5de-2394bc6d522b.sorted_genome_alignments.bam,151015262,140854574,10160688,0.067282524
UNCID_2314643.e198c43b-5d3f-4fe6-8f3c-09642a2b4995.sorted_genome_alignments.bam,176288961,170102848,6186113,0.035090756
UNCID_2314856.b9eab491-6fa4-4eee-a2f6-ef923935845e.sorted_genome_alignments.bam,151328458,144898293,6430165,0.042491446
UNCID_2314877.99dd7197-d956-4e4f-aee1-e0362eef2e20.sorted_genome_alignments.bam,211997773,205482278,6515495,0.03073379
UNCID_2315485.847c0750-c025-4c3d-be34-3721eff0b1b7.sorted_genome_alignments.bam,157204262,149738133,7466129,0.047493172
UNCID_2315486.5cb12edf-25a1-40f6-831a-5fb1f56676e1.sorted_genome_alignments.bam,152880271,147000015,5880256,0.038463145
UNCID_2315598.7796772d-d52f-4909-ae88-e961e827c962.sorted_genome_alignments.bam,117496719,112303322,5193397,0.044200358
UNCID_2315679.0fecf92d-9c02-4da8-aadd-c8105b99698b.sorted_genome_alignments.bam,105237532,99542588,5694944,0.054115142
UNCID_2315716.d31897c3-5d0a-4104-bdc6-4b12eb061c2a.sorted_genome_alignments.bam,147601703,141395079,6206624,0.042049813
UNCID_2315815.842484b0-6661-4dc2-bf70-b1216ab05475.sorted_genome_alignments.bam,144534709,138620167,5914542,0.040921257
UNCID_2315848.ae29efe9-4446-4f0a-b765-f04e3935d7a8.sorted_genome_alignments.bam,123770812,119116313,4654499,0.037605789
UNCID_2315903.535ab8cf-47a9-4541-b3ef-223bba76a13e.sorted_genome_alignments.bam,171317452,164825684,6491768,0.037893209
UNCID_2315942.689a544a-c116-46f9-ae3c-769e793f21c7.sorted_genome_alignments.bam,152906427,146656920,6249507,0.040871447
UNCID_2315980.c673cfcd-b99f-4c5d-a2db-5d0f360b8723.sorted_genome_alignments.bam,144191150,139042489,5148661,0.035707191
UNCID_2316004.a221ced7-2d41-402a-b066-b1b3d7750fab.sorted_genome_alignments.bam,134587712,129332765,5254947,0.039044775
UNCID_2316005.84d5afcd-7c23-4fa8-8e04-2b95924cd606.sorted_genome_alignments.bam,132272642,127692942,4579700,0.034623184
UNCID_2316105.0b128313-0c1a-46e2-b923-701e71481d63.sorted_genome_alignments.bam,164844226,159200321,5643905,0.034237808
UNCID_2316139.535736bf-6e19-4fc6-bf3d-a2fb4739c763.sorted_genome_alignments.bam,179977068,173461518,6515550,0.036202112
UNCID_2316201.cea2838e-aee1-4e60-a2a8-95f64a3004e3.sorted_genome_alignments.bam,159840637,153454096,6386541,0.039955678
UNCID_2316550.9800881e-b8ee-4e3f-83fc-f5d7d6b31259.sorted_genome_alignments.bam,88266275,84029906,4236369,0.04799533
UNCID_2318774.b8bb9f94-ac36-4d86-b11d-39864e389728.sorted_genome_alignments.bam,118890246,112059674,6830572,0.057452754
UNCID_2318816.200e1d4d-5787-4553-a414-3217f5db1d1e.sorted_genome_alignments.bam,133379216,127692532,5686684,0.042635458
UNCID_2318974.8a430d45-6511-4900-954e-fd01106d0f22.sorted_genome_alignments.bam,112243081,108393464,3849617,0.034297143
UNCID_2319006.da9bcd8c-7f5b-41f4-bff8-7129a88caf22.sorted_genome_alignments.bam,126798195,122029555,4768640,0.037608106
UNCID_2319092.a4b19504-8f04-48db-b88b-d76b8b3c3881.sorted_genome_alignments.bam,171859537,162943938,8915599,0.051877243
UNCID_2319109.2d5351f1-e9d7-44a3-ae43-f595a0151516.sorted_genome_alignments.bam,187589054,179947567,7641487,0.04073525
UNCID_2321298.2242b367-081f-4369-9761-bcd225c05124.sorted_genome_alignments.bam,116059683,104385857,11673826,0.100584679
UNCID_2321321.a23fd611-d413-4ea7-9061-8caeba4b39ff.sorted_genome_alignments.bam,119860005,114326340,5533665,0.046167735
UNCID_2321323.d42c079f-31a6-42cd-b02a-ea951b8d15a9.sorted_genome_alignments.bam,128040025,113084579,14955446,0.116802898
UNCID_2321344.e926e7f1-c849-47b4-b466-b1c2d187fdd2.sorted_genome_alignments.bam,130644821,125061927,5582894,0.042733374
UNCID_2321422.1a8d61cf-2341-4f85-9da8-60a314be5860.sorted_genome_alignments.bam,142973894,136336843,6637051,0.046421419
UNCID_2321423.a18a49c7-e3e8-422a-b8e5-e5632604191a.sorted_genome_alignments.bam,137845124,133108811,4736313,0.03435967
UNCID_2321428.b87af222-7056-4704-80c6-6766b8826767.sorted_genome_alignments.bam,150093259,136233827,13859432,0.092338804
UNCID_2321668.6ff9c39a-7992-411e-a14a-631589199c3a.sorted_genome_alignments.bam,173269893,163429518,9840375,0.05679218
UNCID_2322203.041bbea8-d1fe-4f96-be85-67a95e651044.sorted_genome_alignments.bam,134265500,128044320,6221180,0.046334911
UNCID_2322221.e6d20c89-a4d1-4c0f-b31d-8e1262e425d5.sorted_genome_alignments.bam,131943340,125845195,6098145,0.046217907
UNCID_2322358.17607f39-23c6-4eee-8aa4-ed705284ff4e.sorted_genome_alignments.bam,138478105,132550369,5927736,0.042806305
UNCID_2322455.9730d6b2-f458-4475-a66c-e99aa49e4161.sorted_genome_alignments.bam,143120675,136364169,6756506,0.047208455
UNCID_2322525.e29e9e52-272e-445e-9a0d-c41c53f754e7.sorted_genome_alignments.bam,140551815,131680293,8871522,0.063119228
UNCID_2322554.62710cd0-82b4-4746-ad7c-b320d933a542.sorted_genome_alignments.bam,160509943,151599771,8910172,0.055511651
UNCID_2322614.b8032c8e-4a6d-403a-837e-0ecafe3001e0.sorted_genome_alignments.bam,141937859,134394618,7543241,0.053144672
UNCID_2322755.1d913abe-aadd-498f-9b1d-7d3746ae315c.sorted_genome_alignments.bam,157094039,151888654,5205385,0.033135471
UNCID_2322764.9a4b7216-886c-4247-bcf3-22abc9d10835.sorted_genome_alignments.bam,164217267,158411696,5805571,0.035352988
UNCID_2322827.f3b04f74-8565-45f4-8a14-c0400c954ac4.sorted_genome_alignments.bam,170082663,162480242,7602421,0.044698389
UNCID_2322849.a0647d3c-fa0a-4de4-95ee-82105ed035f3.sorted_genome_alignments.bam,122225052,113929959,8295093,0.067867371
UNCID_2322874.a661f07b-e207-4221-b9f2-a5704be3650b.sorted_genome_alignments.bam,196808448,188229981,8578467,0.0435879
UNCID_2323634.86eb0a1e-45f3-4bc1-a2f8-6e369292b113.sorted_genome_alignments.bam,181575984,174291370,7284614,0.040118819
UNCID_2324048.e9c00f20-f657-4322-8294-d71ee0469c76.sorted_genome_alignments.bam,108350657,90364095,17986562,0.166003257
UNCID_2324098.75aa1caf-bfa3-4365-a066-31a968ad3d9b.sorted_genome_alignments.bam,118406657,110252004,8154653,0.068869886
UNCID_2324184.22cc3ede-a5d9-4ac0-9c4d-0a7f12d6bc20.sorted_genome_alignments.bam,109797004,100147387,9649617,0.087885977
UNCID_2324185.9f0c08da-bb32-4888-b560-0f5762594304.sorted_genome_alignments.bam,143286697,135654987,7631710,0.053261818
UNCID_2324198.4b078458-3461-4e86-974f-11b677908e29.sorted_genome_alignments.bam,137963637,131220104,6743533,0.048879061
UNCID_2324252.58e01e27-fe36-4ee7-9560-f668bf6dcb48.sorted_genome_alignments.bam,118628680,104903999,13724681,0.115694459
UNCID_2324277.f227e397-0bc7-4e98-a7ea-befd78191cc3.sorted_genome_alignments.bam,135491127,127053759,8437368,0.062272476
UNCID_2324290.0836116d-5b2e-4445-9019-a5c5ad7aac50.sorted_genome_alignments.bam,129671711,120962639,8709072,0.067162467
UNCID_2324295.25e9f832-aae2-463f-ad18-9d5ac9fb506c.sorted_genome_alignments.bam,148466260,139543153,8923107,0.060101918
UNCID_2324365.53d0cb75-acca-47c0-855f-b45c9ffd1eac.sorted_genome_alignments.bam,146612788,137206275,9406513,0.064158885
UNCID_2324424.d7a7d7ba-ba5b-4afb-a451-27946fcbac8c.sorted_genome_alignments.bam,153422963,145160652,8262311,0.053853158
UNCID_2324447.a3966107-19e4-467c-a692-9a154cc09c20.sorted_genome_alignments.bam,147945576,137851341,10094235,0.068229381
UNCID_2324510.9ce21675-b3ac-45b0-85c6-f3b2e4188944.sorted_genome_alignments.bam,135777771,128494146,7283625,0.053643722
UNCID_2324532.bf983be3-abeb-44d7-a9e5-12186d6d303d.sorted_genome_alignments.bam,172508435,162015249,10493186,0.060827089
UNCID_2324551.5ee375f6-b40e-446c-b595-3436e27c73d4.sorted_genome_alignments.bam,160115021,152209594,7905427,0.049373425
UNCID_2324601.459f5e07-fffc-4f47-904b-3c51367c83f1.sorted_genome_alignments.bam,150662122,142589061,8073061,0.05358388
UNCID_2324615.f547ce5b-634d-4faa-b662-70de36194dfc.sorted_genome_alignments.bam,194206152,186122278,8083874,0.041625221
UNCID_2324650.41a6b734-2741-4d93-8813-ed27b21c81c0.sorted_genome_alignments.bam,128438506,118300424,10138082,0.078933354
UNCID_2324745.cfdc2b0d-f87c-46fd-81b0-0eab963f8871.sorted_genome_alignments.bam,194322799,185437030,8885769,0.045726848
UNCID_2324817.bdfb1fda-ce7b-403a-9a15-375c1d041c11.sorted_genome_alignments.bam,138799519,133135184,5664335,0.040809471
UNCID_2324832.450ee18e-9d9b-4873-a882-8b8f123d104c.sorted_genome_alignments.bam,154261400,145076910,9184490,0.059538485
UNCID_2324866.35aae416-bae3-44d6-8b74-d95e0dc0c0f7.sorted_genome_alignments.bam,144538711,136918832,7619879,0.052718604
UNCID_2324987.08199c9b-9dc5-4f59-a1b8-324bd0a5f7c3.sorted_genome_alignments.bam,181656670,173014059,8642611,0.047576624
UNCID_2325042.8250603f-860a-4d54-863b-50bafb9d5b3b.sorted_genome_alignments.bam,169721616,162760497,6961119,0.041014923
UNCID_2325070.063e82c8-a923-4ca5-94cb-9fce3cccd226.sorted_genome_alignments.bam,205200027,192678216,12521811,0.061022463
UNCID_2325186.2797760a-c82d-44d8-bec2-92fe1d6ef271.sorted_genome_alignments.bam,167998477,161575389,6423088,0.038233013
UNCID_2325215.735919a3-a98f-41d9-84cf-0bc3983b9f3b.sorted_genome_alignments.bam,143595691,135486967,8108724,0.056469132
UNCID_2325467.d8e252a9-d0a7-4c62-a0ab-3631df93f0e5.sorted_genome_alignments.bam,148156876,138840196,9316680,0.062883885
UNCID_2325680.f2dddb70-466e-4457-9841-c353233fb5ab.sorted_genome_alignments.bam,118200125,110224414,7975711,0.067476333
UNCID_2325765.a2c96f81-12eb-4c6d-9e17-bc8bff343539.sorted_genome_alignments.bam,153524145,146543789,6980356,0.04546748
UNCID_2325850.264d433e-545e-47cd-9779-7fce4237278b.sorted_genome_alignments.bam,173424489,168219297,5205192,0.030014169
UNCID_2325857.7713e075-01d5-466b-ae5b-aa019a9f4db8.sorted_genome_alignments.bam,129995256,123876784,6118472,0.047066887
UNCID_2325945.8515de6f-3572-4bf3-9dae-bc9b05579e76.sorted_genome_alignments.bam,151248907,145835756,5413151,0.035789687
UNCID_2325956.4df02ab4-fe42-4f21-9678-858ecd99763c.sorted_genome_alignments.bam,153160698,147847845,5312853,0.034688096
UNCID_2326035.3e52792e-2ad1-4140-930e-3ce0ec01df84.sorted_genome_alignments.bam,177847674,171810928,6036746,0.033943351
UNCID_2326077.f2dba2e9-157b-494b-9650-e17d0ccc421b.sorted_genome_alignments.bam,138936983,133394023,5542960,0.039895497
UNCID_2326103.4baa577f-afc5-4df6-9307-d73dca8ea70e.sorted_genome_alignments.bam,148908319,143661000,5247319,0.035238589
UNCID_2326120.61e3d965-e391-4699-b862-37000eadef7f.sorted_genome_alignments.bam,144847450,138146292,6701158,0.046263555
UNCID_2326134.4dda7ac4-588a-4d4c-ba34-b19411817d52.sorted_genome_alignments.bam,146933746,138623966,8309780,0.056554605
UNCID_2326137.818c7f77-a481-41bb-b5e0-57972e0b1bdf.sorted_genome_alignments.bam,141568608,136016844,5551764,0.039216067
UNCID_2326201.a107f9da-3537-4adf-a543-39cb692bdb80.sorted_genome_alignments.bam,169812053,163803531,6008522,0.035383366
UNCID_2326252.25e3cf1c-d40b-45ab-b987-2370cc638868.sorted_genome_alignments.bam,163914745,157639462,6275283,0.038283822
UNCID_2326304.89b94310-c189-405f-8d43-5c52922f2eea.sorted_genome_alignments.bam,172251212,166652433,5598779,0.032503568
UNCID_2326325.6c7bd630-bd5d-45b6-9936-56ad3e4f72a6.sorted_genome_alignments.bam,145798581,136309183,9489398,0.065085668
UNCID_2326349.6e3a2a2a-40c4-499c-bb8b-5b6a10862eb9.sorted_genome_alignments.bam,146694188,140597638,6096550,0.041559588
UNCID_2326558.10f6eea5-bfb0-4203-92c8-5572a81d0b8e.sorted_genome_alignments.bam,150803022,141209711,9593311,0.063614846
UNCID_2326787.811d94b6-2802-44ff-915f-7344886d93bb.sorted_genome_alignments.bam,156921861,149288714,7633147,0.04864298
UNCID_2330037.386214f6-caab-4e0f-b3ed-e6103110c3bb.sorted_genome_alignments.bam,106033814,100261074,5772740,0.054442444
UNCID_2330050.fcbffc2c-702c-4c32-95ae-beac08a46f2b.sorted_genome_alignments.bam,108631872,98516750,10115122,0.093113759
UNCID_2330052.5c27c4d4-b3e7-4e44-a2c4-764b665d1bc0.sorted_genome_alignments.bam,118202540,113167745,5034795,0.042594643
UNCID_2330083.3e1936a4-80e8-42a0-8af6-4db305987cb0.sorted_genome_alignments.bam,124887476,115714362,9173114,0.073451032
UNCID_2330107.108d720f-7f3f-481e-ad11-5a30f4c4f9a4.sorted_genome_alignments.bam,132251729,123230265,9021464,0.068214337
UNCID_2330157.99fc1613-6b74-4177-a326-e8442a489571.sorted_genome_alignments.bam,113392075,105202104,8189971,0.072227014
UNCID_2330168.1de2f338-b16d-40ab-ac9b-8b175c9bb459.sorted_genome_alignments.bam,125336222,120558797,4777425,0.038116874
UNCID_2330211.cf481f1e-9bb2-4682-ac16-31b0db7f444e.sorted_genome_alignments.bam,109021484,102819689,6201795,0.05688599
UNCID_2330216.74cb268c-d8bc-44f2-8872-f176fa8221be.sorted_genome_alignments.bam,136730364,127125334,9605030,0.070247966
UNCID_2330221.b3c8bb05-15a1-483a-a93e-a7733e32f983.sorted_genome_alignments.bam,126144738,119451413,6693325,0.053060675
UNCID_2330295.617f1516-010f-4eaf-95cf-f27de12eb2c4.sorted_genome_alignments.bam,136578907,125965597,10613310,0.077708266
UNCID_2330321.03773f94-5d7a-49d5-a1ed-1e1acad5e298.sorted_genome_alignments.bam,127516631,118858043,8658588,0.067901637
UNCID_2330347.93b27804-df60-4755-928c-88a156ae008c.sorted_genome_alignments.bam,137119535,126941299,10178236,0.074228927
UNCID_2330365.59c54512-f740-4ba2-9243-ca71942b0ff7.sorted_genome_alignments.bam,137821652,129841568,7980084,0.057901526
UNCID_2330380.bf011a58-857d-4191-ab61-56e2a0b9e181.sorted_genome_alignments.bam,152747851,142316626,10431225,0.068290486
UNCID_2330403.3fa4bf80-8a79-4a49-9b1e-40cf5696ad28.sorted_genome_alignments.bam,136091940,128324600,7767340,0.05707421
UNCID_2330436.d071f7d9-cc1c-4b7d-8555-b8aab5730bb6.sorted_genome_alignments.bam,152829241,142361048,10468193,0.068496009
UNCID_2330465.bdba5903-7faf-4acf-a0ff-620ee7679e3a.sorted_genome_alignments.bam,154924844,145887767,9037077,0.058332006
UNCID_2330511.73227e22-1131-49b2-90d6-f30a6a076d8b.sorted_genome_alignments.bam,168390710,155070263,13320447,0.079104405
UNCID_2330540.65f141fb-b893-4254-83e8-b8989bf01cf1.sorted_genome_alignments.bam,154650213,148546451,6103762,0.039468177
UNCID_2330638.a5af7ad5-30cc-43c2-85a6-676517c04234.sorted_genome_alignments.bam,136883573,131638757,5244816,0.038315891
UNCID_2330663.390bf39f-06bf-45b0-8225-38a0694f43f6.sorted_genome_alignments.bam,125513439,115796688,9716751,0.077416021
UNCID_2330737.ce6862ae-e619-4f42-9200-52c75d5a22e7.sorted_genome_alignments.bam,154990883,145030377,9960506,0.064265109
UNCID_2330791.e6d2870a-4ba2-4064-a5a9-d701e6b5e3dd.sorted_genome_alignments.bam,195485025,186634645,8850380,0.045273954
UNCID_2330799.e2c72ce3-f010-4f7f-832b-6277b8409f87.sorted_genome_alignments.bam,191184765,183608018,7576747,0.039630496
UNCID_2330855.02221ced-8f59-4a00-ae01-6096648b34fc.sorted_genome_alignments.bam,187330373,179441354,7889019,0.042112867
UNCID_2330856.f5487583-cdac-42ba-8f7f-b1704ea21cad.sorted_genome_alignments.bam,155889706,148121322,7768384,0.049832566
UNCID_2330898.382f8e3e-6414-4bfd-81de-fa4260be7ede.sorted_genome_alignments.bam,186086956,179484645,6602311,0.035479709
UNCID_2330925.2550796d-132e-4387-a730-b7fb2e1ee16e.sorted_genome_alignments.bam,172686150,164258856,8427294,0.048801215
UNCID_2331017.ea076ed3-74cd-4313-83d0-a99873058fd7.sorted_genome_alignments.bam,206133824,196190758,9943066,0.048235975
UNCID_2331048.14b7877d-da22-478c-ba7d-65a2a1c19faa.sorted_genome_alignments.bam,163710964,155296414,8414550,0.051398818
UNCID_2331710.7e002796-b2b7-4ea4-9ecf-8e9d94373804.sorted_genome_alignments.bam,131504238,121317540,10186698,0.077462888
UNCID_2331807.87923f16-7136-4bc6-a217-ca6d13b49455.sorted_genome_alignments.bam,158943314,151832810,7110504,0.0447361
UNCID_2331916.47b76f26-6ac6-482c-bb3d-315a18400927.sorted_genome_alignments.bam,144640024,137274092,7365932,0.050925959
UNCID_2331929.21409174-cb24-46a1-9228-a89d1ba65643.sorted_genome_alignments.bam,143390264,134525800,8864464,0.061820543
UNCID_2331941.17361c24-a448-41b1-b653-172347c660a5.sorted_genome_alignments.bam,157620032,152213392,5406640,0.034301731
UNCID_2331961.8bd3266c-43d0-46d0-bbf9-19050864f11d.sorted_genome_alignments.bam,145408360,137040466,8367894,0.057547544
UNCID_2331988.a51ba688-a2f0-4ad4-82eb-d549e99d1acb.sorted_genome_alignments.bam,131480552,124101016,7379536,0.056126445
UNCID_2331991.18e0c9ca-059f-4042-a790-de9a3881c177.sorted_genome_alignments.bam,145875413,140021500,5853913,0.040129538
UNCID_2332006.6a8d76ce-107a-48a4-ada7-d136ef547915.sorted_genome_alignments.bam,158713901,149727410,8986491,0.056620693
UNCID_2332053.03eb7467-7dd5-4228-86b9-7b3b31ba1496.sorted_genome_alignments.bam,128863221,122981935,5881286,0.045639756
UNCID_2332067.b817310e-3a4b-4622-8564-350ccb0a9e69.sorted_genome_alignments.bam,164492445,158087327,6405118,0.038938676
UNCID_2332068.a68ddba5-e6c9-47a0-b657-7c8b76603108.sorted_genome_alignments.bam,168469202,161015895,7453307,0.044241362
UNCID_2332106.696dc339-8d57-4b97-bce3-7bd3b2746dcc.sorted_genome_alignments.bam,154642671,148028717,6613954,0.042769269
UNCID_2332130.0eb7a942-eea5-4de3-add4-724f69a6f80c.sorted_genome_alignments.bam,133532433,127106683,6425750,0.048121268
UNCID_2332157.b5c4c513-4800-405f-94d6-9fa4303292ef.sorted_genome_alignments.bam,165238051,156962567,8275484,0.050082193
UNCID_2332589.109738bc-13fb-4c2e-bb39-59006ba50306.sorted_genome_alignments.bam,167173756,159056118,8117638,0.048558088
UNCID_2332763.cd935b60-ed16-4f34-98ad-1e6cf0671683.sorted_genome_alignments.bam,180123061,173609970,6513091,0.036159118
UNCID_2333587.da513205-f0c5-4649-9db4-edf417fbf53f.sorted_genome_alignments.bam,134417563,128695735,5721828,0.042567562
UNCID_2333645.b44ca533-fb1e-4f34-b85c-a8b47f972332.sorted_genome_alignments.bam,119315418,97689707,21625711,0.181248252
UNCID_2333674.dfcfc10d-04ed-495a-9fc4-a5d7af4d5b03.sorted_genome_alignments.bam,146058659,140145641,5913018,0.040483858
UNCID_2333713.85b225f2-d4dc-4701-b63f-e3a3b0e5c459.sorted_genome_alignments.bam,121619262,116053054,5566208,0.045767487
UNCID_2333720.76a648cc-8673-478f-a2f5-c0830378f1e4.sorted_genome_alignments.bam,145903058,139863025,6040033,0.041397576
UNCID_2333767.be1d4fc0-02a0-4932-b836-bf68f89455c7.sorted_genome_alignments.bam,151194680,142952616,8242064,0.054512923
UNCID_2333778.8b99cc75-d8cc-4d18-9a6b-c66f8bd7ea0d.sorted_genome_alignments.bam,152815257,147265448,5549809,0.036317113
UNCID_2333801.dfe8bcb5-829d-4f70-8731-e3289383bc95.sorted_genome_alignments.bam,144962391,138286657,6675734,0.046051489
UNCID_2333820.145d7c19-c3fd-4244-95af-f11d5e113306.sorted_genome_alignments.bam,147896695,139695437,8201258,0.055452612
UNCID_2333894.6c13f651-a7da-46b9-b422-7fa8f314b901.sorted_genome_alignments.bam,168249861,161811323,6438538,0.038267717
UNCID_2333930.44347235-2162-41f1-892e-1cf85f157ece.sorted_genome_alignments.bam,162602868,155509288,7093580,0.043625184
UNCID_2333935.adb5aa16-9fe9-4369-a80e-e6eecda07322.sorted_genome_alignments.bam,151599957,145356992,6242965,0.04118052
UNCID_2334025.d3473471-b625-4f56-8300-590324d48002.sorted_genome_alignments.bam,163467483,153817209,9650274,0.059034823
UNCID_2334205.c1132808-3c5c-47d8-90ad-b47f8d2d48c7.sorted_genome_alignments.bam,141836567,135012669,6823898,0.048110992
UNCID_2334341.a29047f8-3b74-4bf4-87ec-2f8b5435eba7.sorted_genome_alignments.bam,174617191,167070789,7546402,0.043216833
UNCID_2334671.2ad4f620-2c9a-4bc0-a24d-fddfee88ba32.sorted_genome_alignments.bam,176555955,166606699,9949256,0.056351857
UNCID_2334764.65d83a07-9c2e-4033-a1c0-65125af90793.sorted_genome_alignments.bam,151970470,145212155,6758315,0.044471238
UNCID_2334767.b29648f5-dabf-4d4d-863a-2b3c8b418cce.sorted_genome_alignments.bam,140627681,134327663,6300018,0.044799274
UNCID_2334819.aed9ac20-b44b-4439-b60c-b89d47fb18b5.sorted_genome_alignments.bam,157098198,150050305,7047893,0.044862978
UNCID_2334834.a1296d9a-008d-4395-a2f9-2b51f5c53669.sorted_genome_alignments.bam,176148173,168327652,7820521,0.044397401
UNCID_2334841.506da051-aa42-46db-8aff-946b4094f5b2.sorted_genome_alignments.bam,168758967,160930157,7828810,0.046390483
UNCID_2339372.6967eb73-0b93-48d3-bb43-583652eef2a4.sorted_genome_alignments.bam,130248047,123249484,6998563,0.053732575
UNCID_2339373.74d15e51-1d60-4e97-ae99-e412e454d6b1.sorted_genome_alignments.bam,151499800,143429969,8069831,0.053266282
UNCID_2339462.e6ae4f3a-a375-424d-8f22-b07d1b4904ef.sorted_genome_alignments.bam,141492170,134417909,7074261,0.049997544
UNCID_2339486.e53c6e65-37e8-4523-b336-d1bc89381a80.sorted_genome_alignments.bam,150828058,144144720,6683338,0.044310973
UNCID_2339525.9b0933e8-1da1-427b-8d3f-ef4742888ebd.sorted_genome_alignments.bam,166773837,159855767,6918070,0.041481746
UNCID_2339576.051469db-cfa9-4907-ae54-13c060ad2958.sorted_genome_alignments.bam,158842681,152806979,6035702,0.037997986
UNCID_2339651.abec519f-1747-400d-944d-7e53d12d6dea.sorted_genome_alignments.bam,183991854,176793123,7198731,0.03912527
UNCID_2340134.0c179490-c0fc-4ac1-abdb-f5256abf1ef6.sorted_genome_alignments.bam,149237755,144045570,5192185,0.034791364
UNCID_2340155.dcc3e53d-6b67-4db8-9a8e-93b65b125fae.sorted_genome_alignments.bam,87267636,76553500,10714136,0.122773304
UNCID_2340203.1adce1ae-0823-4259-82bf-2b8b72827d58.sorted_genome_alignments.bam,136062499,130637189,5425310,0.039873661
UNCID_2340231.1073a603-5546-48b8-b6aa-9a16f909547b.sorted_genome_alignments.bam,146863914,129895120,16968794,0.115540935
UNCID_2340297.f753ed45-3ec7-424c-850c-c84dae9fa92c.sorted_genome_alignments.bam,120258638,111590609,8668029,0.072078224
UNCID_2340334.a0495052-d67a-466e-94d5-f9f62599e0f6.sorted_genome_alignments.bam,117593724,110477818,7115906,0.060512634
UNCID_2340363.9f462a5b-119e-4995-89d8-f54530dbdc77.sorted_genome_alignments.bam,123855627,118815651,5039976,0.040692346
UNCID_2340372.51e19a14-fcd5-429d-9f78-7004afb8cbaa.sorted_genome_alignments.bam,130409385,122071735,8337650,0.063934432
UNCID_2340427.7b0967ca-a127-44c3-9f00-4d19b32356f8.sorted_genome_alignments.bam,144113376,136551236,7562140,0.052473547
UNCID_2340488.7c98cea2-9505-4fdf-998f-28f546ad5382.sorted_genome_alignments.bam,126834221,121344394,5489827,0.043283484
UNCID_2340591.a1732d00-0e29-4f29-b1ba-7de686228664.sorted_genome_alignments.bam,170335688,163666569,6669119,0.039152799
UNCID_2340607.6741b359-baaa-44aa-9f47-4e8881ca83ca.sorted_genome_alignments.bam,121972453,109997964,11974489,0.098173716
UNCID_2340616.9c516b49-f622-4af0-a305-d528c53ed8ea.sorted_genome_alignments.bam,180388482,175291896,5096586,0.028253389
UNCID_2340661.ecca9f63-63e0-4847-ab4f-e9f8a18c404b.sorted_genome_alignments.bam,190985442,185429881,5555561,0.029088924
UNCID_2340691.d3426936-f46f-4cf1-b1c7-581103547b1a.sorted_genome_alignments.bam,193375748,186514588,6861160,0.035480975
UNCID_2340714.2f6fd500-b276-46f0-a0ab-fef094d22705.sorted_genome_alignments.bam,163382086,156353904,7028182,0.043016846
UNCID_2341346.32d4e5fa-74d7-40c7-96ae-a6fb0707524d.sorted_genome_alignments.bam,117323740,108106970,9216770,0.07855844
UNCID_2343915.4f543f1d-6dd8-4aed-b014-dd4b5292af4b.sorted_genome_alignments.bam,114051265,104267110,9784155,0.085787343
UNCID_2343985.4614714b-3272-4d73-a0a1-f425e56305d7.sorted_genome_alignments.bam,102319149,96478945,5840204,0.057078309
UNCID_2344439.1aded3d8-d927-4a8b-af9d-e4e00b7480b4.sorted_genome_alignments.bam,104493401,94523547,9969854,0.095411327
UNCID_2344504.ba3ea21e-4806-4eaa-99df-d7544248cb37.sorted_genome_alignments.bam,138336546,126308435,12028111,0.086948181
UNCID_2344575.0b9067da-9027-44a1-b2cc-dceb404ef7a2.sorted_genome_alignments.bam,166072336,155821335,10251001,0.06172612
UNCID_2344732.6ffa306c-0a98-4537-9d26-9f998190c912.sorted_genome_alignments.bam,101756809,94432880,7323929,0.07197483
UNCID_2344891.eeaff3a7-d9d4-41b9-8c58-52e16f6a71a0.sorted_genome_alignments.bam,139460087,133934980,5525107,0.039617837
UNCID_2345190.460f0df0-00fb-43bf-9143-782a45ca490c.sorted_genome_alignments.bam,169543049,157943114,11599935,0.068418818
UNCID_2345191.234d1db1-82a5-4b7d-b5f3-044a440b4233.sorted_genome_alignments.bam,148387232,137100156,11287076,0.076065008
UNCID_2345893.4ccad9e9-7a75-4c39-b49c-063a1134f4c0.sorted_genome_alignments.bam,82441118,77940504,4500614,0.05459186
UNCID_2346376.f320c7b8-59f8-42fd-afa4-7ebef8a77fc2.sorted_genome_alignments.bam,105319190,101732357,3586833,0.034056785
UNCID_2346444.5db0c888-986f-4a3e-af64-c15ad413e14d.sorted_genome_alignments.bam,148358281,138599418,9758863,0.065779024
UNCID_2346583.283909b9-17b4-4875-a792-adf623748b73.sorted_genome_alignments.bam,105638143,95406401,10231742,0.096856511
UNCID_2346596.313aa4dd-b810-438d-9856-9548569ba0c4.sorted_genome_alignments.bam,94418324,84191070,10227254,0.108318529
UNCID_2346860.7a6e8130-efa2-4e1f-b979-284bdb819cf8.sorted_genome_alignments.bam,106410636,101508486,4902150,0.046068233
UNCID_2346867.200e0df7-509b-4ecb-9c4d-6d291c9b93bb.sorted_genome_alignments.bam,103770791,76274309,27496482,0.264973233
UNCID_2346972.227414c4-de4e-4f7a-8940-0c2df8f38344.sorted_genome_alignments.bam,110476476,99608301,10868175,0.098375468
UNCID_2347061.1b5ebdfc-d133-4e9c-b0bf-4ef9ad0b8b1f.sorted_genome_alignments.bam,125225693,111538081,13687612,0.109303544
UNCID_2347179.032aa16f-6581-4222-b6e3-7f21cbea4c9f.sorted_genome_alignments.bam,131587007,127564641,4022366,0.030568109
UNCID_2347194.f9248f30-7d27-474b-b9b3-de7db16dc9ad.sorted_genome_alignments.bam,131384719,122776815,8607904,0.065516782
UNCID_2347224.60639da6-4bbf-4285-b986-6ff31650ac45.sorted_genome_alignments.bam,134756781,126492453,8264328,0.061327734
UNCID_2347253.509a3756-0f43-46d3-81ad-32f8f7fff6b3.sorted_genome_alignments.bam,97004019,93827134,3176885,0.032750035
UNCID_2347312.1f3812c0-8528-4e8b-b825-dcff2a81c59f.sorted_genome_alignments.bam,133183920,128195120,4988800,0.037457975
UNCID_2347345.b24d5524-a0e1-467d-a293-1ab26775489a.sorted_genome_alignments.bam,144256065,139297051,4959014,0.034376468
UNCID_2347384.e9942549-4f0e-4b46-96cb-77060b0982b1.sorted_genome_alignments.bam,155121111,148275681,6845430,0.044129583
UNCID_2347465.547cb986-508b-4330-9638-273ce7f94593.sorted_genome_alignments.bam,157914397,151666318,6248079,0.03956624
UNCID_2347578.b61312d0-a669-492d-89d4-7cc604fb71f6.sorted_genome_alignments.bam,171769310,163504031,8265279,0.048118485
UNCID_2347707.fcd4b575-d9fd-4a7d-967c-994144b913c4.sorted_genome_alignments.bam,152544943,144532236,8012707,0.052526861
UNCID_2347783.73201292-c46b-44cd-8c35-88786b669a35.sorted_genome_alignments.bam,172209613,166234857,5974756,0.034694672
UNCID_2347880.91c99cc3-23be-4cde-8a24-695d5ba5a1d8.sorted_genome_alignments.bam,177774031,170171612,7602419,0.042764508
UNCID_2347955.7dca9b4f-3310-40a9-8abe-5ea72d04265c.sorted_genome_alignments.bam,191959511,181398146,10561365,0.055018712
UNCID_2348238.2a73d13f-1bbb-4591-9524-181d9539d3ae.sorted_genome_alignments.bam,128424641,122365662,6058979,0.047179256
UNCID_2348515.e07c8a75-c54b-4b5e-bec3-f1df709c16d8.sorted_genome_alignments.bam,123981373,119631023,4350350,0.035088739
UNCID_2348654.53d40849-c03b-412e-98cb-5df596f8fa3c.sorted_genome_alignments.bam,87084249,73104176,13980073,0.160535035
UNCID_2348949.52fb8176-d4b1-4415-a9e2-471a21ce77c8.sorted_genome_alignments.bam,131719740,125602355,6117385,0.046442431
UNCID_2349028.89e46753-6e63-4819-b0ec-ab8cddee6547.sorted_genome_alignments.bam,134853821,126750708,8103113,0.060088123
UNCID_2349085.0e665513-23eb-45af-ab51-b7927a5557fb.sorted_genome_alignments.bam,198882142,191713787,7168355,0.036043231
UNCID_2349214.3dbaa579-ccf2-4506-acc1-256e9cfef3a6.sorted_genome_alignments.bam,153661147,147402470,6258677,0.040730381
UNCID_2349254.31594ace-9586-4e98-ab81-1dfe4fb9d20e.sorted_genome_alignments.bam,180468191,172441949,8026242,0.044474552
UNCID_2349319.a55363ab-18f6-4200-9c76-628786e26d11.sorted_genome_alignments.bam,155364697,147056401,8308296,0.053476087
UNCID_2349377.2485d73e-282b-4049-9d1c-7a5f020a4348.sorted_genome_alignments.bam,189160690,183179180,5981510,0.031621316
UNCID_2349384.7b1862eb-f21c-4ef4-93c5-e81e353bf5a2.sorted_genome_alignments.bam,122410239,109782474,12627765,0.103159385
UNCID_2349480.d9bb2e43-26d3-49f8-92bb-604b4d3005ec.sorted_genome_alignments.bam,170024300,158870825,11153475,0.0655993
UNCID_2349544.fc484082-81a8-4feb-bd85-c0f067ad2f4f.sorted_genome_alignments.bam,182639232,173898614,8740618,0.047857286
UNCID_2349633.701fe7aa-5ad5-489d-be6f-54a39afe9e0e.sorted_genome_alignments.bam,159696731,152257978,7438753,0.046580496
UNCID_2349730.33849579-965e-47e7-8fbe-016db46b3d77.sorted_genome_alignments.bam,140522889,130799586,9723303,0.069193731
UNCID_2349755.635c048b-b3a3-4321-985d-4896ec4af74c.sorted_genome_alignments.bam,187582761,179846813,7735948,0.041240186
UNCID_2349859.4976d0a2-11d3-4132-96c9-b418ffe0e5e7.sorted_genome_alignments.bam,157372718,146578773,10793945,0.068588413
UNCID_2349922.315a7141-0f36-4cac-94a7-748849ee8926.sorted_genome_alignments.bam,126058845,120179105,5879740,0.04664282
UNCID_2350018.f42762c7-478e-497f-82c2-fc36a359a6ba.sorted_genome_alignments.bam,176786342,165917818,10868524,0.061478301
UNCID_2350054.b42c2efe-b9d1-49da-8aa0-3d49bb3fb02f.sorted_genome_alignments.bam,156879405,149201008,7678397,0.048944583
UNCID_2350145.f786ecc3-b6e1-4fb2-9658-25d2831982d9.sorted_genome_alignments.bam,177214786,169366631,7848155,0.044286118
UNCID_2350321.4c09b51b-d52a-49f2-b5df-5fc38193bd3c.sorted_genome_alignments.bam,124321429,114972781,9348648,0.075197398
UNCID_2350353.d30521fd-54db-4fda-90bb-77138f6cc6dd.sorted_genome_alignments.bam,133959420,124581786,9377634,0.070003543
UNCID_2350375.b2641e23-6021-4679-90d9-1cfd67619dbc.sorted_genome_alignments.bam,144977500,139468433,5509067,0.037999462
UNCID_2350433.da800a3f-6fd4-44c2-9b10-a815cdf94b3d.sorted_genome_alignments.bam,157848843,150961103,6887740,0.043635036
UNCID_2350470.aa0da5cf-b997-4e3e-83eb-b01e7488b714.sorted_genome_alignments.bam,159537698,151368131,8169567,0.051207753
UNCID_2350488.ca0eaf1f-36a4-4322-b262-118d4cfc6ae2.sorted_genome_alignments.bam,184664649,172901769,11762880,0.063698602
UNCID_2350564.569343fd-89ab-4f06-a7e6-6312ac306dc8.sorted_genome_alignments.bam,169642939,161922273,7720666,0.045511272
UNCID_2350584.acf05ba0-17f2-4952-a7e4-696c7a2219ee.sorted_genome_alignments.bam,181402697,175517410,5885287,0.032443217
UNCID_2350641.05c3a0c4-87d0-409d-a4d4-7b5f6c3ab9e2.sorted_genome_alignments.bam,169724279,163465061,6259218,0.036878743
UNCID_2350684.0d528a2a-63b4-4d66-957b-90b937965f17.sorted_genome_alignments.bam,155335500,139543761,15791739,0.101662138
UNCID_2350707.1c4a8707-e85f-4868-b06d-97cf991c74e1.sorted_genome_alignments.bam,145092380,134946770,10145610,0.069925175
UNCID_2350810.4799ffc2-7be5-48f3-9ab1-624eeb3ec6ee.sorted_genome_alignments.bam,212228327,200678973,11549354,0.054419474
UNCID_2352129.f140c04c-d178-4462-8e18-f7b6e8b11d40.sorted_genome_alignments.bam,126215390,111522251,14693139,0.116413212
UNCID_2352160.738ae7fd-6fa8-4aa4-b01f-34a519dc279f.sorted_genome_alignments.bam,161866598,154711286,7155312,0.044204994
UNCID_2352178.0d5a9a1e-e473-4b9a-bc27-60147dca9fe6.sorted_genome_alignments.bam,175131538,168689795,6441743,0.036782313
UNCID_2353832.afe373b9-f1c1-412d-9506-091749d47534.sorted_genome_alignments.bam,112920595,100911890,12008705,0.106346455
UNCID_2353856.3d9d61f1-ad25-45a5-b0be-8698dc4b8c68.sorted_genome_alignments.bam,88753274,84163668,4589606,0.051711963
UNCID_2353922.c3cf3d4f-35f1-40ad-ab4b-2c4b9061d0cf.sorted_genome_alignments.bam,125789727,116399866,9389861,0.07464728
UNCID_2354037.87043f01-2ccc-434c-87fd-a23f03528983.sorted_genome_alignments.bam,163135621,154275695,8859926,0.054310186
UNCID_2354183.f9d224fb-5f3b-4261-8625-29c117b0b56c.sorted_genome_alignments.bam,217858784,205329764,12529020,0.057509823
UNCID_2354440.2eede096-06aa-4026-9c23-2a2d1d9015c1.sorted_genome_alignments.bam,189951087,179044790,10906297,0.057416344
UNCID_2354643.ce1a2e95-29e2-4bb5-93c0-25cfd4928bab.sorted_genome_alignments.bam,104366498,99756928,4609570,0.044167143
UNCID_2354678.d5c2aa43-35e2-41b9-9b55-c0a6618dfb20.sorted_genome_alignments.bam,191164699,182946716,8217983,0.04298902
UNCID_2354924.b8a399c2-fabe-4a3a-84bf-c5ba206b25d1.sorted_genome_alignments.bam,82863787,78851184,4012603,0.048424084
UNCID_2354959.0c68066e-db25-44a9-8fc3-ebba1a303a69.sorted_genome_alignments.bam,95933974,91652366,4281608,0.044630779
UNCID_2355051.a4930af3-d4d3-4b2d-85e8-580aab3be266.sorted_genome_alignments.bam,120381340,111292408,9088932,0.07550117
UNCID_2355052.3bf80885-2228-4f74-8a56-88114fcc17c0.sorted_genome_alignments.bam,103542497,99275829,4266668,0.041206926
UNCID_2355125.6e31727e-46ec-4bee-9090-3085cff94e9d.sorted_genome_alignments.bam,113154121,100562302,12591819,0.111280251
UNCID_2355132.72173793-6d84-4a67-a351-ef4b5a09759a.sorted_genome_alignments.bam,134207318,118531871,15675447,0.11680024
UNCID_2355155.5bd402bb-ead6-441e-a48c-113ef5cfbf38.sorted_genome_alignments.bam,138092317,126594531,11497786,0.083261591
UNCID_2355296.7c0911e8-ce20-481b-9e39-06c4afe6ee78.sorted_genome_alignments.bam,170544626,161136908,9407718,0.055162794
UNCID_2355317.0ada6aee-0434-44fa-a452-c9a9fb69ef90.sorted_genome_alignments.bam,180801783,173672549,7129234,0.039431215
UNCID_2355339.954b7bcc-3ea9-4f3c-8db2-55ba60be694a.sorted_genome_alignments.bam,169192429,159013405,10179024,0.060162408
UNCID_2355358.a1a50c14-ed5f-40a1-b205-e215e8b55f44.sorted_genome_alignments.bam,187881792,180911163,6970629,0.037101142
UNCID_2355717.67c4f673-3a04-4721-940d-a3a28f4717d3.sorted_genome_alignments.bam,166905292,157156321,9748971,0.058410197
UNCID_2357314.091fa855-e030-43c9-9abe-62e9e17e3e11.sorted_genome_alignments.bam,101117928,89286731,11831197,0.11700395
UNCID_2357355.b53cf9af-aa70-416e-b430-1271660c6841.sorted_genome_alignments.bam,104054078,98311739,5742339,0.055186102
UNCID_2357413.28eca552-d07d-4c6e-b40d-2dab40660aab.sorted_genome_alignments.bam,111300753,102393036,8907717,0.080032855
UNCID_2357437.10c56667-ad68-4da2-8090-1c79c4aec3e3.sorted_genome_alignments.bam,113022634,105221047,7801587,0.069026767
UNCID_2357438.38ede230-e4e6-4f03-aeec-1897f4802c78.sorted_genome_alignments.bam,131054328,120165956,10888372,0.083082888
UNCID_2357486.2f398759-636a-4d58-9fbc-deb15e5beff6.sorted_genome_alignments.bam,105364158,100197367,5166791,0.049037463
UNCID_2357518.e9f19ad6-67cb-469a-bce1-92e8934c7400.sorted_genome_alignments.bam,137933063,130607822,7325241,0.053107216
UNCID_2357553.f813cdc6-f6e5-4d53-a9b3-841b091aea32.sorted_genome_alignments.bam,137163439,130487098,6676341,0.048674348
UNCID_2357603.2dc9f559-fbfd-4290-82d2-e65bc3d8c0e4.sorted_genome_alignments.bam,127503968,117013530,10490438,0.082275385
UNCID_2357613.08f40bb8-22b9-4fe3-be97-6041aafe35e7.sorted_genome_alignments.bam,148471608,138934022,9537586,0.06423845
UNCID_2357635.b7b762cd-ac84-4ced-a058-36f8a9468b21.sorted_genome_alignments.bam,127578848,121032733,6546115,0.051310347
UNCID_2357655.7c65b352-e682-4757-a1ee-4afc74a2d62d.sorted_genome_alignments.bam,137714350,130024516,7689834,0.055839018
UNCID_2357700.e8900d00-89cd-43b6-8806-1693c33c8499.sorted_genome_alignments.bam,135172803,126452235,8720568,0.06451422
UNCID_2357725.572f5ecb-6e4f-408e-bee0-8f93974a4cf3.sorted_genome_alignments.bam,142248311,133527556,8720755,0.061306563
UNCID_2357764.21363134-c998-4af5-8052-59fa30f18176.sorted_genome_alignments.bam,172219533,163306662,8912871,0.051752962
UNCID_2357831.822e5a1e-8118-4940-8bd4-bc3f8d678c09.sorted_genome_alignments.bam,119606760,112853228,6753532,0.056464467
UNCID_2357832.28107f81-2e82-4bc9-99e4-f1b24444c811.sorted_genome_alignments.bam,128016274,122139895,5876379,0.045903375
UNCID_2357916.a6976ea0-4858-4432-85f2-33a18784b499.sorted_genome_alignments.bam,177987896,168409331,9578565,0.053815822
UNCID_2357944.47a386b5-7214-48b3-91fa-ce7101b8d662.sorted_genome_alignments.bam,94291225,81042934,13248291,0.140503965
UNCID_2358063.dffc4440-e64a-4235-9e1e-e313f25a2bb5.sorted_genome_alignments.bam,183426192,168000159,15426033,0.084099402
UNCID_2358228.9959f266-1024-4dfc-b1d8-3c3a3cf2125d.sorted_genome_alignments.bam,219365718,206829574,12536144,0.057147234
UNCID_2361944.187074a8-21c9-46fb-9d36-7968d5a87314.sorted_genome_alignments.bam,119168328,113898968,5269360,0.044217789
UNCID_2361956.1a166c96-b6cc-4398-a1ca-d23c255fd783.sorted_genome_alignments.bam,114591336,109835222,4756114,0.041505005
UNCID_2361979.87ebe65a-b512-4ea6-9c1b-4a9018dcaf7b.sorted_genome_alignments.bam,133606734,129466634,4140100,0.030987211
UNCID_2361985.5bcb5dd5-84a3-48fb-9942-e2f888cbd672.sorted_genome_alignments.bam,140432070,134739074,5692996,0.040539145
UNCID_2362037.ffe5c342-c91a-46da-8cf3-0a86b9ca9608.sorted_genome_alignments.bam,134677666,129807110,4870556,0.036164541
UNCID_2362051.6d835ad5-66b9-46d1-b1dc-eb830b8912e4.sorted_genome_alignments.bam,95560718,88402272,7158446,0.074909923
UNCID_2362079.2a497089-5263-4338-adac-9a8f82897aae.sorted_genome_alignments.bam,134738686,127940523,6798163,0.050454426
UNCID_2362086.a02050d3-7dd0-4c74-afe4-54835d396984.sorted_genome_alignments.bam,154485007,150106532,4378475,0.028342394
UNCID_2362128.776d3a26-fa83-4b65-ad9b-f7d0fd3d5585.sorted_genome_alignments.bam,149175803,142181723,6994080,0.046884815
UNCID_2362168.0ff8209b-37f3-4e71-83e7-06d533bd6aa8.sorted_genome_alignments.bam,149425350,143686331,5739019,0.038407265
UNCID_2362191.c6b67553-7a87-468e-90fd-cb6df1e5db5b.sorted_genome_alignments.bam,147248981,140249836,6999145,0.047532723
UNCID_2362192.9a738f7b-2a84-47af-bba4-b79a945872e2.sorted_genome_alignments.bam,143684901,134883234,8801667,0.061256729
UNCID_2362195.cf58f205-e3e2-4eec-8df2-22adf77d6ec1.sorted_genome_alignments.bam,114874679,108849616,6025063,0.052449008
UNCID_2362245.bcaa4853-de3c-479c-83ac-008181336cba.sorted_genome_alignments.bam,153446723,145645202,7801521,0.050841887
UNCID_2362257.276a1e00-cf3a-4463-a97b-d544381219ea.sorted_genome_alignments.bam,141316814,137064459,4252355,0.030090935
UNCID_2362292.dc201a89-1126-41fb-b59c-34410890dbef.sorted_genome_alignments.bam,153564294,146901167,6663127,0.04338982
UNCID_2362314.52f1bc0d-3386-4f6c-9b8f-442d42655bba.sorted_genome_alignments.bam,128751671,123676966,5074705,0.039414673
UNCID_2362329.ff30f911-6a2a-47ba-b348-0c0a637579f2.sorted_genome_alignments.bam,136080013,131067961,5012052,0.036831654
UNCID_2362334.6f669cee-b2a9-4912-b972-2a1f73db4bd2.sorted_genome_alignments.bam,130510022,126406912,4103110,0.031439042
UNCID_2362357.db8d4662-feee-44d6-9825-5ad9424640a2.sorted_genome_alignments.bam,138088159,133525722,4562437,0.033040031
UNCID_2362394.b524a0e1-2127-4848-9806-0c3454c56e22.sorted_genome_alignments.bam,118861723,107179755,11681968,0.098282001
UNCID_2362407.08ed2b94-bffb-4814-9b9c-cbed531cd1a1.sorted_genome_alignments.bam,127438353,121694397,5743956,0.045072428
UNCID_2362439.9a429f7d-2445-468f-b5e4-cb8ea5059ff2.sorted_genome_alignments.bam,127222329,118935966,8286363,0.06513293
UNCID_2362442.5e413540-8945-45ce-a033-8901ee56eb7d.sorted_genome_alignments.bam,152937725,147995140,4942585,0.032317631
UNCID_2362519.6b234ea7-7c91-4880-92c6-12ebc5520c90.sorted_genome_alignments.bam,156648992,151748411,4900581,0.031283834
UNCID_2362578.e37650fb-30e7-4fc5-bf02-25d5dbfccc29.sorted_genome_alignments.bam,173516866,168513736,5003130,0.028833681
UNCID_2362638.f8c789c9-629e-4a36-9cbf-2e52ecabe74c.sorted_genome_alignments.bam,93239691,88904980,4334711,0.046489976
UNCID_2362795.aa3a931d-435c-4858-ab16-4788770587ed.sorted_genome_alignments.bam,175007179,166843062,8164117,0.046650183
UNCID_2363002.419325de-c6ad-4d9f-a470-4c64431ba335.sorted_genome_alignments.bam,148781944,143181069,5600875,0.037644857
UNCID_2363429.c3ff9063-fcc5-4d2f-9328-dc71d1f232d6.sorted_genome_alignments.bam,252519971,240151001,12368970,0.048982146
UNCID_2363570.13a6c447-2479-4719-8f2b-7e0b1a3d2883.sorted_genome_alignments.bam,80627305,74574358,6052947,0.075073165
UNCID_2363586.8a2e5312-9379-4355-ab4a-31de5065d3dc.sorted_genome_alignments.bam,93563248,88344406,5218842,0.05577876
UNCID_2363587.e88c6b20-6ca5-4758-a46f-eb2daa1ffac7.sorted_genome_alignments.bam,81419820,75246011,6173809,0.075826856
UNCID_2363618.483dc49d-24ad-49e2-b6eb-cf690eb2509c.sorted_genome_alignments.bam,119247348,111661440,7585908,0.063614899
UNCID_2363697.e5cd9627-d938-43e8-ab5a-7e61ca1a887a.sorted_genome_alignments.bam,106794200,95839692,10954508,0.10257587
UNCID_2363756.79cbef95-e0ce-40bd-8c93-5d2383ad4cbe.sorted_genome_alignments.bam,84645278,77834586,6810692,0.08046157
UNCID_2363780.d0c544ce-2fab-4111-8351-8595a0089b31.sorted_genome_alignments.bam,85518379,80827072,4691307,0.054857296
UNCID_2363802.c9bd38a7-823d-4019-8016-1e5bd8cd8ee1.sorted_genome_alignments.bam,87441337,81044514,6396823,0.073155595
UNCID_2363815.93ae706d-cb90-4893-aa69-b46561e5ea6e.sorted_genome_alignments.bam,116754286,108759894,7994392,0.068471936
UNCID_2363867.3838e293-3045-4310-bea8-c94db4a79c3e.sorted_genome_alignments.bam,147761828,135051040,12710788,0.086022136
UNCID_2364149.d9120f00-7f10-49d5-ae84-6177e9424c7c.sorted_genome_alignments.bam,160931325,151250612,9680713,0.060154311
UNCID_2364211.ab73be97-98a8-424d-babf-c6802c10dc1e.sorted_genome_alignments.bam,101696460,96180389,5516071,0.054240541
UNCID_2364259.0911ea83-66b8-4255-96a4-cf5b22223cf0.sorted_genome_alignments.bam,215507325,199671480,15835845,0.073481702
UNCID_2364294.f2550cd8-e489-42c3-be9d-31f765c15fcb.sorted_genome_alignments.bam,134846830,124559423,10287407,0.076289572
UNCID_2364376.a9efcdd6-eb6e-40c9-9bc2-0297d1ec8f6b.sorted_genome_alignments.bam,226991891,210608911,16382980,0.072174296
UNCID_2366728.734756ba-8004-4b24-837a-75f326d1df08.sorted_genome_alignments.bam,131111099,127013993,4097106,0.031249116
UNCID_2366729.f4051cc1-b08f-4657-aeea-5b71394a3fd6.sorted_genome_alignments.bam,126692557,122684442,4008115,0.031636547
UNCID_2366760.4d7eab0f-9ff4-49b5-ac79-9bc65a808882.sorted_genome_alignments.bam,126439322,118879267,7560055,0.059791961
UNCID_2366790.2addf84e-ba23-45e5-beb1-99a8217d3c30.sorted_genome_alignments.bam,133597695,127819083,5778612,0.04325383
UNCID_2366818.c8367fe4-687e-4f4d-8564-2d46d05e460d.sorted_genome_alignments.bam,134198356,130294719,3903637,0.029088561
UNCID_2366861.cf37c1f7-bda9-4cd2-a3e9-a7c11f7707ca.sorted_genome_alignments.bam,134225133,129017865,5207268,0.03879503
UNCID_2366862.274eebbb-f481-4c6b-bae3-da27efdef3d5.sorted_genome_alignments.bam,139645868,133825701,5820167,0.041678047
UNCID_2366887.5b56898c-ea92-4ef1-a877-b68b0c40d1ba.sorted_genome_alignments.bam,136529153,132346176,4182977,0.030637977
UNCID_2366898.0275d061-9d9e-4f3e-9fcd-44566dd9ccd9.sorted_genome_alignments.bam,131525216,126462210,5063006,0.038494565
UNCID_2366921.b3133dcd-d39f-441d-b553-0fe4553fc2ed.sorted_genome_alignments.bam,145455766,141003957,4451809,0.03060593
UNCID_2366932.eaf6306d-f11d-4b21-be36-6ef6750fb4c4.sorted_genome_alignments.bam,136793767,131094830,5698937,0.041660794
UNCID_2366962.e9566249-b898-4da6-ae19-360b3c71aa20.sorted_genome_alignments.bam,128948388,123799227,5149161,0.039931953
UNCID_2367023.92d92d33-6f95-4b8f-ad23-bb87d43773de.sorted_genome_alignments.bam,127848774,124049514,3799260,0.029716828
UNCID_2367037.270574c4-6a67-4639-9fd8-7734044ac317.sorted_genome_alignments.bam,128867594,124192746,4674848,0.036276366
UNCID_2367069.57cb9b37-a93a-4b21-bac5-e588e56612b4.sorted_genome_alignments.bam,140922084,136372833,4549251,0.03228203
UNCID_2367134.dd851272-51a0-456c-87e6-b31dcdf4d36f.sorted_genome_alignments.bam,116025332,104800268,11225064,0.096746666
UNCID_2367156.8f143ea3-314d-4d89-ad70-6209ff9852d4.sorted_genome_alignments.bam,172757603,167286470,5471133,0.031669419
UNCID_2367166.355fc3cd-c43b-41cd-b608-3e88100693fd.sorted_genome_alignments.bam,159650905,154732492,4918413,0.030807298
UNCID_2367168.d2589a77-5a81-4e9b-8ca8-5adebb259b54.sorted_genome_alignments.bam,163869754,158414871,5454883,0.033287918
UNCID_2367216.9ee6277c-e6d1-494e-92b9-1df4b81ba155.sorted_genome_alignments.bam,170800021,164817872,5982149,0.035024287
UNCID_2367239.534e617a-bcbe-4e5e-b4e9-4b979f6dfa54.sorted_genome_alignments.bam,125093754,119661543,5432211,0.043425118
UNCID_2367473.269e47df-94de-4d27-86be-3a404cdaaf08.sorted_genome_alignments.bam,137769114,133068697,4700417,0.034118075
UNCID_2369261.48360943-522a-4dbe-a99c-5a1ac8fc4e47.sorted_genome_alignments.bam,116567378,109637109,6930269,0.059452903
UNCID_2369341.9393f6bc-5b3c-4cad-8141-8076f9d4ffce.sorted_genome_alignments.bam,117156089,106507028,10649061,0.090896351
UNCID_2369361.1971661a-5b77-4c90-8c1a-c81e9abebec5.sorted_genome_alignments.bam,123535414,118483697,5051717,0.040892865
UNCID_2369378.6d58864b-b895-4908-bf83-3e7535f946bc.sorted_genome_alignments.bam,104256330,90750512,13505818,0.129544345
UNCID_2369395.ddcac11d-6dc7-4183-b685-5b4cfb573222.sorted_genome_alignments.bam,121525425,117432167,4093258,0.033682318
UNCID_2369451.e8d3931d-0611-4c2d-8c8c-1ef12b00a5e1.sorted_genome_alignments.bam,143635465,138936064,4699401,0.032717553
UNCID_2369470.c64368f9-ec98-4417-bc41-c19ae5b043a5.sorted_genome_alignments.bam,147586824,138887300,8699524,0.058945126
UNCID_2369511.faa89b72-ce59-4f2a-b992-72af20963202.sorted_genome_alignments.bam,163161480,155751641,7409839,0.045414144
UNCID_2369551.786e4975-18e4-473c-97bf-2f5a57f4cd1d.sorted_genome_alignments.bam,128417161,123574475,4842686,0.037710583
UNCID_2369585.6e8968b9-e233-4938-8e66-79b1181e23b0.sorted_genome_alignments.bam,114471142,108657221,5813921,0.050789403
UNCID_2369614.aaa4291c-795b-4bca-aab5-6c0c795a7ef4.sorted_genome_alignments.bam,144217099,137315478,6901621,0.047855775
UNCID_2369648.2949f94b-4965-4d54-a1f8-247069ea7298.sorted_genome_alignments.bam,137758180,130495824,7262356,0.052718147
UNCID_2369726.62120496-0ec0-445b-8cf7-5335dc6eb2ae.sorted_genome_alignments.bam,163556233,157320969,6235264,0.038123059
UNCID_2369751.15419dae-0aa7-437b-8508-1078b88552fc.sorted_genome_alignments.bam,151612989,141596983,10016006,0.066062981
UNCID_2369752.79ad5242-1b2c-4838-b5b6-93fd88ed98d8.sorted_genome_alignments.bam,175561228,168812876,6748352,0.038438738
UNCID_2369780.ff0535f4-481d-479e-aa3a-715124d9e1d7.sorted_genome_alignments.bam,161953272,154159715,7793557,0.048122257
UNCID_2369799.0d996919-44ed-43cc-a2ae-99c684ac2707.sorted_genome_alignments.bam,149796607,141229464,8567143,0.057191836
UNCID_2369824.abcb146e-a12e-4400-8d55-856de7fb8492.sorted_genome_alignments.bam,141559087,135188198,6370889,0.045005157
UNCID_2369842.41ef5f02-a15e-4d02-90a5-474f1de0659f.sorted_genome_alignments.bam,192086249,184833722,7252527,0.037756617
UNCID_2369849.be5f6966-6a46-4ed2-8fc0-b97b943ad67a.sorted_genome_alignments.bam,142679504,132341627,10337877,0.072455235
UNCID_2369920.512bb8af-2748-4186-ac38-f91dc5c683ab.sorted_genome_alignments.bam,162230019,154635420,7594599,0.046813771
UNCID_2369947.91ec8922-93e2-4e55-ae26-db5e4a71b953.sorted_genome_alignments.bam,174571966,167835867,6736099,0.038586373
UNCID_2370028.6459fde3-b0b0-4b97-bdb3-06ea4b9a3451.sorted_genome_alignments.bam,172146093,165590767,6555326,0.038080016
UNCID_2370172.ed44bcc4-99b7-4308-8673-64797735fb5a.sorted_genome_alignments.bam,171413312,163844236,7569076,0.044156874
UNCID_2373586.5802832e-0c7c-4ca1-b556-906a20be861e.sorted_genome_alignments.bam,106495438,95419114,11076324,0.104007497
UNCID_2373644.6eed26fc-d4c7-4fb9-99c0-54ea55e09091.sorted_genome_alignments.bam,121325676,116887446,4438230,0.036581127
UNCID_2373677.4f6640d7-8b5b-4f5c-8379-e27e6c0bce44.sorted_genome_alignments.bam,119686154,115960777,3725377,0.031126215
UNCID_2373684.2a8232ef-ce9b-47f7-9b78-da42ac45355f.sorted_genome_alignments.bam,126625763,120790923,5834840,0.046079406
UNCID_2373755.90f060d8-632f-466e-9175-e4e1748d684f.sorted_genome_alignments.bam,141611810,137803560,3808250,0.026892178
UNCID_2373805.7374c112-195a-4bb5-b047-cdc99b0841ec.sorted_genome_alignments.bam,147141218,139891234,7249984,0.049272285
UNCID_2373814.07771c8c-332b-4a93-bb47-10195f148957.sorted_genome_alignments.bam,143590776,137802415,5788361,0.04031151
UNCID_2373838.b85005d9-b5ed-4b0c-8a8d-adaeac34b08e.sorted_genome_alignments.bam,133487299,127224978,6262321,0.046913235
UNCID_2373887.b5c88aed-daf9-4746-9b87-44ec9ce1a70a.sorted_genome_alignments.bam,146956853,142429084,4527769,0.030810193
UNCID_2373890.5d88a24f-8626-4f65-b034-f85282eef80e.sorted_genome_alignments.bam,105825970,92147663,13678307,0.129252838
UNCID_2373943.3cb892b5-2e68-4f7d-8c0f-f6d0a1577e0c.sorted_genome_alignments.bam,155035003,150087413,4947590,0.031912729
UNCID_2373952.0a4fe787-7462-4fa2-9fd1-7424a966f541.sorted_genome_alignments.bam,114506992,109161936,5345056,0.046678861
UNCID_2373981.bf24582f-1c4b-419a-8ee2-58d8531dde5f.sorted_genome_alignments.bam,153787741,149354733,4433008,0.028825497
UNCID_2374012.4c81b542-cb70-4b53-850c-03a17237dfdf.sorted_genome_alignments.bam,117448035,112821513,4626522,0.039392077
UNCID_2374023.43294ec5-2c5b-4931-8c24-af98a08d5213.sorted_genome_alignments.bam,122388942,114053355,8335587,0.068107354
UNCID_2374027.f788beee-beb2-442a-9a18-e5674e889707.sorted_genome_alignments.bam,138361397,133053457,5307940,0.038362868
UNCID_2374064.d7a07593-9b26-4028-aa23-98d2b3e2f331.sorted_genome_alignments.bam,128669261,123337383,5331878,0.041438631
UNCID_2374082.55ad376a-2d52-45b2-854e-1ea1c67765f6.sorted_genome_alignments.bam,152974345,147144927,5829418,0.038107161
UNCID_2374114.ceffbb74-affa-4aca-a90b-e5f9d55ad39f.sorted_genome_alignments.bam,131177235,126720807,4456428,0.033972572
UNCID_2374124.c6b39e1f-7695-4b33-a71e-938734a8993c.sorted_genome_alignments.bam,136864133,129164313,7699820,0.056258859
UNCID_2374140.d912e540-038b-4862-92d0-3af57d120cd6.sorted_genome_alignments.bam,163933716,156552042,7381674,0.045028406
UNCID_2374163.151007c3-6f83-4ea6-9bd7-1cdcad4b61c7.sorted_genome_alignments.bam,129440989,124306969,5134020,0.039663016
UNCID_2374189.3e0f51da-21ee-405c-8d56-e2578cab4901.sorted_genome_alignments.bam,127895770,123619195,4276575,0.033437971
UNCID_2374206.30bf9d46-b868-43c0-a605-e6808c036d77.sorted_genome_alignments.bam,138412835,133461720,4951115,0.035770635
UNCID_2374260.0d31feba-eda3-482c-bcbf-28f28b6cd9b2.sorted_genome_alignments.bam,132454242,126603791,5850451,0.044169601
UNCID_2374317.b4028e6e-0010-42a3-b84b-e4c5594c86df.sorted_genome_alignments.bam,156440633,151424942,5015691,0.032061306
UNCID_2374374.639eeaea-0da3-4bf5-9ec7-f5cd356142ed.sorted_genome_alignments.bam,160602337,154200288,6402049,0.039862739
UNCID_2374484.ad7199e5-0e3c-44dc-9166-7d3b23fe43e9.sorted_genome_alignments.bam,128645929,121207015,7438914,0.057824714
UNCID_2375123.e1de4889-03a7-4e3b-8759-1eb9e087725e.sorted_genome_alignments.bam,117822281,109284738,8537543,0.072461193
UNCID_2375184.2f0e0b9f-2660-4f2a-b6f3-e5c5476238ca.sorted_genome_alignments.bam,146820124,141354101,5466023,0.037229386
UNCID_2375208.1f96103c-6baa-4ef0-8134-a34af346295b.sorted_genome_alignments.bam,131762082,125432298,6329784,0.048039496
UNCID_2375240.7fa1bbfe-f0e7-40d9-97fb-992b97729f96.sorted_genome_alignments.bam,118017725,113279226,4738499,0.04015074
UNCID_2375254.b2dc2165-2964-4aaf-84ab-fa8c56b94ac1.sorted_genome_alignments.bam,142849618,136634220,6215398,0.043510078
UNCID_2375272.e80ab011-e10d-4201-8701-c2824268d455.sorted_genome_alignments.bam,125517046,119217550,6299496,0.05018837
UNCID_2375286.8121e7ad-1325-431e-8d64-6eabfde1c5f8.sorted_genome_alignments.bam,106379081,95017626,11361455,0.10680159
UNCID_2375310.76ed9300-2e50-4791-973c-6ee8bec19f6f.sorted_genome_alignments.bam,152966797,147361998,5604799,0.036640625
UNCID_2375378.6abbad6b-e297-4ee8-a037-68b9d9e13eb8.sorted_genome_alignments.bam,129681761,123120368,6561393,0.050596113
UNCID_2375559.d5dcffa7-2d14-4826-a55f-acec4e9b282c.sorted_genome_alignments.bam,160391310,154951734,5439576,0.033914406
UNCID_2375628.4d01a3d8-d9b7-45e7-82d6-420c5d786de2.sorted_genome_alignments.bam,129014629,123529407,5485222,0.042516279
UNCID_2377933.2ea07252-37a1-4c62-924c-6674242fe238.sorted_genome_alignments.bam,126586485,117458652,9127833,0.072107484
UNCID_2377954.01f0386d-7263-42c4-8b4f-0ce542414c6d.sorted_genome_alignments.bam,119391974,94115314,25276660,0.211711551
UNCID_2377968.b0d0bc0c-201d-42c0-988b-11f5aab60ede.sorted_genome_alignments.bam,127314319,113540573,13773746,0.108186935
UNCID_2378047.342e3c12-c4c5-4fc9-9a6c-babc11ac944e.sorted_genome_alignments.bam,143845309,137498402,6346907,0.044123142
UNCID_2378067.78959883-a07c-41e2-8002-6032b710e4b3.sorted_genome_alignments.bam,140587985,134916038,5671947,0.040344465
UNCID_2378077.a75fa2d5-0c31-45a7-831a-357443c12483.sorted_genome_alignments.bam,133264160,128642009,4622151,0.034684127
UNCID_2378078.c688d205-4bc6-4b47-bf68-f77fa0ade2a5.sorted_genome_alignments.bam,150073219,143888053,6185166,0.041214322
UNCID_2378133.09eb0599-7435-4c1f-b96b-a02a490fb246.sorted_genome_alignments.bam,148296893,141128093,7168800,0.048340864
UNCID_2378140.467b29ec-2529-4553-85d7-b64107791eb5.sorted_genome_alignments.bam,148289372,141664210,6625162,0.044677254
UNCID_2378149.420ac635-2482-4a6d-ac4f-5c8dd7f82401.sorted_genome_alignments.bam,139459583,134012836,5446747,0.039056097
UNCID_2378173.83afb7e3-b801-464e-a6dc-5128f336a113.sorted_genome_alignments.bam,149131324,144037799,5093525,0.034154629
UNCID_2378218.0172416d-e694-4e99-bd93-fa6ac04dda81.sorted_genome_alignments.bam,155768239,147655378,8112861,0.052082896
UNCID_2378246.801f506a-c31c-47a9-9cd6-cfe7da0222c8.sorted_genome_alignments.bam,176648759,169476510,7172249,0.040601751
UNCID_2378264.951535db-1e3a-436a-989f-52197336b6b6.sorted_genome_alignments.bam,144803953,138891420,5912533,0.040831296
UNCID_2378265.7b6a1a09-716e-4382-88b3-e36dcfadcba7.sorted_genome_alignments.bam,150182774,144926486,5256288,0.034999274
UNCID_2378322.f15ef4cf-2f81-4c1d-b89c-2f88e33c324d.sorted_genome_alignments.bam,178854757,171157358,7697399,0.04303715
UNCID_2380667.83478c86-d662-4b9c-b5fa-c09cf1c6d00d.sorted_genome_alignments.bam,119438791,110456328,8982463,0.075205575
UNCID_2380697.749030db-8f34-4348-a3b2-143600d7aad2.sorted_genome_alignments.bam,128352252,119453491,8898761,0.069330774
UNCID_2380700.1d3edb73-2445-43e4-b33e-be68b26c63f3.sorted_genome_alignments.bam,115412018,99671685,15740333,0.13638383
UNCID_2380715.d3528468-9e9d-4ff1-b4fd-07ea0694670f.sorted_genome_alignments.bam,132693256,123746750,8946506,0.067422462
UNCID_2380741.8a1c649e-43ae-4024-83d5-7ec8da50667f.sorted_genome_alignments.bam,133761367,125670927,8090440,0.060484131
UNCID_2380756.0d74c61e-34fe-4345-bc5e-4bf32464d0a6.sorted_genome_alignments.bam,128432587,120401623,8030964,0.062530579
UNCID_2380797.c2850229-e8a6-436a-9ed9-b8c6b101a0c9.sorted_genome_alignments.bam,141366647,134949943,6416704,0.045390509
UNCID_2380807.e69bb6e7-9c70-4eb0-ab2a-6921dfff0c38.sorted_genome_alignments.bam,138687513,133127311,5560202,0.040091583
UNCID_2380812.a59acb0f-1136-42ff-abb7-6708dcf51563.sorted_genome_alignments.bam,138105405,131744609,6360796,0.046057546
UNCID_2380852.1cba2729-ee83-44a3-a21a-ad5359a2bbe3.sorted_genome_alignments.bam,131580015,124458531,7121484,0.054122839
UNCID_2380876.89ba1e47-fba2-4222-aaeb-bb2365807fbd.sorted_genome_alignments.bam,145629098,140567707,5061391,0.034755355
UNCID_2380903.081322b7-2088-4950-bfc6-8ce215869974.sorted_genome_alignments.bam,147038452,134544482,12493970,0.084970767
UNCID_2380915.6f4d55e9-37fc-40c3-92d0-5bdabc063447.sorted_genome_alignments.bam,136800644,125656405,11144239,0.081463352
UNCID_2380922.6d552bed-1386-4a0e-bbb5-6abacd2c2cb1.sorted_genome_alignments.bam,150800357,145021283,5779074,0.038322681
UNCID_2380929.2405edaf-b4cc-4292-92a3-8b890ffaa70f.sorted_genome_alignments.bam,138344609,131229107,7115502,0.051433171
UNCID_2380986.aa86654d-003d-4190-b2bc-f4b40f77474f.sorted_genome_alignments.bam,139460337,126595207,12865130,0.092249383
UNCID_2381021.a899dca6-deb0-49f8-8c8b-2854b108de5a.sorted_genome_alignments.bam,141056875,129421304,11635571,0.082488507
UNCID_2381073.3fcb60a3-8ee8-48b8-a07e-218ca6dbb24a.sorted_genome_alignments.bam,151223598,144351307,6872291,0.045444567
UNCID_2381107.1310852c-459c-4abf-a6bf-993fcf3faeff.sorted_genome_alignments.bam,134102454,126187558,7914896,0.059021261
UNCID_2381167.1a9b6614-f2fd-4a0f-9586-a8b7d339c7ca.sorted_genome_alignments.bam,159785325,153437086,6348239,0.0397298
UNCID_2381197.b095864c-bcf7-41cc-b49f-a76b1adfe6d1.sorted_genome_alignments.bam,179872467,173895383,5977084,0.033229566
UNCID_2381240.49951b76-0020-4c3c-a279-8175c82c3bc6.sorted_genome_alignments.bam,142800408,133445471,9354937,0.065510576
UNCID_2381375.34982e2a-db69-4bc1-ac82-39ea181190d2.sorted_genome_alignments.bam,152053236,139966976,12086260,0.079487029
UNCID_2381718.621b5b13-6568-41fa-9e42-3992fa05dd1f.sorted_genome_alignments.bam,147172098,135872383,11299715,0.076778922
UNCID_2382122.c4fbc7f9-5a13-40bf-ae16-9d146d7f79b2.sorted_genome_alignments.bam,127248988,121832621,5416367,0.042565109
UNCID_2382136.068b2053-5df0-411c-9384-f3bd52c76065.sorted_genome_alignments.bam,149390429,142333095,7057334,0.047240871
UNCID_2382152.961e1a4e-9e7f-4d2a-a090-50d9457a218b.sorted_genome_alignments.bam,114822614,109628136,5194478,0.045239155
UNCID_2384019.4f8be51b-2aea-44fe-b754-82262225d991.sorted_genome_alignments.bam,124895574,117988470,6907104,0.055303033
UNCID_2384033.b80146b3-ebce-461c-9c30-f089c7039828.sorted_genome_alignments.bam,126931690,117732442,9199248,0.072474006
UNCID_2384051.02fffe37-3890-4985-abcc-dc450d300659.sorted_genome_alignments.bam,130366143,124021109,6345034,0.048670873
UNCID_2384067.ebafc56b-e0e8-45b0-a36c-cc9f4de2e14e.sorted_genome_alignments.bam,137083735,131896921,5186814,0.03783683
UNCID_2384083.a30dd71f-039e-4713-995d-3237b7b5cbe3.sorted_genome_alignments.bam,142614867,134972293,7642574,0.053588901
UNCID_2384133.02ad7be5-f194-4d34-a61d-40138d07477f.sorted_genome_alignments.bam,171643300,165197118,6446182,0.037555687
UNCID_2385812.625d2894-bb92-450a-af72-013d81df221d.sorted_genome_alignments.bam,106651186,99835403,6815783,0.063907241
UNCID_2385817.0c31e1a3-2920-48f3-8609-f2e7ecd5ec51.sorted_genome_alignments.bam,123774946,117472558,6302388,0.050918124
UNCID_2385909.e6310fd5-418f-4315-8c0a-78b05a95c214.sorted_genome_alignments.bam,117702512,109789808,7912704,0.067226297
UNCID_2385926.67e967d6-be17-4fe1-a1fb-197655fad18d.sorted_genome_alignments.bam,125685241,119212644,6472597,0.051498465
UNCID_2385937.f01339fa-0c8b-440f-98d2-9f7365e0cc9b.sorted_genome_alignments.bam,133956275,127303389,6652886,0.049664609
UNCID_2385946.4558d242-2bd6-4272-913f-59c6b8f05d64.sorted_genome_alignments.bam,137570814,126317338,11253476,0.081801333
UNCID_2385973.a8f619f1-c92e-4e7b-99f9-d25984935cde.sorted_genome_alignments.bam,139022929,132280963,6741966,0.048495353
UNCID_2386003.2de65e78-be71-4f41-be55-d9ef61b277c3.sorted_genome_alignments.bam,144555160,136158421,8396739,0.058086747
UNCID_2386011.6bf0259e-8b61-4b97-97a3-ccea8a0fa44f.sorted_genome_alignments.bam,145551828,138030018,7521810,0.051677881
UNCID_2386029.f7aad847-52aa-4dc8-8ea5-6f1a4f47e2aa.sorted_genome_alignments.bam,149079867,141419214,7660653,0.051386234
UNCID_2386052.e6e404f0-3317-496c-b4f8-555408a3dfd6.sorted_genome_alignments.bam,144675967,136334563,8341404,0.057655768
UNCID_2386059.9795c475-908b-40e2-93d3-f07e5b94b91f.sorted_genome_alignments.bam,120803555,102227106,18576449,0.153774026
UNCID_2386080.da8e08c7-6006-4e66-ae0f-7047177ca02a.sorted_genome_alignments.bam,152154859,138641050,13513809,0.088816151
UNCID_2386091.7fe70e80-a35e-4a3d-bfb5-e044aec3e6a2.sorted_genome_alignments.bam,155421862,145204597,10217265,0.065738918
UNCID_2386128.2345f76d-8250-4586-a15a-633ac5abc070.sorted_genome_alignments.bam,160031558,154045860,5985698,0.037403235
UNCID_2386129.e256282c-da2c-4272-a94b-14cf44da6178.sorted_genome_alignments.bam,144280707,134316318,9964389,0.069062519
UNCID_2386160.8ab941c0-6e1c-403c-901d-03ac81bbb81f.sorted_genome_alignments.bam,150723666,144828217,5895449,0.039114289
UNCID_2386163.b19c4e9c-2caf-436b-b728-9849b668c663.sorted_genome_alignments.bam,163762395,153790419,9971976,0.060892954
UNCID_2386168.be979660-2d11-4707-9c74-b1222c7cb56e.sorted_genome_alignments.bam,151352047,135115385,16236662,0.107277452
UNCID_2386195.c16ddaf4-4bfe-4917-a208-aa5a89beb17e.sorted_genome_alignments.bam,171730621,164872109,6858512,0.039937618
UNCID_2386245.c47f8609-65d3-4cca-b599-58add67672c7.sorted_genome_alignments.bam,175380415,169245390,6135025,0.034981243
UNCID_2386330.c44359a0-d7c7-45bc-80e7-5139d4a77234.sorted_genome_alignments.bam,136688204,129626935,7061269,0.051659681
UNCID_2386459.8bc6822e-7701-4719-a42a-3b7916cde80b.sorted_genome_alignments.bam,158871034,153723211,5147823,0.032402527
UNCID_2387537.f8fba04c-cd45-4f85-8b75-dcf5426b7637.sorted_genome_alignments.bam,112266832,106405842,5860990,0.052205891
UNCID_2388475.38344f50-9bf3-4386-8eeb-e8a79ca1ee8e.sorted_genome_alignments.bam,117432853,83767269,33665584,0.286679435
UNCID_2388491.585bed4d-5d57-4308-ab8e-7a0f97e48153.sorted_genome_alignments.bam,110223967,98368955,11855012,0.10755385
UNCID_2388513.0d138b3f-4212-47cf-a65e-fc1cbf618e99.sorted_genome_alignments.bam,117606026,112613702,4992324,0.04244956
UNCID_2388549.f88a5259-4413-4d0c-9083-600d74caffbc.sorted_genome_alignments.bam,121939064,114613816,7325248,0.060073021
UNCID_2388586.c7225e98-bd83-450e-9792-6983424f5726.sorted_genome_alignments.bam,132811097,121586522,11224575,0.08451534
UNCID_2388619.a5a16312-b50a-4c79-a2b9-530bd0fc66b1.sorted_genome_alignments.bam,137871868,123157650,14714218,0.10672386
UNCID_2388647.932e8866-4903-4541-a239-8318abbca064.sorted_genome_alignments.bam,132368373,128149090,4219283,0.031875311
UNCID_2388705.ef59f19f-f7c0-4cf3-b686-a0cd09a996b3.sorted_genome_alignments.bam,133086975,119600670,13486305,0.101334522
UNCID_2388732.fcbdaa46-c576-42e9-ac1f-0ba553247f4f.sorted_genome_alignments.bam,130220624,121348063,8872561,0.068134837
UNCID_2388757.5c49d176-0f55-4312-91f9-32457304966e.sorted_genome_alignments.bam,141068098,132780347,8287751,0.058750002
UNCID_2388821.c19f7f59-5df6-4a57-91b0-635817d4fafd.sorted_genome_alignments.bam,156534689,146133231,10401458,0.066448262
UNCID_2388836.3380e6d8-52a0-4b19-acb1-2fb686cbd5df.sorted_genome_alignments.bam,136386080,128826930,7559150,0.055424645
UNCID_2388873.d1dd5b3b-40b8-4740-ba42-1fe4ba4e35d1.sorted_genome_alignments.bam,145697271,134198999,11498272,0.078918925
UNCID_2388907.5230a88e-698c-4c4c-a54a-d960d2da3214.sorted_genome_alignments.bam,137899700,131092881,6806819,0.049360651
UNCID_2388919.adb4622b-d3a2-414a-83a9-57ac28c52a7f.sorted_genome_alignments.bam,126661531,120751770,5909761,0.0466579
UNCID_2389011.0f3672e4-ab71-4cb6-9d46-3ae57b58e249.sorted_genome_alignments.bam,149133387,142953594,6179793,0.041438025
UNCID_2389012.3292c30c-9fa5-4c11-a6ff-57282c7961fa.sorted_genome_alignments.bam,151739146,145507646,6231500,0.041067188
UNCID_2389044.3fbe748d-9051-4835-a5ee-adfa379b1415.sorted_genome_alignments.bam,126625517,109392003,17233514,0.136098272
UNCID_2389092.a0059fcb-6adc-47f4-8601-b7eed9e12576.sorted_genome_alignments.bam,188540607,178570531,9970076,0.052880258
UNCID_2389097.b31f1e9a-cc4d-4e17-ab88-d88e234df83d.sorted_genome_alignments.bam,149133515,138437890,10695625,0.071718453
UNCID_2389125.443ec308-d974-4e36-96f4-b7c0101bf5d5.sorted_genome_alignments.bam,156969611,150292618,6676993,0.042536851
UNCID_2389174.48b96bbc-d36e-4f95-ae88-ea708d2d33ff.sorted_genome_alignments.bam,158017824,149756782,8261042,0.052279178
UNCID_2389208.1e9aa67a-52fe-4af3-8bbf-3597a57a4b72.sorted_genome_alignments.bam,165348255,158385015,6963240,0.04211257
UNCID_2391152.9e501e60-4ac5-4a80-a39f-d3bdcccbca25.sorted_genome_alignments.bam,113438196,99345450,14092746,0.124232811
UNCID_2391155.617f26fb-18d8-44dc-8ced-bf3a32428fc9.sorted_genome_alignments.bam,109857150,101263313,8593837,0.07822738
UNCID_2391262.f0c1b588-ebe6-4f6c-a013-c36091c8e29c.sorted_genome_alignments.bam,119655461,115772204,3883257,0.032453655
UNCID_2391269.b9ec6c3f-9801-4c81-9c80-fabc85306c31.sorted_genome_alignments.bam,123001605,118495082,4506523,0.03663792
UNCID_2391332.1dd9dd18-3137-4515-9346-909e772b6ca8.sorted_genome_alignments.bam,112887426,109230938,3656488,0.032390569
UNCID_2391399.edeacf74-688e-4996-868e-e78277d17415.sorted_genome_alignments.bam,133681881,127649283,6032598,0.045126519
UNCID_2391415.2535f39c-5024-4596-8e96-76ccae28e9ca.sorted_genome_alignments.bam,132312623,120682160,11630463,0.087901386
UNCID_2391416.ecbb33ff-c485-485f-a169-6bb7c1c84baf.sorted_genome_alignments.bam,135889874,125787372,10102502,0.074343302
UNCID_2391425.0f074dc4-7b72-4670-ba09-55ad645b394b.sorted_genome_alignments.bam,122438483,117222382,5216101,0.04260181
UNCID_2391434.ca36f013-1f5d-41f4-85a5-2b8a149a5cfa.sorted_genome_alignments.bam,125286606,121181543,4105063,0.032765378
UNCID_2391449.3aba16f9-47fe-419a-92d3-c73049adce2b.sorted_genome_alignments.bam,132371105,126877996,5493109,0.041497795
UNCID_2391465.6086c6f1-e184-4a3e-935d-3addef5ecc2c.sorted_genome_alignments.bam,140063649,131508638,8555011,0.061079453
UNCID_2391482.4dfd8634-77b6-40c5-9b01-e9e4e354be1e.sorted_genome_alignments.bam,136400325,130629762,5770563,0.04230608
UNCID_2391550.2553c98d-ef57-4a19-881a-556c5aca29b4.sorted_genome_alignments.bam,136880867,132437655,4443212,0.032460431
UNCID_2391561.b4d87462-1fc4-4ee4-b905-c2919ebceb33.sorted_genome_alignments.bam,148706481,142764348,5942133,0.039958803
UNCID_2391565.2fc4c582-4815-48cf-a8e1-2b974f0aa7c9.sorted_genome_alignments.bam,143348499,132795719,10552780,0.073616257
UNCID_2391582.2bbec916-3c74-45b7-9eab-76022899fe7d.sorted_genome_alignments.bam,146565539,141601909,4963630,0.033866283
UNCID_2391586.56336ee0-a1f8-4426-adec-b1c92d96891f.sorted_genome_alignments.bam,152372697,146567509,5805188,0.03809861
UNCID_2391623.6c5a212a-4dab-45a5-854d-296f0a6ee7c3.sorted_genome_alignments.bam,148791540,143009617,5781923,0.038859219
UNCID_2391630.2281c64c-9394-44f6-a4e7-87c7cce08c13.sorted_genome_alignments.bam,138852219,133708868,5143351,0.037041907
UNCID_2391725.4dc2d981-d303-4dd8-8ef5-1d1bcd0e8250.sorted_genome_alignments.bam,168324487,162279743,6044744,0.035911258
UNCID_2393684.b1c64c55-b558-44b3-b617-a84d6b493d82.sorted_genome_alignments.bam,94850950,91087482,3763468,0.039677705
UNCID_2393714.bd94eed7-220d-4a0f-a09b-17a90c5545e7.sorted_genome_alignments.bam,101919021,95353766,6565255,0.064416386
UNCID_2393731.98662e95-24f7-41c7-a3f4-50ce203fa9a4.sorted_genome_alignments.bam,105867212,101657636,4209576,0.039762793
UNCID_2393812.994566a7-664e-4b9b-9320-126940c14b6b.sorted_genome_alignments.bam,96468971,92411364,4057607,0.042061265
UNCID_2393885.2099f0da-0318-4b94-a418-d6e6cf65454b.sorted_genome_alignments.bam,111361519,108038049,3323470,0.029843972
UNCID_2393906.532e3276-07d4-4e86-a955-4f474bc8ae36.sorted_genome_alignments.bam,112847369,107241748,5605621,0.049674361
UNCID_2393927.239d5e7e-5fb5-4df3-ae6b-a5a06ee296ae.sorted_genome_alignments.bam,123722171,113817285,9904886,0.080057486
UNCID_2393988.c84acacb-d7ab-481e-8462-94693fdf5980.sorted_genome_alignments.bam,121375197,115660476,5714721,0.047083104
UNCID_2394023.8ae687ed-f9b2-41fc-88d7-e977fef25582.sorted_genome_alignments.bam,144885384,140083109,4802275,0.033145338
UNCID_2394024.c7a98315-43bb-4917-90c9-93f9caf47fdc.sorted_genome_alignments.bam,137951039,133433219,4517820,0.032749445
UNCID_2394041.0e2cfe4b-18fe-47f6-b357-a43f97a9b531.sorted_genome_alignments.bam,134949245,129055209,5894036,0.043675946
UNCID_2394054.6d249571-1535-4db3-9860-a56a02941200.sorted_genome_alignments.bam,135741732,131233035,4508697,0.033215261
UNCID_2394061.02fea7d7-d604-41c2-9506-a62824140df4.sorted_genome_alignments.bam,129934449,124884710,5049739,0.038863743
UNCID_2394092.9e6ea9dd-5fae-4b5e-9cf2-db570406073f.sorted_genome_alignments.bam,138094188,133794622,4299566,0.031135025
UNCID_2394101.419e456e-40fc-4bc7-8b9f-c54d9935b7e2.sorted_genome_alignments.bam,127655690,119538208,8117482,0.063588877
UNCID_2394102.7dae2f3c-56cb-425a-8d7f-7113e1cfc72e.sorted_genome_alignments.bam,141175320,131936247,9239073,0.065443967
UNCID_2394152.2d669bc4-fb4b-4db9-b6a3-f54dde950056.sorted_genome_alignments.bam,130420969,120181757,10239212,0.07850894
UNCID_2394153.eecb9837-09fc-4e99-93d3-d3686c9783da.sorted_genome_alignments.bam,154646829,146445726,8201103,0.053031175
UNCID_2394182.9d4b210f-7846-458b-a22a-7af19499ed35.sorted_genome_alignments.bam,119765661,104896908,14868753,0.124148716
UNCID_2394237.95c350df-1871-430a-9c08-f3d88e2edcaf.sorted_genome_alignments.bam,125598716,120626166,4972550,0.039590771
UNCID_2394248.d5cb344a-fec2-4370-88ef-4837ae8573dc.sorted_genome_alignments.bam,160021149,155788902,4232247,0.026448048
UNCID_2394390.fbf9c35e-9b03-4c5e-a065-0265ae35a409.sorted_genome_alignments.bam,174703686,169074839,5628847,0.032219395
UNCID_2396284.22e11be6-f4ce-47a6-8c50-5eb957834906.sorted_genome_alignments.bam,111442217,100062337,11379880,0.102114623
UNCID_2396300.8e9f7a7a-3115-4687-9fce-a97e4c3c9cde.sorted_genome_alignments.bam,122064504,116359185,5705319,0.046740197
UNCID_2396330.107d849f-0497-4daa-bd4e-d82570909838.sorted_genome_alignments.bam,125531964,112378683,13153281,0.104780333
UNCID_2396337.ae442e30-9756-46a8-825b-3e5b7ad394d5.sorted_genome_alignments.bam,134482880,129425863,5057017,0.037603426
UNCID_2396394.48b5606d-060d-4026-a899-4c4f9bfe64f9.sorted_genome_alignments.bam,117493036,111286658,6206378,0.052823369
UNCID_2396395.bf6f4d8e-7aa4-42ae-961d-4686984fc871.sorted_genome_alignments.bam,136062331,125834328,10228003,0.075171452
UNCID_2396432.2ee1e299-76a9-4d45-a79b-02c1f31f9399.sorted_genome_alignments.bam,127667396,120157073,7510323,0.058827259
UNCID_2396441.a931a672-1565-4de6-9c64-d5a74f4cac1f.sorted_genome_alignments.bam,130630182,122337469,8292713,0.063482366
UNCID_2396468.0984a482-7559-48b4-a09d-d95f78816f23.sorted_genome_alignments.bam,123451182,115340523,8110659,0.065699322
UNCID_2396471.166b8cda-180b-4095-a991-69e79efec904.sorted_genome_alignments.bam,123755609,116558389,7197220,0.058156718
UNCID_2396519.5f6b58e1-df96-4c94-aa88-e4f23339794c.sorted_genome_alignments.bam,150004432,143071789,6932643,0.046216254
UNCID_2396528.9c9b4aa6-08b2-43f3-b68b-995df66c0494.sorted_genome_alignments.bam,105705025,90501291,15203734,0.143831705
UNCID_2396545.1bf205a9-a7fb-4a53-8b3d-9943b91481c2.sorted_genome_alignments.bam,146103683,140147683,5956000,0.040765571
UNCID_2396546.fb4a5161-67f4-4679-8d85-bb1843f3b897.sorted_genome_alignments.bam,125751150,117566394,8184756,0.065086928
UNCID_2396583.304a95c1-2180-4a81-a85a-880427e97d67.sorted_genome_alignments.bam,127497516,116560657,10936859,0.085780957
UNCID_2396626.1f891baf-2b98-4c2f-8f5f-799018220513.sorted_genome_alignments.bam,147500049,141601504,5898545,0.039990122
UNCID_2396685.ecb89f0a-31a4-428f-b2be-f882d55a146c.sorted_genome_alignments.bam,145450386,135332846,10117540,0.069560077
UNCID_2396740.1b01e4e9-83b9-4bb0-8bef-c6e5d8c78280.sorted_genome_alignments.bam,154366184,146350041,8016143,0.051929398
UNCID_2396780.136abc20-19ec-4049-96f9-7fe8dcda7029.sorted_genome_alignments.bam,119822512,114104540,5717972,0.047720348
UNCID_2396797.f62984d7-b596-4417-a435-c02076d116cc.sorted_genome_alignments.bam,138347459,132403026,5944433,0.042967417
UNCID_2396895.c83d9436-3f08-4197-9392-ff33fe4c632e.sorted_genome_alignments.bam,182105320,175392367,6712953,0.036863025
UNCID_2397023.728aaa87-e83d-47ff-9559-5f2de0152949.sorted_genome_alignments.bam,169861911,149908222,19953689,0.117470061
UNCID_2397316.cb358266-8d3e-4089-88f1-25e8eaaf6d7c.sorted_genome_alignments.bam,128834876,119711174,9123702,0.07081702
UNCID_2400021.8744dea9-5e21-47b0-9327-8177526d9d31.sorted_genome_alignments.bam,105465064,97396490,8068574,0.076504709
UNCID_2400132.58ecffdf-6f33-4a8e-b983-f6f4261cde2b.sorted_genome_alignments.bam,117775925,112870392,4905533,0.041651407
UNCID_2400166.6f1fe75a-f3ef-4f1b-9781-e340db9bab45.sorted_genome_alignments.bam,97163429,87052126,10111303,0.104064905
UNCID_2400183.55c39d1f-7300-42e9-8205-d919cdddf558.sorted_genome_alignments.bam,116002572,110711471,5291101,0.045611928
UNCID_2400199.e23db936-a1cc-4ff3-912b-cf8237d372b7.sorted_genome_alignments.bam,113378306,108789661,4588645,0.040471984
UNCID_2400243.10d307ce-8b3b-4486-b199-d2722a964a35.sorted_genome_alignments.bam,136531656,130555306,5976350,0.043772632
UNCID_2400262.2c8a4bf0-f9dd-4fb3-8415-782434a12ceb.sorted_genome_alignments.bam,133656058,129770248,3885810,0.029073205
UNCID_2400304.b37064bc-6eec-4387-a09b-8d7b853e0a90.sorted_genome_alignments.bam,142654964,134948666,7706298,0.054020539
UNCID_2400326.b5f07863-11fa-46c7-a915-7f643ac57711.sorted_genome_alignments.bam,142899583,137295564,5604019,0.039216483
UNCID_2400348.1d7d22de-0bfc-4357-8c5a-7289aa0d97b8.sorted_genome_alignments.bam,132113545,125652332,6461213,0.048906514
UNCID_2400355.5f1ec365-a309-4042-abc8-b8937497804f.sorted_genome_alignments.bam,131444947,126913948,4530999,0.034470697
UNCID_2400356.d0f9781b-f735-4dd2-8813-f513692c0525.sorted_genome_alignments.bam,132815109,126950126,5864983,0.044159005
UNCID_2400403.549b2c27-188c-4c0b-b451-4507ef46a561.sorted_genome_alignments.bam,130181565,125963784,4217781,0.032399219
UNCID_2400463.707a0918-ae88-4c3c-9a94-e9fad5cdbc7b.sorted_genome_alignments.bam,149318152,144407615,4910537,0.032886404
UNCID_2400510.fc4a708f-1f6c-4ee8-bbc1-0a0ce1f37044.sorted_genome_alignments.bam,148479247,143694248,4784999,0.032226719
UNCID_2400553.e7549428-1144-41c1-98cd-d077fc258567.sorted_genome_alignments.bam,149698904,145106222,4592682,0.030679463
UNCID_2400592.c1ccfad6-dc2b-49ea-97bd-044b1bf195dd.sorted_genome_alignments.bam,145484570,138740781,6743789,0.046353981
UNCID_2400623.c7554894-f361-4d97-8c1b-91925679143c.sorted_genome_alignments.bam,177503983,171766255,5737728,0.032324503
UNCID_2400656.721a570e-56ea-4054-98c1-9ac2105c33ca.sorted_genome_alignments.bam,175112494,167730401,7382093,0.04215629
UNCID_2400738.c44e9cfc-d595-4098-b55b-8275d7284f05.sorted_genome_alignments.bam,174110975,168561819,5549156,0.031871374
UNCID_2400739.2593a422-98ab-4221-b22b-476e05df9ca0.sorted_genome_alignments.bam,161061980,154868886,6193094,0.03845162
UNCID_2400829.244e1006-d5b9-46cb-8478-8a4591fdb6be.sorted_genome_alignments.bam,150247039,142250155,7996884,0.053224902
UNCID_2400946.73afa387-c132-48d6-82da-26517c161f13.sorted_genome_alignments.bam,143301989,130019636,13282353,0.092687848
UNCID_2401551.3c8ebeb7-68ef-4d11-80b0-fc5560dd01d6.sorted_genome_alignments.bam,222710855,213668509,9042346,0.040601281
UNCID_2402772.1afe5497-bd6d-45b9-816d-52e7fb20ea4e.sorted_genome_alignments.bam,113996282,106487846,7508436,0.065865622
UNCID_2402828.a0bdf55b-9d6b-4f03-a16c-0227c748cc16.sorted_genome_alignments.bam,117967995,111002171,6965824,0.059048422
UNCID_2402844.7adcdf73-3ad3-4da7-ab27-2888f1d4f53a.sorted_genome_alignments.bam,110187923,105094995,5092928,0.046220383
UNCID_2402877.8697017a-b4d9-4f19-8887-168e80124ebd.sorted_genome_alignments.bam,148585614,144308014,4277600,0.02878879
UNCID_2402903.85ef1d2f-2371-4fc7-a6f4-d102f4430b8a.sorted_genome_alignments.bam,129190691,121725454,7465237,0.057784636
UNCID_2402904.aba4cde6-c407-4cfb-922e-5b4402aae727.sorted_genome_alignments.bam,133759318,127336430,6422888,0.048018247
UNCID_2402905.9d65f639-b6cd-43f5-8cb4-a2a9be0aafe9.sorted_genome_alignments.bam,133085997,124761943,8324054,0.06254643
UNCID_2402947.d4934e65-dc47-4f98-b4d4-e9034a96f446.sorted_genome_alignments.bam,142229101,137493446,4735655,0.033295964
UNCID_2402950.0d0edd5c-226b-4dae-a881-24dba9d3caab.sorted_genome_alignments.bam,134156800,119931270,14225530,0.106036593
UNCID_2402980.5154656a-156d-4118-8415-75b9253ad3f9.sorted_genome_alignments.bam,128891021,124896934,3994087,0.030988093
UNCID_2403059.94f66829-3cef-4af2-9f97-2352ac85efee.sorted_genome_alignments.bam,154529885,150050487,4479398,0.02898726
UNCID_2403092.0b02de77-8d04-4be6-87db-0f0506ee5e54.sorted_genome_alignments.bam,155446076,148720278,6725798,0.043267725
UNCID_2403115.387f62fd-dfeb-4f05-88d1-64d8de9a031a.sorted_genome_alignments.bam,157229806,149982654,7247152,0.046092736
UNCID_2403186.dc0bcf42-993d-4119-b91e-399a639c1480.sorted_genome_alignments.bam,163035037,155815239,7219798,0.04428372
UNCID_2403291.c15c03a5-5ff5-4f62-a59b-e921ce1f442a.sorted_genome_alignments.bam,136421655,129829310,6592345,0.048323303
UNCID_2403320.bbd74b84-fee5-45ee-9b76-b84d54a42a08.sorted_genome_alignments.bam,148061206,141496511,6564695,0.044337711
UNCID_2403338.abb75efe-7d8f-4d43-a04b-8a97f2eda7b8.sorted_genome_alignments.bam,126711429,118149410,8562019,0.067571008
UNCID_2403377.d6c16450-87c1-4b18-bab5-8cb782fdb99c.sorted_genome_alignments.bam,161827907,154210870,7617037,0.047068748
UNCID_2403583.ad733fd8-9c1f-4552-88de-3bc50ec1a9ac.sorted_genome_alignments.bam,139779864,135417548,4362316,0.031208472
UNCID_2403599.de7d6e8a-7408-4011-be1a-52e3cc9fa61b.sorted_genome_alignments.bam,153109281,146208368,6900913,0.045071814
UNCID_2403625.d1d1393b-5eda-4484-8254-a6bf11a19908.sorted_genome_alignments.bam,168116597,160585269,7531328,0.044798242
UNCID_2403648.ae50d91a-35e2-4b18-8089-b18844a63b5e.sorted_genome_alignments.bam,160614512,153242698,7371814,0.045897559
UNCID_2403738.42285149-d0bc-418b-8802-ad59565516a0.sorted_genome_alignments.bam,147632507,139963275,7669232,0.051948125
UNCID_2407671.ea214bab-dd3f-4594-9c93-e60fa586b3a4.sorted_genome_alignments.bam,119566680,105044301,14522379,0.121458411
UNCID_2407744.055357fc-1a16-4ff4-a826-2e87a9e99190.sorted_genome_alignments.bam,123244439,117221974,6022465,0.048866018
UNCID_2407745.d1d2cb40-28df-41a6-af66-1d11168e0803.sorted_genome_alignments.bam,122016456,116101639,5914817,0.048475568
UNCID_2407796.bd46f867-070c-49a3-9180-8c78b72183a8.sorted_genome_alignments.bam,126963126,123143892,3819234,0.030081443
UNCID_2407841.2dc0d41b-72fa-4514-889f-3c46507fd5e8.sorted_genome_alignments.bam,115588123,109457995,6130128,0.053034238
UNCID_2407876.56d2252e-b66f-405f-9d97-7ea5432f1f68.sorted_genome_alignments.bam,124494965,118592367,5902598,0.047412343
UNCID_2407891.13d82ac1-eecc-41bb-af05-4fd4f614f260.sorted_genome_alignments.bam,140516282,136178111,4338171,0.030873084
UNCID_2407903.f5dd58db-4834-4d0e-aeb6-15d6b8f05826.sorted_genome_alignments.bam,125056674,119087647,5969027,0.047730575
UNCID_2407926.4d4f086b-9706-4fc5-b19b-33270daf8970.sorted_genome_alignments.bam,140540063,135310773,5229290,0.037208536
UNCID_2407954.fc6c05b9-e904-4c4e-b26a-65b4ac455cf1.sorted_genome_alignments.bam,128156846,123493044,4663802,0.036391361
UNCID_2407968.a32d716b-4fc9-4451-9106-b4c7cda9bfc1.sorted_genome_alignments.bam,137496560,126431967,11064593,0.080471781
UNCID_2407988.2e4d2d19-c416-4ff3-986e-66e40fca946c.sorted_genome_alignments.bam,145399638,138717097,6682541,0.045959819
UNCID_2407995.bdbde24d-9270-4e7b-84f3-1ba0b7d54e55.sorted_genome_alignments.bam,146015108,140107266,5907842,0.040460484
UNCID_2408029.151ea5c1-80f3-473f-af58-f43df84879f2.sorted_genome_alignments.bam,144813238,138574255,6238983,0.04308296
UNCID_2408030.23a4b76d-a3d3-4206-acd5-2eab6bd4face.sorted_genome_alignments.bam,116219453,109388387,6831066,0.058777303
UNCID_2408091.9fd5e9bf-8c29-4efc-bd33-1ed483153175.sorted_genome_alignments.bam,124235507,118119690,6115817,0.049227609
UNCID_2408117.d48e6a92-05f9-4400-828c-e3fdb17c99ac.sorted_genome_alignments.bam,160390831,154565411,5825420,0.036320156
UNCID_2408127.a57d41bc-71b6-4215-804a-d66071f60594.sorted_genome_alignments.bam,156947394,152374598,4572796,0.029135852
UNCID_2408158.2111b1a5-6018-4647-83dc-96a70dac667b.sorted_genome_alignments.bam,178526439,168271545,10254894,0.057441878
UNCID_2408161.31cec6a7-3560-4837-a220-a34d1e45ed24.sorted_genome_alignments.bam,164042338,157889551,6152787,0.037507311
UNCID_2408182.d05ea5d7-8d21-4fd6-9199-fdc606a9843c.sorted_genome_alignments.bam,100092538,72599204,27493334,0.274679157
UNCID_2408215.b22b56c2-3e66-430b-b1a5-3441b30551c3.sorted_genome_alignments.bam,112866542,108621165,4245377,0.037614132
UNCID_2408236.e5686a63-293f-4d7e-bb7a-c0ad2769cfb4.sorted_genome_alignments.bam,172178198,166247890,5930308,0.034442851
UNCID_2409251.b21b7604-5292-4f80-b0d9-8a99b9c0c1a6.sorted_genome_alignments.bam,130165583,121332119,8833464,0.067863285
UNCID_2411482.7e0203fd-e55d-4d05-9877-6b502250ffc3.sorted_genome_alignments.bam,103086640,98229295,4857345,0.047119054
UNCID_2411526.cff667cc-724f-4f8a-96c0-cdd6512805a2.sorted_genome_alignments.bam,109358076,91484944,17873132,0.163436782
UNCID_2411562.35e62a79-9fa0-4ff9-a8c3-d163817d7f08.sorted_genome_alignments.bam,114059474,104424978,9634496,0.084469055
UNCID_2411576.b2323204-612b-44a0-a268-ac8f07f01462.sorted_genome_alignments.bam,127122686,117341631,9781055,0.076941853
UNCID_2411619.4c56a6cc-f912-4b2f-b301-d6a64f211d31.sorted_genome_alignments.bam,123269292,116487727,6781565,0.055014229
UNCID_2411647.d63ec2f9-d8ca-4738-9d0f-00f93e7ac897.sorted_genome_alignments.bam,131986776,126190012,5796764,0.043919279
UNCID_2411648.cd61bf43-fca1-49b2-824e-133484a6e069.sorted_genome_alignments.bam,134842793,127428480,7414313,0.054984867
UNCID_2411684.9102949f-fd0d-4b62-bc30-6451f6dd8fb4.sorted_genome_alignments.bam,125492545,116960778,8531767,0.067986246
UNCID_2411740.8f532265-5436-4bd8-9766-4b768c84514a.sorted_genome_alignments.bam,155698409,149847526,5850883,0.037578309
UNCID_2411797.5f23cd19-f7f0-43e3-961d-0236da5f49ae.sorted_genome_alignments.bam,156745403,152104547,4640856,0.029607605
UNCID_2411798.c291389a-1dfd-4eef-9542-7269a8bd797a.sorted_genome_alignments.bam,142479908,135608779,6871129,0.048225249
UNCID_2411912.44b1a976-76e2-4c4d-9348-bb399d986794.sorted_genome_alignments.bam,116911032,108189314,8721718,0.074601326
UNCID_2411944.3be9f1e8-94ae-476e-b146-38385d130f38.sorted_genome_alignments.bam,145987182,138940025,7047157,0.048272437
UNCID_2411985.4fe2d3b0-ccf5-41e3-8f47-77a31a35d573.sorted_genome_alignments.bam,169646230,160567854,9078376,0.053513574
UNCID_2411986.49e0744c-4f4c-4cac-bc4e-2a11f1cf6a45.sorted_genome_alignments.bam,145899465,140926383,4973082,0.034085677
UNCID_2412001.4a299385-e7a5-4a82-940b-ff6e36c596c2.sorted_genome_alignments.bam,165855751,160021822,5833929,0.035174716
UNCID_2412020.af6191bb-b4c3-42ea-adc9-f6d45b00f0b0.sorted_genome_alignments.bam,163788520,158421979,5366541,0.032765062
UNCID_2412047.6297b8d1-8f4e-499c-b95f-422f0a574b35.sorted_genome_alignments.bam,174317978,167569520,6748458,0.038713494
UNCID_2412100.d8c06e36-816f-420e-9b5b-68f2e9417e96.sorted_genome_alignments.bam,177249818,170260738,6989080,0.039430675
UNCID_2412121.f46aa5a4-ff0e-42cf-aea9-fd776ebf04cd.sorted_genome_alignments.bam,180630854,172321932,8308922,0.045999461
UNCID_2412137.1cd76b6a-a698-46cd-9594-decc4ebf24e4.sorted_genome_alignments.bam,189187191,183548578,5638613,0.029804412
UNCID_2412195.ea9fda3a-9efa-4847-aea0-d85f22ab14ca.sorted_genome_alignments.bam,175683452,169848532,5834920,0.03321269
UNCID_2412217.c7a90fef-6f1f-49ea-a8b8-b0e03e7584b1.sorted_genome_alignments.bam,207514889,198937961,8576928,0.041331627
UNCID_2414414.7617b79f-5efc-4254-8448-18e1ece3c146.sorted_genome_alignments.bam,103673021,84317647,19355374,0.186696344
UNCID_2414438.9e5a5c9b-6cfc-4add-9108-57e51da8dd30.sorted_genome_alignments.bam,102257975,91587245,10670730,0.104351079
UNCID_2414439.e3dde569-0372-433c-9927-d4cd676fd878.sorted_genome_alignments.bam,97494325,89829629,7664696,0.078616843
UNCID_2414478.957fa2bd-2222-43a4-b046-d2f78bf506a5.sorted_genome_alignments.bam,110585539,98387710,12197829,0.110302207
UNCID_2414522.cae338e7-ecf9-42b2-91fa-fe85b81b79eb.sorted_genome_alignments.bam,114421763,105465439,8956324,0.078274655
UNCID_2414523.4601c9ab-da58-46f4-a875-5ef03727b756.sorted_genome_alignments.bam,122184248,113586085,8598163,0.07037047
UNCID_2414544.13b52657-459f-45f6-a4ce-a2da459104ac.sorted_genome_alignments.bam,121918970,116969582,4949388,0.040595717
UNCID_2414553.073d66b5-917e-45e3-8104-b8d4dfa28e6b.sorted_genome_alignments.bam,119514670,112474734,7039936,0.058904367
UNCID_2414593.588eaae1-c988-4c66-b3e7-455a11205570.sorted_genome_alignments.bam,130109637,123640640,6468997,0.049719584
UNCID_2414607.971dec7f-6cb5-4575-85f7-be59097ae606.sorted_genome_alignments.bam,137606326,132756585,4849741,0.03524359
UNCID_2414631.9dc2e7b8-0a6e-43ab-9c6c-8d4bc8f4a8de.sorted_genome_alignments.bam,127301701,118218807,9082894,0.071349353
UNCID_2414634.07be67fc-a717-4e8a-8fd2-0c5d9d467fcc.sorted_genome_alignments.bam,129214526,122150502,7064024,0.054668962
UNCID_2414693.fc26f8b4-3f2c-4f16-9bb4-8a52f6fcd366.sorted_genome_alignments.bam,134623966,128532439,6091527,0.045248459
UNCID_2414694.916cf47a-0100-4e01-a912-2e884777186f.sorted_genome_alignments.bam,138559265,131201749,7357516,0.053100137
UNCID_2414720.6cec0faf-100b-48b0-9221-fb1be7ff8597.sorted_genome_alignments.bam,144084026,138369094,5714932,0.039663883
UNCID_2414744.b160cdb8-9701-43fd-b6bc-6dfaaf74d0aa.sorted_genome_alignments.bam,139443523,132489330,6954193,0.049871036
UNCID_2414805.729d243c-73f2-42d2-8737-55275a062a8f.sorted_genome_alignments.bam,152736777,145144616,7592161,0.049707485
UNCID_2414840.7a1a71ad-c117-4091-bc20-88617bcb99d9.sorted_genome_alignments.bam,148485709,140473634,8012075,0.05395856
UNCID_2414853.8d5e2fac-878b-440c-a19b-09c972b840ac.sorted_genome_alignments.bam,145154958,138990889,6164069,0.042465439
UNCID_2414882.1c3b1633-b318-486c-9d82-101c4a0364cd.sorted_genome_alignments.bam,145206018,135341397,9864621,0.067935345
UNCID_2414924.f11b075c-7ada-4945-b3a2-2eee097c077d.sorted_genome_alignments.bam,154495393,144704984,9790409,0.063370233
UNCID_2414933.94f22e5d-e471-4add-9291-27bc5c96a519.sorted_genome_alignments.bam,136429416,128487978,7941438,0.058209133
UNCID_2414962.8e52e933-592c-47f1-8cba-96d8377ca455.sorted_genome_alignments.bam,154094109,148331440,5762669,0.037397075
UNCID_2414963.16bdeea2-3df3-47ed-876d-2e0d624def6a.sorted_genome_alignments.bam,154078526,146091869,7986657,0.051834978
UNCID_2414964.23396dcc-09d5-428b-8bf0-b13d8fbaf7d1.sorted_genome_alignments.bam,148785492,130722497,18062995,0.121402932
UNCID_2415033.359f9b66-4058-45ac-9706-9a71a50b4e02.sorted_genome_alignments.bam,159604968,149172860,10432108,0.065362051
UNCID_2415044.4af3f60f-5186-4f65-b383-6897d461f169.sorted_genome_alignments.bam,160590230,152591818,7998412,0.049806343
UNCID_2415045.81b7dc7d-4548-48c2-bdc8-35820ba1d9c9.sorted_genome_alignments.bam,162736746,152434253,10302493,0.063307724
UNCID_2415089.6977f6c7-f4cf-4669-81fd-7740fd5e64f1.sorted_genome_alignments.bam,148120770,142835825,5284945,0.035679972
UNCID_2415121.4b1da384-ab8a-4c6f-a76a-54ddc5314594.sorted_genome_alignments.bam,155971969,150316371,5655598,0.036260349
UNCID_2415162.a9430dc8-38cf-4ef1-8442-e20582f6d893.sorted_genome_alignments.bam,157940483,150930639,7009844,0.04438282
UNCID_2415175.b1b5fed3-7697-4d4f-9d7a-e7ed8a713b70.sorted_genome_alignments.bam,161532488,155323664,6208824,0.038436999
UNCID_2415236.6e5ab8c9-03de-4a9d-ac92-37f28170c0a0.sorted_genome_alignments.bam,165553167,160396359,5156808,0.031148954
UNCID_2415289.79a31785-793f-4878-8c09-64c8fb0c53e3.sorted_genome_alignments.bam,152432225,146339443,6092782,0.039970433
UNCID_2415293.8ad86426-f87c-420c-8fd9-8881623aecff.sorted_genome_alignments.bam,93057576,79908646,13148930,0.141298866
UNCID_2415522.5f2e95ed-1ed8-4ec3-b950-c5324f70f7fe.sorted_genome_alignments.bam,136203085,129386085,6817000,0.050050261
UNCID_2415558.38bab520-945a-492c-9fc6-70735a58fd5f.sorted_genome_alignments.bam,149151531,144277991,4873540,0.032675092
UNCID_2415675.c239b5b2-6235-4cdf-a0bd-227e9e562a69.sorted_genome_alignments.bam,154430115,149046003,5384112,0.034864392
UNCID_2415716.c590ff56-1d2d-40ea-9fba-0768d66ec12c.sorted_genome_alignments.bam,159999479,152469467,7530012,0.047062728
UNCID_2415732.461292a1-8069-4b4e-840d-8519fb296110.sorted_genome_alignments.bam,153535730,147565419,5970311,0.038885483
UNCID_2415807.a55cce24-3134-4c8b-a072-3774975b6e3a.sorted_genome_alignments.bam,162305644,156274072,6031572,0.037161813
UNCID_2415814.b4d522be-1c74-4c7d-88c5-b9cc2d066160.sorted_genome_alignments.bam,151257558,145117372,6140186,0.040594243
UNCID_2415829.cdbe7509-a13b-41de-99b4-a980bc4249bf.sorted_genome_alignments.bam,176722659,171233694,5488965,0.031059769
UNCID_2415954.cc064dfb-026a-45a9-bf02-f57f473f21a0.sorted_genome_alignments.bam,118858704,110875134,7983570,0.067168577
UNCID_2415964.eedc7659-cdc7-475f-98cd-21319801db37.sorted_genome_alignments.bam,169937201,161980777,7956424,0.04681979
UNCID_2415984.6bbab751-d2f5-4a62-9021-f2f5a0373682.sorted_genome_alignments.bam,180007965,170698586,9309379,0.051716484
UNCID_2416252.6c5b0478-11ab-4d66-b3bc-bb53854287bc.sorted_genome_alignments.bam,157728685,149848429,7880256,0.04996083
UNCID_2416369.28c5092b-901c-4bbb-9647-885bcfbe17f7.sorted_genome_alignments.bam,226731795,216310460,10421335,0.045963271
UNCID_2416476.95df210f-dfd4-4634-8184-387b38abf711.sorted_genome_alignments.bam,212394475,203337408,9057067,0.042642668
UNCID_2416633.6a7a7353-54e6-4a44-9235-36502857ff22.sorted_genome_alignments.bam,115576116,109224144,6351972,0.05495921
UNCID_2416845.3bbbf925-b664-4e9f-a49f-1700c71cf9f7.sorted_genome_alignments.bam,129336704,123413672,5923032,0.045795446
UNCID_2416976.736815a3-f7a3-4e86-b8a4-8b3f5458f8f8.sorted_genome_alignments.bam,129303300,124081722,5221578,0.040382403
UNCID_2417470.2500a26b-6578-4e5c-b0a8-4d6d55e59aec.sorted_genome_alignments.bam,162093046,152005650,10087396,0.062232133
UNCID_2417491.3969bae7-13f0-49da-b253-3df0f27223f4.sorted_genome_alignments.bam,121295334,104517326,16778008,0.138323606
UNCID_2417492.4d01182b-0129-4e3d-b4d1-6fd5c4d2abd4.sorted_genome_alignments.bam,138426553,134513075,3913478,0.028271151
UNCID_2417534.66bd13a6-ab73-4e2d-b449-53473e98c262.sorted_genome_alignments.bam,147606484,139696054,7910430,0.053591345
UNCID_2417762.a319e9a7-08e6-4844-8a7e-28d3d2a16292.sorted_genome_alignments.bam,158816266,152963149,5853117,0.036854644
UNCID_2417799.d9855929-c76e-438b-9742-26792ccadba2.sorted_genome_alignments.bam,152263671,146520573,5743098,0.037718111
UNCID_2417906.ca5f3eba-76a1-41b5-9082-cb1c1e0890ea.sorted_genome_alignments.bam,151526110,146247712,5278398,0.034834907
UNCID_2418846.516e9e93-9949-4611-b04b-b70a38b3eda0.sorted_genome_alignments.bam,213082525,204665808,8416717,0.039499799
UNCID_2419774.3fc3245f-c169-420d-8ef1-c94f8e4d60e1.sorted_genome_alignments.bam,64145203,57593475,6551728,0.102139017
UNCID_2419815.00196819-0436-454b-9a45-5c893f49cd85.sorted_genome_alignments.bam,122331147,119149175,3181972,0.026011135
UNCID_2419958.4d849e0c-3c5c-4729-963d-595f1b69170a.sorted_genome_alignments.bam,113622227,110024325,3597902,0.031665477
UNCID_2420014.e9239415-58f5-43d3-a6f3-4af8f1fdaca4.sorted_genome_alignments.bam,83735479,80790411,2945068,0.035171089
UNCID_2420116.b254a7db-7145-437a-8dc2-6fcaa71f829a.sorted_genome_alignments.bam,146066642,141478659,4587983,0.031410204
UNCID_2420136.c2fcca1d-efdc-4292-8082-73cee5dc8318.sorted_genome_alignments.bam,144405163,137908298,6496865,0.044990531
UNCID_2420168.e60602e0-641d-4278-af35-1a2b5993590a.sorted_genome_alignments.bam,140233387,133834320,6399067,0.045631551
UNCID_2420200.5a570939-e515-4b48-ba69-44afe877f032.sorted_genome_alignments.bam,151431595,146452862,4978733,0.032877769
UNCID_2420214.5c26ebc1-50ad-4d73-b785-c8857ef59bd8.sorted_genome_alignments.bam,125847593,121753020,4094573,0.032535966
UNCID_2420234.d0385211-0ddc-4f8c-8b7b-c94e496edfb6.sorted_genome_alignments.bam,131514721,126667581,4847140,0.036856254
UNCID_2420242.79a6b04d-8a35-42cf-9505-bc4cb66db7ef.sorted_genome_alignments.bam,162696754,158503472,4193282,0.025773606
UNCID_2420270.cf4a572b-f752-4387-b9c5-1c7aa05de28d.sorted_genome_alignments.bam,143414973,137780209,5634764,0.039289928
UNCID_2420301.bf132f39-343c-4731-af22-13d8ade18469.sorted_genome_alignments.bam,151959365,143718512,8240853,0.054230636
UNCID_2420308.2f442307-f4d4-4a51-a148-6cd88adc8526.sorted_genome_alignments.bam,138493409,134516967,3976442,0.028712139
UNCID_2420309.19f34360-c74e-42db-8a78-8f77467b550e.sorted_genome_alignments.bam,125214710,120789368,4425342,0.03534203
UNCID_2420513.3370d066-cf84-4229-8096-51968a875d6e.sorted_genome_alignments.bam,143967342,137624606,6342736,0.044056769
UNCID_2420526.6c7f9c5e-d6ec-4108-ae1c-af66d0105165.sorted_genome_alignments.bam,153021921,148527552,4494369,0.029370753
UNCID_2420623.84c93cd9-1c1c-40b9-85e1-fd92638ad9bb.sorted_genome_alignments.bam,156633599,152066920,4566679,0.029155169
UNCID_2420640.76733f6c-f1c1-4d57-bf7d-87640d3b88f9.sorted_genome_alignments.bam,157307009,150183086,7123923,0.045286749
UNCID_2420764.55d7557e-467b-4226-b6de-407ea7f1e81b.sorted_genome_alignments.bam,152473956,147833362,4640594,0.030435322
UNCID_2420796.15c85872-4f4b-4ce6-83bb-f49004dfafb4.sorted_genome_alignments.bam,186667062,180160924,6506138,0.034854237
UNCID_2420879.27837e90-21e1-43e6-b1d9-a8952a4f66a7.sorted_genome_alignments.bam,100565138,98022355,2542783,0.025284935
UNCID_2421793.35f85561-b5ab-414e-bd14-5365bcfcdbf4.sorted_genome_alignments.bam,173643394,167308553,6334841,0.0364819
UNCID_2421808.157bb97b-f1ea-42c9-9ac6-0559b507f1cd.sorted_genome_alignments.bam,130749476,126387970,4361506,0.033357732
UNCID_2421820.9e31746d-e221-4acf-875d-47f54df73f5d.sorted_genome_alignments.bam,152768815,147828416,4940399,0.032339054
UNCID_2421848.117abf3c-e644-4891-abc8-e02965bd5e67.sorted_genome_alignments.bam,134671610,130768300,3903310,0.028983911
UNCID_2422545.2fe1ed1e-9cd6-4211-bb3c-736dc606868c.sorted_genome_alignments.bam,66257363,64364701,1892662,0.028565308
UNCID_2422696.19887670-0ed6-4388-ace7-24123d3abc26.sorted_genome_alignments.bam,124732564,121152762,3579802,0.028699819
UNCID_2422922.535fdc78-80ea-42b8-84d7-a1e215eda94b.sorted_genome_alignments.bam,90667781,88170880,2496901,0.027539011
UNCID_2423007.997b81ec-3a82-49f1-8034-a7b5c7ad5b90.sorted_genome_alignments.bam,149760599,146011003,3749596,0.025037266
UNCID_2423127.800dc325-62ae-444f-8177-61382beb9f25.sorted_genome_alignments.bam,102058228,99195403,2862825,0.028050899
UNCID_2423211.f8ee0b8d-d627-4b64-bd87-edd8521c1048.sorted_genome_alignments.bam,132054597,127488583,4566014,0.034576714
UNCID_2423332.c7a91960-bc5e-4c46-85c8-d12773d427a7.sorted_genome_alignments.bam,110309286,101672382,8636904,0.078297162
UNCID_2423344.df2142ac-edfb-4730-9939-bf23a2648795.sorted_genome_alignments.bam,131260372,125573657,5686715,0.043323929
UNCID_2423462.d0e72bd9-4233-4c76-8582-fe42733b5087.sorted_genome_alignments.bam,150703917,147019811,3684106,0.024445987
UNCID_2423588.8c12f89b-3254-4526-9f2b-86ec89b7d78b.sorted_genome_alignments.bam,124794994,121608471,3186523,0.025534061
UNCID_2423762.82252209-02e0-410b-8359-3a96c60d9cd0.sorted_genome_alignments.bam,137277973,132118669,5159304,0.037582898
UNCID_2423978.30119dcd-04a6-4ae7-a32e-fde9bf69a535.sorted_genome_alignments.bam,139746586,133494040,6252546,0.04474203
UNCID_2424004.f2a51101-e624-4b5f-970b-6ffe66a768e1.sorted_genome_alignments.bam,131880882,122794996,9085886,0.068894641
UNCID_2424030.925f789f-43fb-41d9-8393-144ed714fe98.sorted_genome_alignments.bam,126717045,117016262,9700783,0.076554681
UNCID_2424049.bc533154-8901-4148-a0b1-f10353761761.sorted_genome_alignments.bam,99108524,95695752,3412772,0.034434697
UNCID_2424067.4412ca3b-518d-4fe2-bd0b-a1bb5ff910c1.sorted_genome_alignments.bam,127997222,120517086,7480136,0.058439831
UNCID_2424106.79b64bbf-df76-4f33-80e6-3ac6d3d1b462.sorted_genome_alignments.bam,128188250,121786954,6401296,0.049936683
UNCID_2424153.4e234179-4fbd-43c0-8bf8-c1bff5ef5bc7.sorted_genome_alignments.bam,134550778,127575584,6975194,0.051840607
UNCID_2424332.39dd9de4-12cb-4a9e-ab5b-7290e8efc8f7.sorted_genome_alignments.bam,154048417,149854127,4194290,0.027227089
UNCID_2424419.e4f32490-13c0-47b1-a91e-3123393e1d1a.sorted_genome_alignments.bam,137419827,133611038,3808789,0.027716444
UNCID_2424549.e52407dc-66fd-4cff-ac08-031961c44a7c.sorted_genome_alignments.bam,133531069,129313633,4217436,0.03158393
UNCID_2424707.a1d06de2-7378-4bbb-b0df-9d9386aefa14.sorted_genome_alignments.bam,139634220,135050668,4583552,0.032825421
UNCID_2424733.1aa40016-4170-4daf-814d-bb5ba13924a0.sorted_genome_alignments.bam,132100320,127373478,4726842,0.035782215
UNCID_2424808.05ad2a41-31ec-4562-8aa5-015b09ef6a8f.sorted_genome_alignments.bam,75901777,73642428,2259349,0.029766747
UNCID_2424984.d41be4e2-01bb-4cbb-9168-a463d736685f.sorted_genome_alignments.bam,83956955,81828977,2127978,0.02534606
UNCID_2425048.3380ee33-7fd8-48a5-a6d3-cbea63bb7228.sorted_genome_alignments.bam,142418548,138309378,4109170,0.028852773
UNCID_2425205.efd611ef-9530-40dc-9775-219f27e3f9b6.sorted_genome_alignments.bam,217809022,210520536,7288486,0.033462737
UNCID_2425280.48645bef-8e98-4a16-9de5-c43cdeca8b95.sorted_genome_alignments.bam,93238479,90455621,2782858,0.029846669
UNCID_2425357.3b9e5f2b-4e9a-464d-99e1-ccdfbb024511.sorted_genome_alignments.bam,60282074,58553996,1728078,0.028666532
UNCID_2425399.de9a4ace-716d-47ba-af04-7a16f7cbbb30.sorted_genome_alignments.bam,182590540,178205394,4385146,0.024016283
UNCID_2425670.6fcd3a0b-8c06-495e-8a66-f32b11bc1ce9.sorted_genome_alignments.bam,117918056,113904404,4013652,0.034037637
UNCID_2425742.8b1005df-56ed-435a-9915-3b8144e0ae48.sorted_genome_alignments.bam,147059464,142679416,4380048,0.029784197
UNCID_2425743.9e3e9e0a-6d26-46e9-b1b9-8c459f7d409f.sorted_genome_alignments.bam,103283058,100207512,3075546,0.029777836
UNCID_2425744.27346571-d78a-4674-916e-fe267455f6c7.sorted_genome_alignments.bam,125529556,121345256,4184300,0.033333186
UNCID_2425866.4c7b95b0-1d87-4fd9-82b8-2a51a3d0e242.sorted_genome_alignments.bam,92972663,90260493,2712170,0.029171693
UNCID_2425875.69c77d70-4d2f-4298-94f3-711fd96f684f.sorted_genome_alignments.bam,109341770,105575246,3766524,0.034447257
UNCID_2425910.6ed36acc-c9cb-48f2-ab75-1acfbce6fb70.sorted_genome_alignments.bam,109423555,106483524,2940031,0.026868356
UNCID_2425928.e3d12938-a5e3-4212-85f8-a53d46c6ea77.sorted_genome_alignments.bam,115113288,111457230,3656058,0.031760521
UNCID_2425947.f4629f20-54cd-464d-8f5e-9ae86bf500c7.sorted_genome_alignments.bam,104274702,101351608,2923094,0.028032629
UNCID_2425960.f61e990c-59aa-4925-aa68-e9553136fcae.sorted_genome_alignments.bam,108775955,105287443,3488512,0.032070617
UNCID_2426026.f4cfc17b-c464-48f2-83ee-359a35c7bc43.sorted_genome_alignments.bam,138781543,134540745,4240798,0.030557363
UNCID_2426070.5e4add74-9256-46f4-90af-c77f267e0ff3.sorted_genome_alignments.bam,159206373,153569194,5637179,0.035407998
UNCID_2426262.ad4dd3de-b8d9-40b3-8825-16d4f1ab4ccc.sorted_genome_alignments.bam,116648862,112846662,3802200,0.03259526
UNCID_2426284.2484008b-8d32-4770-bfe3-3d4da7ef005b.sorted_genome_alignments.bam,124498068,119979633,4518435,0.036293214
UNCID_2426310.6278b5a4-b93b-4926-8158-dc7fc871c1cc.sorted_genome_alignments.bam,143063264,137938512,5124752,0.035821579
UNCID_2426492.4ca2600c-e3e3-4729-ae79-ebd9a772a7b1.sorted_genome_alignments.bam,133121525,128518425,4603100,0.03457818
UNCID_2426523.8a29ff3e-56ba-49cf-b834-bb8cdc4c1a64.sorted_genome_alignments.bam,116605466,111401707,5203759,0.044627059
UNCID_2426745.fbf538f3-1061-4aec-9e74-b219c92fb08e.sorted_genome_alignments.bam,147245989,142386614,4859375,0.033001748
UNCID_2426970.c4b4706f-34b2-4b8f-b805-cbc8886edba7.sorted_genome_alignments.bam,123096029,118031890,5064139,0.041139743
UNCID_2426971.2ef8697f-752b-4d85-b0bb-0fbf9001c51c.sorted_genome_alignments.bam,121453500,117452644,4000856,0.032941463
UNCID_2427051.782eb43d-1567-45c6-890d-5e2c7e92fd2e.sorted_genome_alignments.bam,118987575,115415227,3572348,0.030022866
UNCID_2427067.4faf01ee-5d76-4a60-bf8a-812113027d17.sorted_genome_alignments.bam,115911571,112349225,3562346,0.030733308
UNCID_2427144.34543e04-69c8-4706-9ec1-51b474be3d30.sorted_genome_alignments.bam,133129253,129567531,3561722,0.026753865
UNCID_2427179.5b0a1f80-09cd-4941-aace-192c8b4068ca.sorted_genome_alignments.bam,142927609,137869653,5057956,0.035388236
UNCID_2427211.c924d924-56a3-4f43-8f86-76ee2b63330b.sorted_genome_alignments.bam,122431607,119016622,3414985,0.027893002
UNCID_2427280.f113e080-b50e-4a98-84c0-c33eeb3cddb7.sorted_genome_alignments.bam,143372920,139260903,4112017,0.02868057
UNCID_2427361.94f39eaa-9180-46c1-8e21-47888dae836c.sorted_genome_alignments.bam,136652075,132478104,4173971,0.030544512
UNCID_2427389.b984d984-e338-4062-af9c-9ad83c35d606.sorted_genome_alignments.bam,146694072,142277318,4416754,0.030108606
UNCID_2427418.144da33c-3440-4fb5-8d13-52fab9e5e064.sorted_genome_alignments.bam,136850332,132291019,4559313,0.033316054
UNCID_2427643.25ae628c-2e32-4b77-90a4-445679f68311.sorted_genome_alignments.bam,133982768,130407113,3575655,0.026687424
UNCID_2427713.dddc9a74-f0b3-4428-a521-23f21ebf595e.sorted_genome_alignments.bam,145369585,141201677,4167908,0.028671114
UNCID_2427765.80b99a54-11f5-48bf-879d-42a147194b2c.sorted_genome_alignments.bam,134873493,131214242,3659251,0.027130987
UNCID_2427810.987d2dfd-1583-44e6-a5a9-af35eef178ab.sorted_genome_alignments.bam,144092404,137835206,6257198,0.043424898
UNCID_2427851.fef90a5d-49de-4277-a927-e6cfe7b3936e.sorted_genome_alignments.bam,139484391,130359800,9124591,0.065416574
UNCID_2427869.b3801610-6fb1-40b7-8c08-0de07484ce45.sorted_genome_alignments.bam,146032864,142789655,3243209,0.022208761
UNCID_2427870.8db09144-37c5-4652-b2be-358e218d3243.sorted_genome_alignments.bam,255621504,248457438,7164066,0.028026069
UNCID_2427911.cb14afc9-f89b-47e7-a218-1a4921480eb8.sorted_genome_alignments.bam,141473227,137271717,4201510,0.029698269
UNCID_2428098.b1523358-1f3e-485f-b475-9b0cec932eca.sorted_genome_alignments.bam,148737515,144314615,4422900,0.029736277
UNCID_2428112.349f670f-1447-4bb0-86ec-fba8734d50ff.sorted_genome_alignments.bam,127132532,123914557,3217975,0.025311971
UNCID_2428138.06d026ba-7cf1-400d-b2e9-2858261b98be.sorted_genome_alignments.bam,129521283,126653388,2867895,0.022142268
UNCID_2428195.849151b4-b6dc-4fcd-a913-3925f5a2c85c.sorted_genome_alignments.bam,140523773,136628537,3895236,0.027719409
UNCID_2428255.75e8b562-8fa7-45d7-a575-e6da234b54aa.sorted_genome_alignments.bam,144306560,140255937,4050623,0.028069569
UNCID_2428291.4ef6be80-9134-41eb-baa1-3ae9d81c6b51.sorted_genome_alignments.bam,135321716,131454094,3867622,0.028580941
UNCID_2428461.c2ba5489-694e-43df-b9dd-48ab79041995.sorted_genome_alignments.bam,150091425,144366166,5725259,0.038145144
UNCID_2428468.ee9b786d-1dd9-4ea9-a968-bd8e0c878956.sorted_genome_alignments.bam,160053321,155183638,4869683,0.030425379
UNCID_2428530.b266b00a-1f12-40f9-a268-156c75c0b7eb.sorted_genome_alignments.bam,136148714,128262155,7886559,0.057926063
UNCID_2428550.9d2ed56f-8ccb-4f63-9bee-a32ebca221f0.sorted_genome_alignments.bam,141994707,137477057,4517650,0.031815623
UNCID_2428665.47451429-5a5f-426b-8cea-a6c37d10362a.sorted_genome_alignments.bam,147888230,142587875,5300355,0.035840276
UNCID_2428726.bbff8493-879b-4fa2-8bca-ea5160764e4a.sorted_genome_alignments.bam,144813776,134647070,10166706,0.070205379
UNCID_2428738.03ff980f-1998-40cc-b903-1bc215f4dc3f.sorted_genome_alignments.bam,137814465,132599325,5215140,0.037841746
UNCID_2428899.9d146704-9146-4bfc-8198-b0f6b700cdae.sorted_genome_alignments.bam,159496045,153724956,5771089,0.036183273
UNCID_2428934.f5968e01-320d-4ad7-844c-4fe139aa44b7.sorted_genome_alignments.bam,147404656,139478549,7926107,0.053771076
UNCID_2428976.85670cc3-917d-4c2c-a60d-55de349ce5e3.sorted_genome_alignments.bam,137207931,130183363,7024568,0.051196516
UNCID_2429064.8eac950a-dae0-4548-9f3b-ccda65e32f89.sorted_genome_alignments.bam,153976083,139914121,14061962,0.091325625
UNCID_2429106.869c46c0-e7ac-4421-998d-28c5826fc091.sorted_genome_alignments.bam,160755052,145350165,15404887,0.095828323
UNCID_2429126.9cdd3c0f-cc45-4c27-adc6-b4ad040cabb7.sorted_genome_alignments.bam,154984404,150988366,3996038,0.025783485
UNCID_2429238.066228ca-f6f5-4ee2-a038-cf23d3752ff0.sorted_genome_alignments.bam,142717920,138008575,4709345,0.032997573
UNCID_2431162.c4e94980-3db3-4190-92cf-b2c562c664de.sorted_genome_alignments.bam,113050390,96421402,16628988,0.147093593
UNCID_2431297.122a3171-ae69-4f0b-874d-8563ad05a510.sorted_genome_alignments.bam,135678725,126967396,8711329,0.064205564
UNCID_2431305.024d98cb-3e52-4b3e-a07b-aefdee10e571.sorted_genome_alignments.bam,122387212,112630979,9756233,0.079716114
UNCID_2431355.18310f27-87d8-4c31-bba8-2f80f400ee17.sorted_genome_alignments.bam,114410846,104369574,10041272,0.087765036
UNCID_2431366.b1b529ee-df72-4e05-b342-eb31a28eaf64.sorted_genome_alignments.bam,150506147,144094849,6411298,0.042598247
UNCID_2431403.72f09d56-23d1-4cd8-9312-52ea1dfd94c8.sorted_genome_alignments.bam,133759655,125729140,8030515,0.0600369
UNCID_2431427.8c0fd12a-dea1-406a-891c-dd5a17e3c16b.sorted_genome_alignments.bam,133898938,128624261,5274677,0.039392971
UNCID_2431457.8bfc4614-3807-4915-8140-ad1fd72b9d2f.sorted_genome_alignments.bam,135724012,127503491,8220521,0.060567919
UNCID_2431487.c791ef65-1860-4817-9234-15620399255a.sorted_genome_alignments.bam,142568512,137429398,5139114,0.036046627
UNCID_2431504.2cb0b819-6151-41ae-8c9a-e1e5d928e8d5.sorted_genome_alignments.bam,157978787,150724408,7254379,0.045919956
UNCID_2431524.92679a1c-2b16-4b27-841f-e21f5f932f1e.sorted_genome_alignments.bam,153888345,147496377,6391968,0.041536401
UNCID_2431534.42b44ed6-6b89-478f-a045-0e52d49ed062.sorted_genome_alignments.bam,153923364,147138832,6784532,0.044077337
UNCID_2431547.88441fa0-588f-4829-a353-a6b845c90333.sorted_genome_alignments.bam,155478189,150435396,5042793,0.032434086
UNCID_2431559.dbadd723-4f2b-4197-866e-90ac6857ad64.sorted_genome_alignments.bam,142662061,136087388,6574673,0.046085644
UNCID_2431579.e19e34f1-f609-4cfc-8500-c013c270e81b.sorted_genome_alignments.bam,152617355,146092824,6524531,0.042750911
UNCID_2431596.dd6114ab-b5af-4cfd-93f8-67429b2a6c94.sorted_genome_alignments.bam,157099634,144238175,12861459,0.081868167
UNCID_2431647.d6a97e51-7737-4ef4-82ff-f4e27a0bdd8e.sorted_genome_alignments.bam,166072646,159633366,6439280,0.038773875
UNCID_2431665.5e9cd2f3-9d5e-4a76-88ab-4928c712981f.sorted_genome_alignments.bam,152242540,144838046,7404494,0.04863617
UNCID_2431682.8e6e3942-0def-4129-ab8c-8346bf6283ab.sorted_genome_alignments.bam,142385719,131923682,10462037,0.07347673
UNCID_2431806.25225fb1-c5ff-4edf-9895-11a7aa21d390.sorted_genome_alignments.bam,138442023,131809506,6632517,0.047908264
UNCID_2431929.b2e2c315-da03-4a82-82c5-06343b7e0ad3.sorted_genome_alignments.bam,190338887,183767914,6570973,0.034522494
UNCID_2433635.e155a2ba-8842-417b-ab5a-e49339136236.sorted_genome_alignments.bam,159336355,153679584,5656771,0.035502074
UNCID_2433707.ebb77266-2b85-4413-b433-4c8db194467a.sorted_genome_alignments.bam,137789689,132167384,5622305,0.040803525
UNCID_2433793.02cf1db9-55c0-4ece-b230-966b30cd0b94.sorted_genome_alignments.bam,108458759,103053504,5405255,0.049836962
UNCID_2433843.5d587eff-228f-49e0-a132-da031a81ad0b.sorted_genome_alignments.bam,141996611,135062673,6933938,0.048831715
UNCID_2433867.f81af218-2a0d-4fea-b6d7-4f2202ae055a.sorted_genome_alignments.bam,127890263,124186114,3704149,0.028963495
UNCID_2433897.c43df6db-5556-449c-bbc6-a337873c588b.sorted_genome_alignments.bam,146142817,132416609,13726208,0.093923248
UNCID_2433926.d817dcee-1322-4949-a6e9-138447e6fc56.sorted_genome_alignments.bam,125428103,121691245,3736858,0.029792829
UNCID_2434138.06c37fa7-a8d3-4727-ba1d-69b584b8f585.sorted_genome_alignments.bam,129661507,126371552,3289955,0.025373413
UNCID_2434189.7a835fc9-6dfb-464a-bbe0-d42782abab4c.sorted_genome_alignments.bam,127163015,119803218,7359797,0.057876868
UNCID_2434212.0379335d-61be-4142-9ba3-2676dd0945d8.sorted_genome_alignments.bam,164494326,159071743,5422583,0.032965167
UNCID_2434218.7f3a2afd-ef8e-4035-8fec-8dab2b53672c.sorted_genome_alignments.bam,152718506,147186898,5531608,0.036220941
UNCID_2434254.589266f9-d830-48e6-9188-6e1e1dafeaf6.sorted_genome_alignments.bam,143753115,136278975,7474140,0.051992891
UNCID_2434277.39d645d6-f7ca-4a01-a3b0-5ae3754c8a68.sorted_genome_alignments.bam,159604863,154346700,5258163,0.03294488
UNCID_2434280.9b04a1e0-7ccd-4695-ac3f-df8b3b320f5a.sorted_genome_alignments.bam,159953588,152616659,7336929,0.045869112
UNCID_2434322.a77cf51f-45de-4a5b-a6ca-6773f8e236d2.sorted_genome_alignments.bam,140939128,136366578,4572550,0.032443439
UNCID_2434329.7de41172-ca92-4cb9-b7de-b92fbeb5b3ef.sorted_genome_alignments.bam,143630027,136720850,6909177,0.048103987
UNCID_2434336.ca6307d1-172c-45ab-9237-de5b22b35d8c.sorted_genome_alignments.bam,149673817,138472916,11200901,0.074835407
UNCID_2434399.f40981b0-a1e6-43d2-ae38-c2a7d6166fbf.sorted_genome_alignments.bam,163345620,154513035,8832585,0.054072983
UNCID_2434401.9c8a31ca-d2c2-4d73-b677-e73c9fae28ee.sorted_genome_alignments.bam,161604862,155053872,6550990,0.040537085
UNCID_2434437.7f8c9d62-0803-44d6-9375-b4e71612a0b1.sorted_genome_alignments.bam,170498907,164742327,5756580,0.033763149
UNCID_2434464.aa91c19b-008d-497a-8121-a06cf9dc7b29.sorted_genome_alignments.bam,188190165,180384862,7805303,0.041475616
UNCID_2435026.383f141f-9a3e-411d-89d9-a27696f150ed.sorted_genome_alignments.bam,132448570,128349933,4098637,0.030945121
UNCID_2435039.12c535a9-ffb6-4119-a4c0-951b3bf75334.sorted_genome_alignments.bam,129642967,122035551,7607416,0.058679743
UNCID_2435170.70405221-1713-427e-828b-8d974646403f.sorted_genome_alignments.bam,156304539,151000571,5303968,0.033933551
UNCID_2435201.73a5099a-1ef1-414e-907b-3dac60c0d67c.sorted_genome_alignments.bam,164781790,158546018,6235772,0.037842604
UNCID_2435224.339a77f4-cb59-48bd-b342-370018be15f2.sorted_genome_alignments.bam,155043585,149451356,5592229,0.036068754
UNCID_2435238.b14e6749-416d-4144-b436-b12015420602.sorted_genome_alignments.bam,162036745,157078443,4958302,0.030599862
UNCID_2439369.35c7281c-ffe6-4fc4-b3de-da4f6a113397.sorted_genome_alignments.bam,115074154,107289341,7784813,0.067650404
UNCID_2439387.bd8b95cf-34c9-4bc1-98fd-6c7e1c20680b.sorted_genome_alignments.bam,108526559,101141943,7384616,0.068044321
UNCID_2439419.0f1dc780-622d-4f97-80e2-25d8074ff8b1.sorted_genome_alignments.bam,124270579,114201330,10069249,0.081026813
UNCID_2439430.01d666b4-9605-422a-bfba-231b0d6ef20f.sorted_genome_alignments.bam,132825902,101625249,31200653,0.23489886
UNCID_2439467.2c5b0f3e-89d4-45eb-a54a-b7222d706e31.sorted_genome_alignments.bam,121208102,114381103,6826999,0.056324609
UNCID_2439491.ee410b10-7225-499d-94a0-99e63a90889d.sorted_genome_alignments.bam,127024263,123548651,3475612,0.027361796
UNCID_2439521.501a70d8-3932-49c0-aa13-774756fb89e3.sorted_genome_alignments.bam,132838891,126167671,6671220,0.050220383
UNCID_2439576.5ad0c6f5-9be9-46f2-a705-fb9c616464ae.sorted_genome_alignments.bam,118252819,113212977,5039842,0.042619212
UNCID_2439656.78a9c934-1a9a-42a4-95ba-c99565afccd0.sorted_genome_alignments.bam,144651692,138802485,5849207,0.040436492
UNCID_2439686.f00b3401-8432-4748-8d19-267e945cd3c0.sorted_genome_alignments.bam,149848118,145345989,4502129,0.030044615
UNCID_2439717.eb31b7b3-ef3c-4ad9-a9e8-47b85753e2d6.sorted_genome_alignments.bam,146404909,138870751,7534158,0.051461102
UNCID_2439742.25f18340-6e6a-4d7e-a8c8-51466d436794.sorted_genome_alignments.bam,128881943,123186136,5695807,0.044193988
UNCID_2439764.8e916902-ce63-4b1c-a636-cfc552ec6c9a.sorted_genome_alignments.bam,157497318,149248991,8248327,0.052371222
UNCID_2439774.d8b053f6-2674-43ec-9c36-ed652fe5ff7e.sorted_genome_alignments.bam,186178937,176300803,9878134,0.053057205
UNCID_2439787.3f191817-1791-4615-b893-15ccac1e2f84.sorted_genome_alignments.bam,156439535,150136335,6303200,0.040291605
UNCID_2439788.f99240d0-32ea-438a-b350-862202b18a30.sorted_genome_alignments.bam,149892393,143424338,6468055,0.043151323
UNCID_2439790.c8a18d2b-fc77-44e6-8f1f-1064cb5a91a2.sorted_genome_alignments.bam,123704621,119120220,4584401,0.037059254
UNCID_2439887.7bee34e3-b559-48e9-bbc3-2d162b8f128a.sorted_genome_alignments.bam,166123323,159282978,6840345,0.041176307
UNCID_2439913.cbf842bf-9549-40dd-b83d-9cbda5f361b9.sorted_genome_alignments.bam,175438511,167556614,7881897,0.044926835
UNCID_2439914.e1131850-061c-4831-aa0e-dc3e9d9ba043.sorted_genome_alignments.bam,192105661,184072594,8033067,0.041815879
UNCID_2440099.7c990bc0-5ce0-452a-afc5-0b42f3bbddbd.sorted_genome_alignments.bam,153651447,145313064,8338383,0.054268171
UNCID_2440370.183af17c-2941-42d9-b0ac-8479fe4f4516.sorted_genome_alignments.bam,178083394,172339282,5744112,0.03225518
UNCID_2440470.0636fc10-cfb4-427b-b3fc-cd9d7c0c7db6.sorted_genome_alignments.bam,149012465,144226889,4785576,0.032115273
UNCID_2440770.348e83c0-ddd5-49ab-982e-1741990cbd2a.sorted_genome_alignments.bam,151713848,143843381,7870467,0.051877051
UNCID_2440886.859c895b-14f8-4155-9b35-bf6e7abb2c5d.sorted_genome_alignments.bam,118500588,106918233,11582355,0.097740907
UNCID_2440907.654a532f-71be-4ce2-9102-e73dde083ab1.sorted_genome_alignments.bam,160327753,149731807,10595946,0.066089281
UNCID_2440936.f037b9d3-819b-429d-8e2d-fa8b27008e70.sorted_genome_alignments.bam,114518329,107417957,7100372,0.062002057
UNCID_2440954.11999c54-4086-4ed7-b193-2e0df2735239.sorted_genome_alignments.bam,136256507,129805107,6451400,0.047347464
UNCID_2440963.f73824ee-cfc9-47fe-bae2-7a2de48c51bc.sorted_genome_alignments.bam,152321342,146578354,5742988,0.037703108
UNCID_2441071.5adaf99c-fbe7-4e75-94b0-e33170aee8c0.sorted_genome_alignments.bam,167765140,161897513,5867627,0.034975246
UNCID_2441126.113dd36a-c167-4f1d-b74a-574cfd082316.sorted_genome_alignments.bam,156706658,150178659,6527999,0.041657445
UNCID_2441232.ca559bd7-454b-463c-9751-1f772f738599.sorted_genome_alignments.bam,132768460,127394786,5373674,0.040474025
UNCID_2441271.c10552f3-93ad-4f50-a420-3b5277416aef.sorted_genome_alignments.bam,150164680,143364401,6800279,0.045285476
UNCID_2441303.acb24854-1e1a-4de8-a52f-f0c742cb82a1.sorted_genome_alignments.bam,154994659,148839160,6155499,0.039714265
UNCID_2441321.8f1e9042-ffcf-44b4-9854-7f7be7e92f24.sorted_genome_alignments.bam,132962187,126442062,6520125,0.049037438
UNCID_2441343.4f5588d1-7bc4-4b3b-b22c-226b7f0276c7.sorted_genome_alignments.bam,169926851,163812555,6114296,0.03598193
UNCID_2441376.d099aadc-2bfc-4db2-8c3d-5195791e226f.sorted_genome_alignments.bam,108346215,104387378,3958837,0.036538766
UNCID_2441400.c43ed784-3bfe-4485-8dd9-cee08f8c0fa8.sorted_genome_alignments.bam,139626861,133259880,6366981,0.045599972
UNCID_2441420.aefd1510-484d-43c7-ab67-931b1e7406fa.sorted_genome_alignments.bam,149179608,139944411,9235197,0.061906564
UNCID_2441421.babc730d-6170-4503-8502-d794575fe993.sorted_genome_alignments.bam,148579206,139117902,9461304,0.06367852
UNCID_2441485.cad09fcd-1d43-4fb4-8d65-6f52c9a17d86.sorted_genome_alignments.bam,153408659,146963815,6444844,0.042010953
UNCID_2441518.013e625d-9dec-4e92-8130-1e99fe7a86e0.sorted_genome_alignments.bam,169224487,160304668,8919819,0.052709978
UNCID_2441543.1b4be6ae-b4cd-4dcf-8c06-77328ba6e034.sorted_genome_alignments.bam,187160503,180582656,6577847,0.035145487
UNCID_2441652.9222dfe0-27c4-42cb-8e62-43e6e5a0ada8.sorted_genome_alignments.bam,173522139,163068107,10454032,0.060246099
UNCID_2441725.ec5b3c38-d7ae-4064-bd16-f1d1a8f91482.sorted_genome_alignments.bam,170524654,163509597,7015057,0.041138081
UNCID_2441786.95d95f15-e6ac-4359-be92-94e2b93da795.sorted_genome_alignments.bam,152961755,147074888,5886867,0.038485875
UNCID_2441836.d1d352f8-4919-4288-8e6a-bbf550a7236b.sorted_genome_alignments.bam,159914037,149193925,10720112,0.067036717
UNCID_2441854.409104d7-db15-448e-96c6-e50fb7e5d67b.sorted_genome_alignments.bam,138873017,129750963,9122054,0.065686295
UNCID_2441875.0ef096ea-6cd6-4094-8e08-1de30f7a4de2.sorted_genome_alignments.bam,148881664,139838320,9043344,0.060741825
UNCID_2442085.4593c891-d086-4f9d-b4b8-d7f1e389e51f.sorted_genome_alignments.bam,181929238,175964399,5964839,0.032786588
UNCID_2442229.16af5547-f94e-479f-80f5-32222d7af33c.sorted_genome_alignments.bam,136164825,131529136,4635689,0.034044688
UNCID_2442268.9b25ee3f-911e-4738-867e-57fe517d06ef.sorted_genome_alignments.bam,134151560,127792119,6359441,0.047404898
UNCID_2442518.31b392f4-0d9c-49f4-a82a-71589813f0ed.sorted_genome_alignments.bam,119711868,113635097,6076771,0.050761642
UNCID_2442521.c6075673-2b4f-45f2-b1e4-1d3356fce6aa.sorted_genome_alignments.bam,103456036,88128805,15327231,0.148152119
UNCID_2442622.87087b2e-a589-4a75-a005-2c61cb44b414.sorted_genome_alignments.bam,124865579,119524367,5341212,0.042775696
UNCID_2442640.3d344d75-a544-476c-a6f0-39a2f942491f.sorted_genome_alignments.bam,148476307,142807812,5668495,0.038177775
UNCID_2442786.ff8eb6f4-876e-4b08-8ed7-8c7930765bee.sorted_genome_alignments.bam,131155283,123367968,7787315,0.059374772
UNCID_2442797.49b464ce-dcf8-42fb-89df-1809f005e00f.sorted_genome_alignments.bam,141323049,133942293,7380756,0.052226131
UNCID_2442867.9b6fc8d2-b1a5-4b8e-81d3-18258860b4b5.sorted_genome_alignments.bam,121951595,109750711,12200884,0.100046941
UNCID_2442915.b1a7c6af-dc87-43c9-9394-5907e610446f.sorted_genome_alignments.bam,110022080,106059444,3962636,0.036016734
UNCID_2442930.67eda5bc-a945-480a-8d69-c517cb265f5d.sorted_genome_alignments.bam,149028589,143311076,5717513,0.038365209
UNCID_2442946.0b4aa4f0-32cb-4974-892c-6dba516cc85b.sorted_genome_alignments.bam,124220267,118308193,5912074,0.047593474
UNCID_2443066.48ffe5e4-5aec-41fd-8b5f-78466a593eef.sorted_genome_alignments.bam,140120919,132558096,7562823,0.053973547
UNCID_2443075.4ad229f0-dae4-485e-8f36-a79dd071a812.sorted_genome_alignments.bam,137980642,130777818,7202824,0.052201699
UNCID_2443099.5a4d2d74-6bf6-455c-87ad-5b51725bd04f.sorted_genome_alignments.bam,175720880,168085017,7635863,0.0434545
UNCID_2443172.784d798d-12cd-4714-ab4d-2191011c4a44.sorted_genome_alignments.bam,172816329,166056106,6760223,0.039117964
UNCID_2443220.c0c2c272-ac73-445e-85a9-d7ba6ff53391.sorted_genome_alignments.bam,128423664,122956843,5466821,0.042568642
UNCID_2443275.da0eec5b-54d6-421c-b850-c7d75e0a8a46.sorted_genome_alignments.bam,148698273,142176625,6521648,0.043858263
UNCID_2443370.478c54a0-9aff-4f34-adfd-477eaf62b896.sorted_genome_alignments.bam,164717072,157589240,7127832,0.043273183
UNCID_2443505.2dc97660-d26f-49a4-9e47-3678a3768724.sorted_genome_alignments.bam,174971289,169084603,5886686,0.033643725
UNCID_2443825.cebcb67f-7a10-479f-a49a-b60030e0cc11.sorted_genome_alignments.bam,140975467,132932504,8042963,0.057052217
UNCID_2445294.8d6eedc0-70d4-4e68-a706-6fdea2d87918.sorted_genome_alignments.bam,91710045,78590131,13119914,0.143058637
UNCID_2445367.3be3b469-ecaa-4dc7-899b-8dede47b28d7.sorted_genome_alignments.bam,111285142,98545264,12739878,0.114479595
UNCID_2445390.15a623d2-4076-4e40-a3d9-31869b56b0e9.sorted_genome_alignments.bam,112037744,99179378,12858366,0.114768162
UNCID_2445437.0bdb4dc0-c3d9-4a84-8ad3-6b3d3b532eb0.sorted_genome_alignments.bam,124843418,115825762,9017656,0.07223173
UNCID_2445484.42017e68-f474-4c5c-8849-9d85534f73cf.sorted_genome_alignments.bam,121886670,114800916,7085754,0.058133953
UNCID_2445495.5211d679-261f-4eda-ae1e-c4b33cbac9c3.sorted_genome_alignments.bam,108277950,94484131,13793819,0.127392687
UNCID_2445504.391d3fdd-34fb-4ac3-ac85-fe7b374c144b.sorted_genome_alignments.bam,133335782,123582725,9753057,0.073146584
UNCID_2445553.cac7aecd-c473-42d4-8c88-5054f2a6865d.sorted_genome_alignments.bam,116316561,101746960,14569601,0.125258182
UNCID_2445593.a696be4d-8576-43a3-8137-30778dff9b89.sorted_genome_alignments.bam,118790855,110734830,8056025,0.067816879
UNCID_2445622.bfb7a272-3b86-4d5d-a3df-6aea8fd3b66b.sorted_genome_alignments.bam,121090809,110936167,10154642,0.083859725
UNCID_2445663.7cdb2990-a8b2-4a0c-b7ed-80e65fef466a.sorted_genome_alignments.bam,132583491,124436718,8146773,0.061446361
UNCID_2445690.6a8e387e-eb2f-49a8-baca-2c81046ad383.sorted_genome_alignments.bam,120667763,113058374,7609389,0.063060662
UNCID_2445716.1306850b-f5cf-457d-bf51-0caab2b7b834.sorted_genome_alignments.bam,135035654,123345162,11690492,0.086573373
UNCID_2445721.77290f8d-daef-415e-8e3f-3406f2ab190e.sorted_genome_alignments.bam,133678783,126215369,7463414,0.055830954
UNCID_2445722.60f5dada-7b3d-49b8-8a96-f2143e1d4c71.sorted_genome_alignments.bam,124487496,118190586,6296910,0.050582671
UNCID_2445750.38f7d64a-6a0b-464d-a178-3c6e13eca52e.sorted_genome_alignments.bam,126124588,117135188,8989400,0.071273969
UNCID_2445756.6d33abbc-9347-4da4-9101-5024fef9a4e1.sorted_genome_alignments.bam,141438697,133365574,8073123,0.057078601
UNCID_2445814.71928637-4db6-4c1a-8127-7d5b0446996e.sorted_genome_alignments.bam,148723340,142721796,6001544,0.040353747
UNCID_2445832.f23c75c7-8065-4718-b93c-5b8bc77391fa.sorted_genome_alignments.bam,124031222,116281856,7749366,0.062479155
UNCID_2445860.5b7b69e2-7656-47f2-b00f-06db08188c74.sorted_genome_alignments.bam,139905490,132444960,7460530,0.053325499
UNCID_2445994.e6124a2c-05cf-4c70-9b4c-404d0a9d38b2.sorted_genome_alignments.bam,109358635,87644279,21714356,0.198560964
UNCID_2446438.7b989b5a-5fa8-4996-afe7-1d1192d82437.sorted_genome_alignments.bam,142149085,133671682,8477403,0.059637408
UNCID_2446454.84c348d8-a1a8-4ffe-938d-3a6789004e7a.sorted_genome_alignments.bam,123507592,109589650,13917942,0.112688959
UNCID_2448072.d98bb16b-e009-4fb3-8cf5-33da33bc652e.sorted_genome_alignments.bam,107416305,79078712,28337593,0.263810908
UNCID_2448149.9e04fd71-518e-4c8d-9eea-70df71afaaaf.sorted_genome_alignments.bam,128095674,104139465,23956209,0.187018096
UNCID_2448174.38341bc7-a1b6-4599-adba-03163cf0a5c0.sorted_genome_alignments.bam,138247438,130388576,7858862,0.056846348
UNCID_2448175.53796be6-1c87-448a-9928-3c640e9d3414.sorted_genome_alignments.bam,134186030,116102383,18083647,0.134765497
UNCID_2448247.92f15d0a-7aa7-4299-9e14-b2cbb4fd2740.sorted_genome_alignments.bam,128068161,124231883,3836278,0.029954971
UNCID_2448285.6fdf4f1c-5fac-46b4-bb5c-c23dae9bf215.sorted_genome_alignments.bam,127141760,101142784,25998976,0.204488093
UNCID_2448385.78fd9869-2ed5-40a6-a846-07d5089dd810.sorted_genome_alignments.bam,153330072,147839793,5490279,0.035806929
UNCID_2448488.137c4106-77b9-4834-a060-6bf0af71ae08.sorted_genome_alignments.bam,166309239,152779070,13530169,0.081355486
UNCID_2448489.278783a2-646d-4669-b153-c0ba3deab9cf.sorted_genome_alignments.bam,161247725,151728961,9518764,0.059031927
UNCID_2448509.ab5436ab-e50b-4be6-aec5-6ad0236dd63e.sorted_genome_alignments.bam,149201464,135652068,13549396,0.090812755
UNCID_2448515.74bf5bf4-7a66-4316-9b43-a85db455dfd3.sorted_genome_alignments.bam,132334233,124941627,7392606,0.055863142
UNCID_2448577.58746677-c72b-4f75-bf2b-d4428d58aec5.sorted_genome_alignments.bam,137414875,123450470,13964405,0.101622222
UNCID_2448613.a6841939-e9fa-43cf-9f64-b1b3c57a2576.sorted_genome_alignments.bam,153131745,143514216,9617529,0.062805586
UNCID_2448624.85f596e4-9591-49f5-8408-25e4ce16c7f7.sorted_genome_alignments.bam,153438742,148973837,4464905,0.029098942
UNCID_2448655.fbb56fa6-5205-4a92-9154-6f1a3bc6da28.sorted_genome_alignments.bam,184198991,170342312,13856679,0.075226682
UNCID_2448699.a07d6a16-b755-4bfb-a982-eb5906cdc0f6.sorted_genome_alignments.bam,144436786,130522066,13914720,0.096337785
UNCID_2448795.3cc7e12e-2bc8-494c-b74a-de071d711410.sorted_genome_alignments.bam,159663719,151523729,8139990,0.050982089
UNCID_2449337.f0e75793-ab5e-4581-8b76-c19dc530f4a2.sorted_genome_alignments.bam,142634873,136922456,5712417,0.040049231
UNCID_2449355.4375f10b-e4a2-4585-bb12-9901d433fcc0.sorted_genome_alignments.bam,163254283,158433188,4821095,0.029531201
UNCID_2449371.ee2764eb-f819-4c7f-8686-2890792be76a.sorted_genome_alignments.bam,156156639,152523977,3632662,0.023262937
UNCID_2449391.c05ba7f7-a80f-4cea-ac20-5935edc5c4d1.sorted_genome_alignments.bam,172542191,157970876,14571315,0.084450736
UNCID_2449598.99fb714e-01a3-4aa0-8792-39df3be95a1d.sorted_genome_alignments.bam,117201366,96992613,20208753,0.172427623
UNCID_2455421.8f7f8fcd-829f-44fc-83d0-20fe5ddb8642.sorted_genome_alignments.bam,115276693,106643391,8633302,0.074891999
UNCID_2455509.4eaaf094-c0d8-476e-ba5b-7d9861c1dd5b.sorted_genome_alignments.bam,114882585,111073681,3808904,0.033154755
UNCID_2455524.d064c184-8136-4fa6-9a71-f913b2c019ff.sorted_genome_alignments.bam,125867650,112846158,13021492,0.103453842
UNCID_2455557.050c2191-b96c-41e7-abdb-e52cbe82f268.sorted_genome_alignments.bam,113601715,108901782,4699933,0.041372025
UNCID_2455595.213f0f94-d682-462b-bbb3-bd8ce9f0ffff.sorted_genome_alignments.bam,133619369,126778739,6840630,0.051194898
UNCID_2455618.effc8583-559f-4e01-bd93-11b39d95a290.sorted_genome_alignments.bam,126812954,112217163,14595791,0.115097003
UNCID_2455620.823142ae-3165-44fd-bdd8-b54acef6897f.sorted_genome_alignments.bam,130365783,119648027,10717756,0.082212953
UNCID_2455641.4866c074-094a-4432-8d23-825fd698eeda.sorted_genome_alignments.bam,134288051,121469969,12818082,0.095452141
UNCID_2455666.905e6c11-d8d7-40a3-a933-f450c544714e.sorted_genome_alignments.bam,124091569,116916252,7175317,0.05782276
UNCID_2455813.a75a2e53-9608-481f-986f-ebb3324ebef3.sorted_genome_alignments.bam,144763432,136978499,7784933,0.05377693
UNCID_2455845.b81dc563-908a-4107-af13-fa70e8c5202f.sorted_genome_alignments.bam,141809998,133112447,8697551,0.061332425
UNCID_2455858.cff3d235-64d3-4fde-b7f6-69809f72ba29.sorted_genome_alignments.bam,118467006,102895963,15571043,0.131437803
UNCID_2455895.ada9616f-c9d1-46cd-bccc-29d2e4e0d1ea.sorted_genome_alignments.bam,149848922,145157767,4691155,0.031305898
UNCID_2455918.0386cc4d-0318-4293-a22e-869c3b34fa63.sorted_genome_alignments.bam,142181873,133647888,8533985,0.06002161
UNCID_2455936.560a04b3-0738-4a27-ad0f-c6a5a091c869.sorted_genome_alignments.bam,147299888,140167731,7132157,0.048419297
UNCID_2456111.8a1e40cc-f9be-4df4-9958-53c97d7fd794.sorted_genome_alignments.bam,147284630,141390827,5893803,0.040016416
UNCID_2456174.6fc325bf-9627-45d7-9081-28df74e79bdb.sorted_genome_alignments.bam,166151390,160389527,5761863,0.034678392
UNCID_2456354.e5b8a092-0e86-4003-9ba6-112006161e93.sorted_genome_alignments.bam,134539624,125685533,8854091,0.065810285
UNCID_2457256.bfa5f94d-8017-4548-8fc1-40d3613a4daa.sorted_genome_alignments.bam,112773709,108974885,3798824,0.033685369
UNCID_2457275.1c35441b-64d1-43e5-928c-503f300e8138.sorted_genome_alignments.bam,113964160,107111208,6852952,0.060132519
UNCID_2457276.f9abda5d-b101-433c-8201-dfa79b0727b3.sorted_genome_alignments.bam,111223066,92107362,19115704,0.171868163
UNCID_2457301.55af65d6-c685-42fa-b899-e1cc4feebc1a.sorted_genome_alignments.bam,118426419,107353002,11073417,0.093504617
UNCID_2457437.2d6460c3-a507-4a6c-b22f-8c73c2ec2480.sorted_genome_alignments.bam,129920532,122877556,7042976,0.054209877
UNCID_2457454.8c9784a6-4a86-4027-8e40-4fe2725c7047.sorted_genome_alignments.bam,115306958,111465383,3841575,0.033316073
UNCID_2457487.b1293550-6882-4a72-a9a9-ea3ce9f416a0.sorted_genome_alignments.bam,139504428,130535356,8969072,0.064292382
UNCID_2457543.02acfc6b-19d1-48fb-85be-2db09108842f.sorted_genome_alignments.bam,134653182,128814752,5838430,0.04335902
UNCID_2457546.6ccdfcb6-5eb7-45ea-b931-ea0b29cae029.sorted_genome_alignments.bam,138849700,128709856,10139844,0.073027482
UNCID_2457555.b1f9a7f8-1c31-4ea7-9d05-eb9556662904.sorted_genome_alignments.bam,146820975,137472572,9348403,0.063672122
UNCID_2457588.3092b19f-fc95-4c38-99fb-8e828154cd95.sorted_genome_alignments.bam,152304010,146612591,5691419,0.037368806
UNCID_2457598.b65144ec-757f-4d21-8488-8ee855af1a0a.sorted_genome_alignments.bam,153342031,147029135,6312896,0.041168726
UNCID_2457627.8ed7c5af-9430-499b-ab23-0a29ac5b11c3.sorted_genome_alignments.bam,151453351,144680271,6773080,0.044720569
UNCID_2457657.0772e500-fa9e-4912-b78f-ee5dc3f60c29.sorted_genome_alignments.bam,119000974,106815698,12185276,0.102396439
UNCID_2457670.cba861a3-dd8a-4d02-bec0-94eec361246c.sorted_genome_alignments.bam,150770165,146174321,4595844,0.03048245
UNCID_2457718.e10fe58f-7ceb-4ad8-bce3-5ffbefc05cb5.sorted_genome_alignments.bam,127350507,122663274,4687233,0.036805766
UNCID_2457782.a27a9d35-4804-4b24-8889-4128e4434487.sorted_genome_alignments.bam,100256082,91796441,8459641,0.084380327
UNCID_2457814.14830f0b-1722-46d7-876f-4bcc36caeaf3.sorted_genome_alignments.bam,137658816,131723916,5934900,0.043113112
UNCID_2457816.68de1f6b-2f05-4663-ab38-266e6070c155.sorted_genome_alignments.bam,166082010,160195432,5886578,0.035443803
UNCID_2457817.baeaec83-29cf-4fcd-b6b4-6054510d9d86.sorted_genome_alignments.bam,106845973,99324269,7521704,0.070397637
UNCID_2457818.20a779a3-04ab-4080-b11d-ed7b22fcd2da.sorted_genome_alignments.bam,107270279,98680107,8590172,0.080079702
UNCID_2459026.e25942e1-70e7-425d-b2fc-f26e9be00b4a.sorted_genome_alignments.bam,146813038,138752955,8060083,0.054900322
UNCID_2459438.3df4a91c-dae7-45e4-90e5-2b4fc1ae0925.sorted_genome_alignments.bam,127963019,122985071,4977948,0.038901458
UNCID_2461052.652715e1-ffe5-4913-9dce-457f8ed8c337.sorted_genome_alignments.bam,143330233,136643630,6686603,0.046651728
UNCID_2461318.71f3246a-0b7f-447e-8d1a-951159eb458e.sorted_genome_alignments.bam,137436108,131654504,5781604,0.042067577
UNCID_2461417.a2eacae1-57f4-4db3-8abb-ed09fe1db757.sorted_genome_alignments.bam,156845543,148476344,8369199,0.053359495
UNCID_2461941.2e80aebe-77b5-496c-bde9-494b9b94ee3f.sorted_genome_alignments.bam,144684683,140075044,4609639,0.031859896
UNCID_2462493.bbfd29b5-5d8d-4850-a9a5-def31a843842.sorted_genome_alignments.bam,163285448,156624466,6660982,0.040793482
UNCID_2462682.a5a14aad-0709-4782-b922-ec8226372af3.sorted_genome_alignments.bam,108009154,104529721,3479433,0.032214242
UNCID_2462755.23b47813-7a77-44ca-b650-31a319c1f497.sorted_genome_alignments.bam,131931539,124657513,7274026,0.055134853
UNCID_2468669.c2a2d7ab-c8d6-4481-9e91-1f16969e8105.sorted_genome_alignments.bam,101123336,88127295,12996041,0.128516735
UNCID_2468757.cd04ad05-2cc4-490d-b4fa-d9c5e5a118e8.sorted_genome_alignments.bam,107401455,104187538,3213917,0.029924334
UNCID_2468780.d9954580-b237-40a2-b4a3-3ce2482f8da2.sorted_genome_alignments.bam,117185407,102373771,14811636,0.126394885
UNCID_2468827.689c1593-3903-4c82-9cb1-1471d8bca178.sorted_genome_alignments.bam,112385898,108470532,3915366,0.034838588
UNCID_2468847.5071fd5a-8c44-4dfb-bcca-31885b033372.sorted_genome_alignments.bam,119405499,113710389,5695110,0.047695542
UNCID_2468885.b4f88ea9-de76-4d5b-a535-5a1a010903e4.sorted_genome_alignments.bam,129733788,116727845,13005943,0.100251008
UNCID_2468894.c8d6dc3d-024b-4b68-9395-c3c2c38e8bb2.sorted_genome_alignments.bam,113667508,109605270,4062238,0.0357379
UNCID_2468913.2c9b61fa-9d26-41fe-9d79-a34bd08182f1.sorted_genome_alignments.bam,112410287,109167965,3242322,0.028843641
UNCID_2468944.56907638-5828-4ad8-9be9-a6cf5aa90f7b.sorted_genome_alignments.bam,128191920,122023841,6168079,0.048115973
UNCID_2468990.159b00ee-9db8-4de9-bd94-16e65b917502.sorted_genome_alignments.bam,148319401,144559390,3760011,0.02535077
UNCID_2469014.b4e476f1-17f7-4af3-9076-8bcd783324a7.sorted_genome_alignments.bam,118916922,113936414,4980508,0.041882248
UNCID_2469062.cd5cb20c-a12b-44e2-8ebc-874b1296758b.sorted_genome_alignments.bam,130017090,125387752,4629338,0.035605612
UNCID_2469125.01ab5f23-487f-4a57-97b3-6a110a789124.sorted_genome_alignments.bam,133508204,125897356,7610848,0.057006594
UNCID_2469126.a4802f5e-61ab-4faa-96bb-43ed9938c48a.sorted_genome_alignments.bam,102588918,89940264,12648654,0.123294545
UNCID_2469183.8a5804cb-d45f-4a6c-b7a0-af505b4b4237.sorted_genome_alignments.bam,121994796,118624870,3369926,0.027623523
UNCID_2469190.32de6610-4b6b-443f-bd20-f67d97558cbd.sorted_genome_alignments.bam,154878742,147969259,6909483,0.04461221
UNCID_2469222.718250e5-65a4-4365-8e2e-3dd4966c4fc6.sorted_genome_alignments.bam,134444977,126572450,7872527,0.058555754
UNCID_2469223.a2b8a4b8-202d-4705-89ab-5ac06028d7b0.sorted_genome_alignments.bam,98866496,82425552,16440944,0.166294394
UNCID_2469265.42f6b380-6c70-41ec-bac2-54fec52b4a49.sorted_genome_alignments.bam,157436652,151489421,5947231,0.03777539
UNCID_2469334.1ff7160a-3918-4942-8a87-9b78d2306c2e.sorted_genome_alignments.bam,145560008,140509922,5050086,0.034694186
UNCID_2469365.e9f1e235-52ff-45fd-84ad-52135124cec9.sorted_genome_alignments.bam,108887324,106310541,2576783,0.023664674
UNCID_2469446.c4cd3829-e7e0-4f1e-8796-856fddcf50ae.sorted_genome_alignments.bam,140764791,136022050,4742741,0.033692665
UNCID_2469662.f21c811b-a31a-4b4b-88a0-2488fa59b20d.sorted_genome_alignments.bam,135905254,131536997,4368257,0.032141929
UNCID_2469694.b0a3dc56-556d-463b-8cb2-5bc63be14466.sorted_genome_alignments.bam,150696867,143238165,7458702,0.049494738
UNCID_2469828.1893be96-6727-4bfa-aa28-2a2df326c464.sorted_genome_alignments.bam,183895546,177720560,6174986,0.033578769
UNCID_2469913.8b3b6e83-4d14-40c7-a260-421dd725bfd9.sorted_genome_alignments.bam,138768035,124768002,14000033,0.100888025
UNCID_2470841.65db40b6-7a69-4e35-899b-f6a66385b1e0.sorted_genome_alignments.bam,62552378,59053851,3498527,0.05592956
UNCID_2470863.04c1f866-a5a7-446d-be9b-8fae06a7e03e.sorted_genome_alignments.bam,137417103,128843627,8573476,0.062390167
UNCID_2471673.6b8a7899-93cf-4e30-b649-a9a41434d3de.sorted_genome_alignments.bam,117502075,102166274,15335801,0.13051515
UNCID_2471736.bc8a3747-bd29-4388-94b9-74d92b6db3a3.sorted_genome_alignments.bam,141287992,136808739,4479253,0.031702999
UNCID_2471750.ae1dcee5-5915-4a48-8d56-d6bbba649113.sorted_genome_alignments.bam,115837835,110415323,5422512,0.046811234
UNCID_2471763.e1484bf6-1ef1-4ab4-b67b-d85e0088c7fe.sorted_genome_alignments.bam,128340588,122592301,5748287,0.044789315
UNCID_2471768.1b35db40-a569-49c4-abd2-99eeb8502ecc.sorted_genome_alignments.bam,120353098,111753790,8599308,0.071450658
UNCID_2471769.8dff5536-d061-496f-9178-2140523d1064.sorted_genome_alignments.bam,136088932,131739674,4349258,0.03195894
UNCID_2471775.9db6d797-ed86-40ae-a4c5-25ca9ffcc1c9.sorted_genome_alignments.bam,139187135,130678887,8508248,0.061128121
UNCID_2471780.a64ae1f5-a189-4173-be13-903bd7637869.sorted_genome_alignments.bam,142207751,136463212,5744539,0.0403954
UNCID_2471785.0e3ee589-b4a9-4d2c-9633-b5d46d27e7f7.sorted_genome_alignments.bam,142403174,132725059,9678115,0.067962776
UNCID_2471794.f93c3a91-7b7e-4a7d-bbed-168694fedf91.sorted_genome_alignments.bam,152938893,142973804,9965089,0.065157324
UNCID_2471817.32d5a25b-e57a-4d6a-83ed-c57bce339c14.sorted_genome_alignments.bam,160553407,148184175,12369232,0.07704123
UNCID_2471825.3ee96f1d-ae1d-4725-a70d-ccd8fb4dc413.sorted_genome_alignments.bam,132091733,126082272,6009461,0.045494603
UNCID_2471826.3dbec12a-6679-44a6-a51f-eb08c83b1d0d.sorted_genome_alignments.bam,157949865,152345365,5604500,0.035482778
UNCID_2471869.6b22709e-8b89-4a67-9530-3004467b91f6.sorted_genome_alignments.bam,129236981,124999904,4237077,0.032785329
UNCID_2471895.0fc1e999-b04f-4fc2-a38e-340c1b561657.sorted_genome_alignments.bam,165986088,160299158,5686930,0.034261486
UNCID_2471902.17b87815-5cb8-49c1-a09f-d3e99a6c19c1.sorted_genome_alignments.bam,151050875,145385794,5665081,0.037504457
UNCID_2472075.de01d9b6-e29d-495e-815a-c7d2a7c15af3.sorted_genome_alignments.bam,119086250,115710444,3375806,0.028347572
UNCID_2472087.4c243ea9-dfe1-42f0-a887-3c901fb38542.sorted_genome_alignments.bam,142491828,136703188,5788640,0.040624365
UNCID_2472261.d10a636b-9077-4863-b993-4d5bddd549eb.sorted_genome_alignments.bam,125315338,119919653,5395685,0.04305686
UNCID_2472324.45eca81f-9ce2-4de6-b970-65959d76398c.sorted_genome_alignments.bam,139776023,130210792,9565231,0.068432559
UNCID_2472471.16d994fc-5063-4206-87bb-168d752ce359.sorted_genome_alignments.bam,174236644,166766377,7470267,0.042874259
UNCID_2473378.4c50bac5-ad8d-4120-9d73-9fe8d78c9040.sorted_genome_alignments.bam,122789988,119298707,3491281,0.028432945
UNCID_2473405.79b6d16e-cc87-416d-8440-2aa9ad3ed3d3.sorted_genome_alignments.bam,130290685,125675298,4615387,0.035423768
UNCID_2473447.500beee6-a0cf-44aa-9102-de22b7210aba.sorted_genome_alignments.bam,127320828,121953186,5367642,0.042158397
UNCID_2474521.33b64021-96cf-4916-92db-948b9a767d1b.sorted_genome_alignments.bam,124290198,120177349,4112849,0.033090695
UNCID_2474626.c8c2f5d3-a744-4bff-acdb-ada38d8dd074.sorted_genome_alignments.bam,127815657,124175914,3639743,0.028476503
UNCID_2474659.47bf8c2d-6142-4550-a854-162cdd2b7684.sorted_genome_alignments.bam,122785907,118154535,4631372,0.037719084
UNCID_2474687.42b3e255-38df-41f7-a4b8-77510d467dd2.sorted_genome_alignments.bam,116965600,111291635,5673965,0.04850969
UNCID_2476653.0ff237d2-9283-44c7-bfae-c2020c73b94c.sorted_genome_alignments.bam,142061209,136647307,5413902,0.038109643
UNCID_2476787.8d4a6058-e687-4bb7-afdc-e9936fdc49b1.sorted_genome_alignments.bam,148959239,141626064,7333175,0.049229407
UNCID_2477819.bd991045-7c0f-404b-b9e6-63086f9c816f.sorted_genome_alignments.bam,154053094,146418830,7634264,0.049556058
UNCID_2478231.473deced-b8f8-4f02-86da-335dc0b0de01.sorted_genome_alignments.bam,126160412,123454806,2705606,0.021445761
UNCID_2478245.ce2398b9-d222-4688-97c4-06da3b0c129a.sorted_genome_alignments.bam,131144094,128205676,2938418,0.022406026
UNCID_2478263.1727eb06-107a-4b21-97d7-20cabf1826ac.sorted_genome_alignments.bam,150270184,144721090,5549094,0.036927445
UNCID_2478272.0bf2e3d0-505e-4651-9260-9353dc6cce46.sorted_genome_alignments.bam,159388131,154503580,4884551,0.030645638
UNCID_2478332.0c6b534b-4ffa-451d-b305-81e0636cbea8.sorted_genome_alignments.bam,148577122,144727717,3849405,0.025908464
UNCID_2478401.59aa6c34-6744-4ba8-9572-dfba69e01fa8.sorted_genome_alignments.bam,181028066,175649261,5378805,0.029712547
UNCID_2478437.f4024393-b3f0-43b4-916e-4e92cb95c084.sorted_genome_alignments.bam,128262971,121098817,7164154,0.055855201
UNCID_2478521.2974a881-8198-4c55-89b9-822b8f8c94b0.sorted_genome_alignments.bam,153487485,147461645,6025840,0.039259488
UNCID_2480597.ea7b4780-98ae-4fd1-9178-d026f5347d9f.sorted_genome_alignments.bam,119878731,117103168,2775563,0.02315309
UNCID_2480612.b351678e-1762-4bb9-ba75-f4df42d6e900.sorted_genome_alignments.bam,122193595,116156566,6037029,0.049405446
UNCID_2481257.b3079945-f405-4810-b7cc-efa81b3b46ad.sorted_genome_alignments.bam,96113741,89472507,6641234,0.069097654
UNCID_2481318.bd8e46c1-5b67-407e-a6fb-67017488a923.sorted_genome_alignments.bam,119432223,98163059,21269164,0.178085641
UNCID_2481355.a310308c-57cf-4bb2-82e3-db1518bb79af.sorted_genome_alignments.bam,122965618,115120915,7844703,0.063795906
UNCID_2481413.8da55b3d-99f9-4ab4-8ee3-35bafb8d624f.sorted_genome_alignments.bam,117432054,110969226,6462828,0.055034616
UNCID_2481436.e1788048-2730-4c02-9745-00d1ce97f34b.sorted_genome_alignments.bam,128077176,123392874,4684302,0.036574058
UNCID_2481479.c3d6c3bb-8882-4033-855e-f164c03799cd.sorted_genome_alignments.bam,128710564,123925508,4785056,0.037176871
UNCID_2481681.7f7a32bb-b526-4b03-996e-3060818d5e45.sorted_genome_alignments.bam,132620999,127379695,5241304,0.039520921
UNCID_2481715.430b47b5-5751-4443-8c73-642f79fc1ccd.sorted_genome_alignments.bam,137949532,129827200,8122332,0.058879011
UNCID_2481766.2bb8de70-7555-4409-b667-c11b1fb716b5.sorted_genome_alignments.bam,124671011,118702009,5969002,0.047878027
UNCID_2481778.7471bd76-b32f-41a3-bf95-8752745a7e70.sorted_genome_alignments.bam,125019506,119744436,5275070,0.042193976
UNCID_2481888.146b24ab-44b3-4b64-80c2-7ced0f829501.sorted_genome_alignments.bam,119887043,112035683,7851360,0.065489646
UNCID_2481955.7cbc59c1-c767-4b50-a6fe-fc3e3365b5cf.sorted_genome_alignments.bam,139069499,135248048,3821451,0.027478714
UNCID_2482084.20f7a673-eb82-4bfc-a757-096b2fc3f98b.sorted_genome_alignments.bam,131053680,123649114,7404566,0.056500252
UNCID_2482091.d593d47e-581a-4da3-bb3a-648b2bfb4cae.sorted_genome_alignments.bam,140928943,136683448,4245495,0.030125075
UNCID_2482100.44f2c257-7463-4120-a509-217337d8cd45.sorted_genome_alignments.bam,133787853,129395764,4392089,0.032828758
UNCID_2482113.7e61e7f1-2c5e-45e4-a0cc-b0ab27c29bc3.sorted_genome_alignments.bam,148724741,142367397,6357344,0.042745706
UNCID_2482370.530578d1-044b-4423-bd9c-ae80a2d7fda1.sorted_genome_alignments.bam,140413068,133204964,7208104,0.051334994
UNCID_2482391.abef0f85-b339-476f-bc5b-faded3ad6cf7.sorted_genome_alignments.bam,145776051,140012879,5763172,0.039534423
UNCID_2482421.79169be4-6386-4c36-9330-c56b6c9e6ebd.sorted_genome_alignments.bam,158374227,146774864,11599363,0.073240219
UNCID_2482447.cc9dfa83-d316-4455-bd08-967fb33a54ff.sorted_genome_alignments.bam,157829736,153191221,4638515,0.02938936
UNCID_2482499.4d2b4bc6-45e1-49c0-9bcb-5e711cad5ae0.sorted_genome_alignments.bam,87871186,73735414,14135772,0.160869252
UNCID_2482587.1ae15391-868a-4aa6-993a-c06e3b4e37ba.sorted_genome_alignments.bam,170071660,164321975,5749685,0.033807426
UNCID_2482591.1330c062-9641-4d39-a09f-18aebaa90550.sorted_genome_alignments.bam,125107845,116704142,8403703,0.067171671
UNCID_2482707.afd8a85c-8fa5-4b8a-b2a4-2b6933791973.sorted_genome_alignments.bam,132820344,126226765,6593579,0.049642839
UNCID_2483372.52ee3db2-b549-446c-a7e5-14a6a3e34ca8.sorted_genome_alignments.bam,137444183,132659336,4784847,0.034813019
UNCID_2483487.0514988e-85d3-4ce1-a860-39bd5ac19660.sorted_genome_alignments.bam,189419689,183404599,6015090,0.031755358
UNCID_2483730.20b6de7e-a76b-41c0-9a6e-9916e2d2b013.sorted_genome_alignments.bam,130627110,123994897,6632213,0.050772102
UNCID_2484028.fba18017-31ec-45f8-9d9e-43b0efa14347.sorted_genome_alignments.bam,128970586,123197378,5773208,0.044763757
UNCID_2485038.96e5ddd1-b91d-471d-b583-f6672b762a80.sorted_genome_alignments.bam,182221572,174826074,7395498,0.040585195
UNCID_2485251.27d2d71b-457a-4673-aa7c-65198ef1308c.sorted_genome_alignments.bam,138819465,130849555,7969910,0.05741205
UNCID_2486199.bae5b50b-e671-4df9-92e9-aad3cfe8a26e.sorted_genome_alignments.bam,123458550,118816582,4641968,0.037599405
UNCID_2486503.a9b54172-f05b-4d62-9cab-93ca84d23764.sorted_genome_alignments.bam,136111285,131664811,4446474,0.032667931
UNCID_2486568.d6edbae7-9967-4bf5-9fcf-433dc71b35f8.sorted_genome_alignments.bam,141158488,134645994,6512494,0.046136042
UNCID_2486642.839b34c9-e6d8-460e-9b4b-c5da69a2aee0.sorted_genome_alignments.bam,112367600,106302821,6064779,0.053972666
UNCID_2486878.c2a4a9ce-9d07-4964-b1ee-744967ba0e2d.sorted_genome_alignments.bam,144750497,136203796,8546701,0.059044364
UNCID_2486998.a90eef12-777c-4a46-b90e-1385807269f8.sorted_genome_alignments.bam,140066986,129437631,10629355,0.075887654
UNCID_2487040.64842a3f-2584-4d55-9e6c-bb976485476a.sorted_genome_alignments.bam,170649250,162750012,7899238,0.046289322
UNCID_2487077.50b143bf-7283-468a-855b-63aadd98496a.sorted_genome_alignments.bam,176787348,169274506,7512842,0.042496491
UNCID_2487096.1c03d9f5-e222-48b2-afeb-dfdeeff246b0.sorted_genome_alignments.bam,144366920,137079536,7287384,0.050478212
UNCID_2487183.ecd432eb-db83-4987-b252-4765d83c3b55.sorted_genome_alignments.bam,147987436,138363106,9624330,0.065034778
UNCID_2487213.924c4803-0337-4423-ab6c-7aa43a5f7874.sorted_genome_alignments.bam,164437925,155930208,8507717,0.051738168
UNCID_2487266.fca9f607-7939-4f89-bf60-785f6e848c24.sorted_genome_alignments.bam,142801187,137598965,5202222,0.036429823
UNCID_2487435.8a5081d6-358e-4e94-a794-5d9fcdf467fb.sorted_genome_alignments.bam,171357489,166224345,5133144,0.029955761
UNCID_2487558.946a3961-1616-4f45-a10a-2c6778491fb9.sorted_genome_alignments.bam,164820738,157154577,7666161,0.046512114
UNCID_2487597.557c5369-74e7-4610-badc-922a6a467d73.sorted_genome_alignments.bam,157590777,150061248,7529529,0.047778995
UNCID_2487766.a32fcc87-5473-43d5-9e4b-bad78719156c.sorted_genome_alignments.bam,191019180,183717201,7301979,0.038226418
UNCID_2488021.327757e4-c3b3-4be0-bdbf-2ad718f92da0.sorted_genome_alignments.bam,135658598,127764342,7894256,0.05819208
UNCID_2488056.fb3c0c98-a0f4-43d0-be73-4f4007723507.sorted_genome_alignments.bam,133875822,119540461,14335361,0.107079537
UNCID_2488087.31ca8dd5-ebff-496f-b9ea-e62a96449238.sorted_genome_alignments.bam,182269087,175339586,6929501,0.038017972
UNCID_2488348.9097b71f-9b67-4c9b-acdb-2f399a071ae6.sorted_genome_alignments.bam,116284945,107355927,8929018,0.076785675
UNCID_2488388.6f894de5-7d4d-407a-99d5-748783707ed9.sorted_genome_alignments.bam,131075018,125133085,5941933,0.045332307
UNCID_2488420.5dece5bd-86aa-4309-b150-5d44b1b377f0.sorted_genome_alignments.bam,114554037,111432834,3121203,0.027246556
UNCID_2488437.94a77467-94d0-4b95-8b99-9ff79227b690.sorted_genome_alignments.bam,125468821,117607483,7861338,0.06265571
UNCID_2488440.149d92a3-2873-4d8f-a071-ee4c27533ca3.sorted_genome_alignments.bam,128675851,121168130,7507721,0.058345998
UNCID_2488459.635d7ed5-5ac8-4733-ab7a-6f338c47875b.sorted_genome_alignments.bam,122317741,119654918,2662823,0.02176972
UNCID_2488557.52990bea-d12b-45ef-be4d-94b5efe0a847.sorted_genome_alignments.bam,119614489,116313382,3301107,0.027597886
UNCID_2488627.112b09c1-b9c7-4029-aa25-81f130076ab4.sorted_genome_alignments.bam,124812019,120303793,4508226,0.036120127
UNCID_2488628.44814b70-17af-4b29-a73e-669b0f1fa380.sorted_genome_alignments.bam,128059505,124096810,3962695,0.030944169
UNCID_2488748.bb0ad6bf-8c87-43c5-b030-a4d14a7ec097.sorted_genome_alignments.bam,116625052,108650646,7974406,0.068376441
UNCID_2489681.a6a130ff-c0b1-4287-a015-827fceb748d6.sorted_genome_alignments.bam,150513225,145261019,5252206,0.034895312
UNCID_2489710.ede7cca5-c3f8-43e0-9354-b99821de60c0.sorted_genome_alignments.bam,100643551,97056282,3587269,0.035643307
UNCID_2489757.b75b4c25-77ca-4f3e-906d-220de76ceecb.sorted_genome_alignments.bam,150095574,140388840,9706734,0.064670355
UNCID_2489789.71067e68-a2f8-4895-a0d5-3255e8e1e3cb.sorted_genome_alignments.bam,153490970,148573070,4917900,0.032040321
UNCID_2489982.191ae2a8-07b1-4629-a0b2-5bd47a59b323.sorted_genome_alignments.bam,166638661,162005087,4633574,0.027806116
UNCID_2490001.97d051a1-0b25-45eb-a9ac-c2006d89752e.sorted_genome_alignments.bam,102498954,91597443,10901511,0.10635729
UNCID_2490106.700bf3b6-dff8-4de7-877f-1c742620f896.sorted_genome_alignments.bam,159676302,155186788,4489514,0.028116345
UNCID_2490126.1e9c7167-da62-4ba3-960d-240c8445bb76.sorted_genome_alignments.bam,108996535,104415272,4581263,0.042031272
UNCID_2491047.1e640951-76e2-4691-bfda-301e6bd11c47.sorted_genome_alignments.bam,93898835,77044777,16854058,0.179491662
UNCID_2491058.f4159732-6dd2-4614-b3e2-3a528fdfa527.sorted_genome_alignments.bam,105416293,101376031,4040262,0.038326732
UNCID_2492173.52e425cf-1fad-400e-bc39-6df2a3310a68.sorted_genome_alignments.bam,104869036,99245819,5623217,0.053621328
UNCID_2492510.210311b9-88d7-4e29-974a-0e807ea88d1b.sorted_genome_alignments.bam,120130387,116013947,4116440,0.034266434
UNCID_2493873.7d08924f-7f7e-48f2-80d6-275b4d964697.sorted_genome_alignments.bam,110815869,107416397,3399472,0.030676762
UNCID_2494105.a6592f20-f26d-4690-88c0-22df42a0052a.sorted_genome_alignments.bam,123019810,118635418,4384392,0.035639723
UNCID_2494300.94b917da-6579-4d30-b81b-eba739bbae5c.sorted_genome_alignments.bam,117752703,113773256,3979447,0.033794952
UNCID_2494319.263c3285-8412-426e-a042-1e4266190a03.sorted_genome_alignments.bam,68018825,66306570,1712255,0.025173252
UNCID_2495402.f18b7d09-aace-4a7e-839a-6f6eeb189f63.sorted_genome_alignments.bam,101168206,96419068,4749138,0.046942989
UNCID_2497456.4ecec21e-cbd5-42ec-af2e-bf58f2710458.sorted_genome_alignments.bam,112759891,108950680,3809211,0.033781613
UNCID_2497569.2eabe1cd-7b0a-4a9f-a26b-c43dd0f61e44.sorted_genome_alignments.bam,132714269,128603339,4110930,0.030975795
UNCID_2498520.eac6c8bf-f85e-4eb7-a700-034cd91722d7.sorted_genome_alignments.bam,136838389,131971772,4866617,0.035564705
UNCID_2499562.1f2f6aa8-f3d0-4baf-9171-02433078d74b.sorted_genome_alignments.bam,153751167,148893447,4857720,0.031594687
UNCID_2499762.676d126f-b0c7-4c79-b4b6-852207b31437.sorted_genome_alignments.bam,131392989,123500671,7892318,0.060066508
UNCID_2499901.db02aca7-bc1c-481a-83a2-de3d761e410b.sorted_genome_alignments.bam,141588894,132953704,8635190,0.060987764
UNCID_2500149.07cf4544-6ba1-4535-8bf5-18d5bf9e4123.sorted_genome_alignments.bam,150878017,144871722,6006295,0.039808947
UNCID_2500167.ebf67004-06d9-4466-824a-ffb03aa26316.sorted_genome_alignments.bam,127839127,124209991,3629136,0.028388304
UNCID_2500389.9ce93e24-974d-4a90-82b7-9efdf3c61085.sorted_genome_alignments.bam,103318465,85584143,17734322,0.171647169
UNCID_2500396.3d8d1b81-2fd0-4170-9a6c-f7aef5af5446.sorted_genome_alignments.bam,137104574,127173958,9930616,0.072430961
UNCID_2500465.b4b4736d-32bf-4577-af49-f35e7da87c2c.sorted_genome_alignments.bam,123424150,119836468,3587682,0.029067909
UNCID_2500528.8296ba1b-57e6-4a3e-bade-ec902a0d4fcf.sorted_genome_alignments.bam,125365119,119562291,5802828,0.046287421
UNCID_2500548.7c955c67-e0be-4c07-b0e9-b70da3a7f116.sorted_genome_alignments.bam,146200528,141212467,4988061,0.034117941
UNCID_2500737.b99146ef-3f38-42f4-aa4b-08543a5ae7d9.sorted_genome_alignments.bam,129357568,123635764,5721804,0.044232464
UNCID_2500779.faf23517-4aeb-4ad0-8d86-cce2e3e89390.sorted_genome_alignments.bam,152194295,145251231,6943064,0.045619739
UNCID_2500912.49237a86-9b3c-40ed-8b94-c0a5d9e15c82.sorted_genome_alignments.bam,119303616,115238505,4065111,0.034073661
UNCID_2500931.b40fc694-28d2-4b49-a5ff-4182156a9654.sorted_genome_alignments.bam,135790758,129378530,6412228,0.047221387
UNCID_2500963.ff70a8ae-3e2c-4d42-a3f0-d3c92472232a.sorted_genome_alignments.bam,132671514,124564867,8106647,0.061103147
UNCID_2501027.acb2a050-f12f-4a83-8c9e-5e69afcfdd66.sorted_genome_alignments.bam,142159347,136874682,5284665,0.037174235
UNCID_2501051.717093f1-916b-4d01-a74c-18af938563c0.sorted_genome_alignments.bam,161152818,155267768,5885050,0.036518443
UNCID_2501169.da85d30e-2db7-45eb-8a28-6416c0e07b1f.sorted_genome_alignments.bam,114087188,110326632,3760556,0.032962124
UNCID_2501299.52041760-a4d7-43e0-b2be-6b7055fe49ed.sorted_genome_alignments.bam,116448471,112777715,3670756,0.031522578
UNCID_2501369.842be247-70f7-4ac6-9e16-c07a1f62ff78.sorted_genome_alignments.bam,117044474,111328273,5716201,0.048837855
UNCID_2501522.90761efe-5691-4b39-ae34-c586c0293816.sorted_genome_alignments.bam,133229623,118301428,14928195,0.112048617
UNCID_2501531.73e05f0f-01df-484e-94f5-b0586480f000.sorted_genome_alignments.bam,101123507,97934965,3188542,0.031531165
UNCID_2501534.f3490052-6688-4279-9d92-0aca9fe94382.sorted_genome_alignments.bam,129117711,126109669,3008042,0.023296897
UNCID_2501544.01a6c838-ea9c-488c-8dcb-8bac73253a33.sorted_genome_alignments.bam,130950076,123681770,7268306,0.055504405
UNCID_2501563.fe25dbd6-adbf-47a3-9929-f392d5347bde.sorted_genome_alignments.bam,120083894,114764551,5319343,0.04429689
UNCID_2501582.5eeb70ae-b09e-4b6d-80f1-23ed3e20b33c.sorted_genome_alignments.bam,97008816,93067575,3941241,0.040627658
UNCID_2501638.e6193af8-e8a4-4af7-8279-59f46c5502ba.sorted_genome_alignments.bam,139817976,132762541,7055435,0.050461573
UNCID_2501776.1e7def5c-75f1-471d-9fab-b7e350c794a8.sorted_genome_alignments.bam,105856969,103406744,2450225,0.023146563
UNCID_2501881.6d979d21-8d92-40aa-a19f-f4a6c55384cf.sorted_genome_alignments.bam,118332224,115342941,2989283,0.025261783
UNCID_2501960.183b63ef-c966-4348-a989-9c7e2b4a8082.sorted_genome_alignments.bam,101851457,99096367,2755090,0.027050079
UNCID_2502131.c4b50fbc-9dbb-4670-88b7-93c77d7d3547.sorted_genome_alignments.bam,122368976,119183790,3185186,0.026029359
UNCID_2502301.c2ce929e-e3a1-4a3a-b09e-9aff5bfd95f4.sorted_genome_alignments.bam,136924775,133732493,3192282,0.02331413
UNCID_2502302.d328ae95-7792-4953-a88a-f288a96c4a65.sorted_genome_alignments.bam,95042503,89865077,5177426,0.054474849
UNCID_2502401.9bd649f6-9b08-4d26-87b9-a6901a00f2ba.sorted_genome_alignments.bam,125358543,122034147,3324396,0.026519102
UNCID_2502487.ab32f0f9-4327-4189-9dd7-6951531c6e16.sorted_genome_alignments.bam,121174354,118290407,2883947,0.023799978
UNCID_2502488.7897b96a-99f9-4db8-abda-04caa8059896.sorted_genome_alignments.bam,110835973,103776148,7059825,0.063696152
UNCID_2502524.7d467df3-8ea8-4979-a609-775baef7a680.sorted_genome_alignments.bam,117164885,114035842,3129043,0.026706321
UNCID_2502738.1be3a1d1-1300-4d9f-86d1-4b5faf7241fb.sorted_genome_alignments.bam,95493751,88078400,7415351,0.077652736
UNCID_2502745.d9f01cb3-7b78-4330-9a2c-5923cdbfa142.sorted_genome_alignments.bam,117305413,114141601,3163812,0.026970725
UNCID_2502782.2c28e7b4-23b3-46b0-927b-c684d73d1543.sorted_genome_alignments.bam,88757704,78977350,9780354,0.110191607
UNCID_2502800.c048b775-7679-424f-a008-8f7def9c0523.sorted_genome_alignments.bam,110255126,105577639,4677487,0.042424213
UNCID_2502807.2599cb92-686e-4939-a97f-c17f2065adcc.sorted_genome_alignments.bam,124359098,121163355,3195743,0.025697702
UNCID_2502873.230c9517-0296-4966-8dd7-14c062e82224.sorted_genome_alignments.bam,91417446,81444169,9973277,0.109095992
UNCID_2502915.33a8bccc-6989-4882-828b-1d8c0b5aa91a.sorted_genome_alignments.bam,118407726,115166415,3241311,0.027374151
UNCID_2503099.6f3b244b-47b9-4af4-85c5-0051f6688aa8.sorted_genome_alignments.bam,97209060,90888818,6320242,0.065017006
UNCID_2503127.8ac289ba-c81f-44ed-9fb4-8c2af9eccdb0.sorted_genome_alignments.bam,86703314,71690707,15012607,0.173149172
UNCID_2503242.349245b6-2265-476a-845a-a7f44896cf52.sorted_genome_alignments.bam,117963811,113787013,4176798,0.035407452
UNCID_2503277.db105bbd-3501-4916-b032-dd3480038d55.sorted_genome_alignments.bam,103853891,100103428,3750463,0.036112879
UNCID_2503288.73a57b9f-d780-4556-bf25-b75c2f75340e.sorted_genome_alignments.bam,103666692,100545333,3121359,0.030109565
UNCID_2503333.45517ca1-d687-4f8a-90e4-0b3937221a00.sorted_genome_alignments.bam,79403926,66185081,13218845,0.166475962
UNCID_2503472.fac0db5e-3c8c-4ca2-b119-da810af35fc7.sorted_genome_alignments.bam,92072098,88879088,3193010,0.034679453
UNCID_2503633.0cb1b6e8-1a05-472d-9651-126f92d17e73.sorted_genome_alignments.bam,99940730,93760712,6180018,0.061836831
UNCID_2503778.f2a5dbac-1f1f-48c0-8cb7-2b5df939c7c7.sorted_genome_alignments.bam,107876966,103094379,4782587,0.044333718
UNCID_2503863.ab176170-0468-4170-91cd-1e8f0b425b0b.sorted_genome_alignments.bam,81045376,69652783,11392593,0.140570549
UNCID_2503911.f29aacd1-503d-4f56-8faa-2ba309ce4f23.sorted_genome_alignments.bam,105032157,102607390,2424767,0.023085949
UNCID_2503928.f680256f-f3be-4742-8211-6635de93f0b6.sorted_genome_alignments.bam,88458382,82594875,5863507,0.066285488
UNCID_2504057.ccc6510d-4ef3-4471-8fd1-e240fe55d95c.sorted_genome_alignments.bam,103077459,97806789,5270670,0.0511331
UNCID_2504190.23cfc123-e7e9-4e13-bbcf-4ec06d0bf378.sorted_genome_alignments.bam,118258803,114459539,3799264,0.032126691
UNCID_2504322.1493a0e1-08ca-4054-b432-f8103e47563c.sorted_genome_alignments.bam,122111457,116295009,5816448,0.047632287
UNCID_2504338.b76b37cf-c9af-419d-a7c4-f97747de2946.sorted_genome_alignments.bam,105063876,102004211,3059665,0.029121951
UNCID_2504353.f6cf68ce-65b5-42ef-aff4-7fdaef9d7fd3.sorted_genome_alignments.bam,125181498,111482959,13698539,0.109429422
UNCID_2504414.4cab604d-59f6-46d2-8c35-d3416977e313.sorted_genome_alignments.bam,116333013,113181171,3151842,0.027093272
UNCID_2504520.eb3cfcc9-657c-4527-ac58-948307cae54c.sorted_genome_alignments.bam,105240265,99943039,5297226,0.050334594
UNCID_2504537.f473687f-b6b0-41cd-95a9-d5051299507c.sorted_genome_alignments.bam,120134533,110049788,10084745,0.08394543
UNCID_2504738.fbe73185-19de-4d0e-af7c-589ca5ffebf6.sorted_genome_alignments.bam,125107404,116970484,8136920,0.065039476
UNCID_2504779.b3a876ad-a52a-458a-bfb5-9bd6dd61b189.sorted_genome_alignments.bam,107448511,103788117,3660394,0.034066493
UNCID_2504795.ed43b946-0700-4e19-8a04-d2a5720a7cdb.sorted_genome_alignments.bam,118081460,111748121,6333339,0.053635338
UNCID_2504863.050132b1-5052-4af0-bfc0-fae1b5f0f15a.sorted_genome_alignments.bam,132371909,122652457,9719452,0.073425337
UNCID_2505051.64585cbf-917f-4d28-8b42-b085e7cd7e67.sorted_genome_alignments.bam,150277244,142039993,8237251,0.054813695
UNCID_2505093.e1d52c4c-7521-496a-b91d-3facafe4716b.sorted_genome_alignments.bam,145194130,138784301,6409829,0.044146613
UNCID_2505123.4aced91c-f8c4-4eb7-8911-4924c1ffcd99.sorted_genome_alignments.bam,111769509,107403930,4365579,0.039058765
UNCID_2505138.6b57a5b6-2306-493a-aecf-0de8d2f098a8.sorted_genome_alignments.bam,126100239,120792108,5308131,0.042094536
UNCID_2505150.ba2ba71d-2d57-4154-a712-84a3ef19247d.sorted_genome_alignments.bam,120638674,115036398,5602276,0.046438475
UNCID_2505216.acd42e07-44a9-4499-a965-d278207484f1.sorted_genome_alignments.bam,154622339,149733143,4889196,0.031620243
UNCID_2505232.a3ca2450-1f4e-4372-bdd4-46f83e2e9602.sorted_genome_alignments.bam,167026826,161990380,5036446,0.030153516
UNCID_2505555.e8caca5a-33e3-483f-b63d-9655ead33a8a.sorted_genome_alignments.bam,160486315,155609506,4876809,0.030387694
UNCID_2505603.601934c4-5d48-440e-a17d-29c98e3d93fd.sorted_genome_alignments.bam,123013977,119207112,3806865,0.030946605
UNCID_2505682.9602264c-a350-4e8b-84f0-07f5710e1f24.sorted_genome_alignments.bam,132747474,121715224,11032250,0.083107043
UNCID_2505907.0fcd83db-c7e1-4522-a567-fd22ae73202f.sorted_genome_alignments.bam,166941848,161028345,5913503,0.035422532
UNCID_2505914.fbd2eeac-ae28-4948-bf57-91f65375fa77.sorted_genome_alignments.bam,141406718,129492414,11914304,0.084255573
UNCID_2506018.4151ec0a-ecb0-4b7f-bd88-24ff382d2010.sorted_genome_alignments.bam,135402581,128136672,7265909,0.053661525
UNCID_2506030.cb797021-9c9f-483c-88b8-0dc876fea489.sorted_genome_alignments.bam,149476798,144876965,4599833,0.03077289
UNCID_2506279.406a8f7c-1530-4ecf-95b0-b051d9a3184d.sorted_genome_alignments.bam,105361218,101293617,4067601,0.038606245
UNCID_2506359.66afc4fd-c1f7-4ae9-be1b-8168d7b5e350.sorted_genome_alignments.bam,150218161,139540832,10677329,0.071078816
UNCID_2506378.23ced7be-8bc1-4e9a-8a10-54c170a485b7.sorted_genome_alignments.bam,144885815,140269525,4616290,0.031861573
UNCID_2506396.99106f6c-2f6f-4b14-8d47-df22b7862153.sorted_genome_alignments.bam,145019581,136070462,8949119,0.061709729
UNCID_2506549.7be99ebf-8822-45dc-af84-37b36fcc7619.sorted_genome_alignments.bam,114771451,108987616,5783835,0.05039437
UNCID_2506632.bcb48d20-0f0d-45f8-8359-e8fe99d4929b.sorted_genome_alignments.bam,172097932,166816705,5281227,0.030687336
UNCID_2506690.cf6f18ea-b5fd-45a1-8f66-57fa12ab6d56.sorted_genome_alignments.bam,141562742,136259635,5303107,0.037461177
UNCID_2506722.f955924e-fe7b-4998-b2ad-066113fa1bcb.sorted_genome_alignments.bam,154432886,148676545,5756341,0.037274062
UNCID_2506785.d637192a-b7cc-4791-a3ac-318519c9e262.sorted_genome_alignments.bam,152008004,143975974,8032030,0.05283952
UNCID_2506861.b52d5d7a-3104-4d2a-a36b-aa9ac75e341d.sorted_genome_alignments.bam,96982134,93585260,3396874,0.035025771
UNCID_2506907.2a3b1b1a-9364-4bb2-beca-6933f88204c5.sorted_genome_alignments.bam,82638392,74840249,7798143,0.094364651
UNCID_2506941.a929b343-b542-46e9-9f3f-22eea752a980.sorted_genome_alignments.bam,161596367,154734372,6861995,0.042463795
UNCID_2506989.153f39e2-7b24-47c4-83ac-18a4f7441928.sorted_genome_alignments.bam,130481458,120156739,10324719,0.079127864
UNCID_2506994.d4ba2875-9bea-46eb-8279-72975c812701.sorted_genome_alignments.bam,96313867,92628361,3685506,0.03826558
UNCID_2507048.86f6c86d-d218-4721-86fd-1dd70ee454eb.sorted_genome_alignments.bam,116498916,113449480,3049436,0.02617566
UNCID_2507073.50f79ec5-c16a-4c56-909a-e32439b3ce2c.sorted_genome_alignments.bam,118368168,114005479,4362689,0.036856945
UNCID_2507123.1a65f0c1-c6e4-470b-8be1-1744332a1470.sorted_genome_alignments.bam,101094683,96763914,4330769,0.042838742
UNCID_2507342.9e1c37bb-1c94-4a98-8e44-e03953aa8ad9.sorted_genome_alignments.bam,100291746,96276256,4015490,0.04003809
UNCID_2507401.9e1bd81b-74bb-4909-ba0d-1e6bdf98b066.sorted_genome_alignments.bam,92373389,90417959,1955430,0.021168759
UNCID_2507402.97226f81-8074-4b17-bcc7-c74e51216706.sorted_genome_alignments.bam,93745311,91187729,2557582,0.027282239
UNCID_2507421.defc682b-c70e-40b5-9d8b-3dd146bc7c0e.sorted_genome_alignments.bam,178032052,171997979,6034073,0.033893183
UNCID_2507511.c0bcdbc7-9bed-49b7-93ca-f82ffc2929a1.sorted_genome_alignments.bam,99204637,96098202,3106435,0.031313405
UNCID_2507609.827ebf10-230a-442b-aaae-80e1e0210bb5.sorted_genome_alignments.bam,173908763,164323342,9585421,0.055117527
UNCID_2507847.fd9b4ba5-8cb9-4867-81c9-33c608584488.sorted_genome_alignments.bam,106702442,103447459,3254983,0.030505234
UNCID_2507894.8130cfd8-49c8-429d-b559-7ff8f1d359fa.sorted_genome_alignments.bam,116383361,112880915,3502446,0.030094044
UNCID_2507923.fe20123e-6e24-4900-97b1-60965fe89c8c.sorted_genome_alignments.bam,154278446,146874006,7404440,0.047994002
UNCID_250800.TCGA-AX-A05S-01A-11R-A00V-07.100903_UNC3-RDR300156_00028_FC_62ELKAAXX.8.trimmed.annotated.translated_to_genomic.bam,14168583,11524096,2644487,0.186644423
UNCID_2508043.7626194c-9fc3-4b7f-a759-2834583f3890.sorted_genome_alignments.bam,132149299,128812958,3336341,0.025246755
UNCID_2508127.88275e49-b282-414c-a941-9a77b991ff16.sorted_genome_alignments.bam,108480517,105394579,3085938,0.028446933
UNCID_2508162.5b8cde2d-a8bf-4f84-b4c4-9515a2b97226.sorted_genome_alignments.bam,92897638,89704718,3192920,0.034370303
UNCID_2508184.6f82f237-061e-47ae-a3fa-d03b6aeb1c1b.sorted_genome_alignments.bam,82068162,77173718,4894444,0.059638767
UNCID_2508189.05293acf-1896-4a84-af90-0fe7483bdb66.sorted_genome_alignments.bam,114338887,111480979,2857908,0.024995066
UNCID_2508224.a9559d4e-1403-4d7f-8638-d74d31dafcd3.sorted_genome_alignments.bam,92978036,87382033,5596003,0.06018629
UNCID_2508270.8baefcdb-0b95-4f4a-a7ba-3ee75c227bd1.sorted_genome_alignments.bam,108552921,105672784,2880137,0.0265321
UNCID_2508362.30325cae-b955-45a1-9803-84a42c37d130.sorted_genome_alignments.bam,113934376,111036448,2897928,0.025435063
UNCID_2508382.6f3f7f73-b031-424e-ba7c-263f802dd6cf.sorted_genome_alignments.bam,114387540,111506748,2880792,0.025184491
UNCID_2508478.9da50002-f2ba-4a66-8668-79386cf5ea4d.sorted_genome_alignments.bam,112037643,108675188,3362455,0.030011833
UNCID_2508740.530bf880-039e-490c-8a9d-a27bc9b3d918.sorted_genome_alignments.bam,145149477,138679077,6470400,0.044577494
UNCID_2508839.c221049a-13bf-46fa-a049-20b853ea4091.sorted_genome_alignments.bam,122445979,118041716,4404263,0.035969029
UNCID_2508883.22b6124f-dc14-4221-96a0-74cbc6236cf2.sorted_genome_alignments.bam,127453600,120460283,6993317,0.054869513
UNCID_2509107.ac19f7cf-670b-4dcc-a26b-db0f56377231.sorted_genome_alignments.bam,123875218,117249522,6625696,0.053486856
UNCID_2509242.9f7f1d89-bb49-435b-8db6-be036fb05c11.sorted_genome_alignments.bam,170859289,161073005,9786284,0.057276862
UNCID_2509249.a83eb224-df51-473d-8537-50c687b08576.sorted_genome_alignments.bam,157727375,150944252,6783123,0.043005363
UNCID_2509304.59d6c567-d73c-4572-ae55-385b9f0ed8bf.sorted_genome_alignments.bam,74123581,67750130,6373451,0.085984122
UNCID_2509367.52101d8f-f20a-45d8-aa74-720e5d830a5c.sorted_genome_alignments.bam,149423183,140684934,8738249,0.058479875
UNCID_2509389.19f9a411-236a-4e86-a636-65dfa3423d99.sorted_genome_alignments.bam,105278852,95805480,9473372,0.089983618
UNCID_2509435.4eb34863-1da8-4d8e-a1db-431d2e0de388.sorted_genome_alignments.bam,116295782,110341426,5954356,0.051200103
UNCID_2509536.d266c4c9-2a28-4220-a193-65b669b01646.sorted_genome_alignments.bam,141832142,135580028,6252114,0.04408108
UNCID_2509570.e1ab65b5-ee17-4e86-93aa-446c8f387ef1.sorted_genome_alignments.bam,111314143,107344378,3969765,0.035662719
UNCID_2509578.76894c83-5e3a-4d7c-b3e9-f7ef57e724a8.sorted_genome_alignments.bam,132249676,123598881,8650795,0.065412599
UNCID_2509678.5055524c-95b9-40d3-a373-401ce12ec223.sorted_genome_alignments.bam,127364323,123995775,3368548,0.026448129
UNCID_2509706.e5c5e3a7-7cca-4c65-b10d-17cc2a2a0291.sorted_genome_alignments.bam,136118628,130607911,5510717,0.040484665
UNCID_2509730.b7999182-43bb-4c38-a543-a0bc4dd5a3e3.sorted_genome_alignments.bam,142974161,139722555,3251606,0.022742613
UNCID_2509845.bd7c10f2-12d7-4405-a3bc-0809237dcb85.sorted_genome_alignments.bam,137033865,132943578,4090287,0.029848731
UNCID_2509857.dd08761a-17e5-4d03-820d-2ee5d8d6c2b8.sorted_genome_alignments.bam,114784967,104997670,9787297,0.085266366
UNCID_2509904.959e5067-014b-4a33-92d6-6827383efb00.sorted_genome_alignments.bam,129210419,122991341,6219078,0.048131397
UNCID_2509905.fe0ae39e-cbfd-416c-9485-036d0f77531f.sorted_genome_alignments.bam,116672056,112610677,4061379,0.034810212
UNCID_2510042.563461ba-d9db-4b4a-8e43-ef420422f6f1.sorted_genome_alignments.bam,157429346,151955240,5474106,0.034771827
UNCID_2510135.394c0fda-d609-4a29-a758-c3b984e50d1d.sorted_genome_alignments.bam,100872111,73791503,27080608,0.268464769
UNCID_2510308.b2a62b6a-4dd4-463a-8bdb-c9fb6d09f50e.sorted_genome_alignments.bam,148617451,143550983,5066468,0.034090667
UNCID_2510368.b6a5831d-1a97-49f1-8dbc-c833abb60a20.sorted_genome_alignments.bam,117332228,114291705,3040523,0.025913792
UNCID_2510389.3c670523-5f34-4518-bf25-cc0d725de814.sorted_genome_alignments.bam,128773749,125447430,3326319,0.025830723
UNCID_2510405.417805b3-9c10-4724-ab87-480c773f7d16.sorted_genome_alignments.bam,91895294,81389246,10506048,0.11432629
UNCID_2510415.1dac1d16-2bc6-44db-b05a-30e8f2fb703f.sorted_genome_alignments.bam,134473738,131071878,3401860,0.025297579
UNCID_2510506.9d09804a-304a-4f05-af84-af513c97f3ed.sorted_genome_alignments.bam,121443452,118091872,3351580,0.027597865
UNCID_2510604.e15e8747-ff36-464a-bfc1-2909a23bd0a3.sorted_genome_alignments.bam,111032510,108392101,2640409,0.023780504
UNCID_2511545.90e6e8a1-98b3-4f38-92ef-df460d78d657.sorted_genome_alignments.bam,137958807,131753098,6205709,0.044982333
UNCID_2511817.a5a9f82f-f3f4-47dc-9dcd-6b65c1c73a37.sorted_genome_alignments.bam,152886518,147191254,5695264,0.037251578
UNCID_2511828.6bda7fe9-c8e8-4f79-8e4b-015ca56760b0.sorted_genome_alignments.bam,112270771,108708239,3562532,0.031731607
UNCID_2511853.4523956c-5427-45e0-a640-cc5ce875b022.sorted_genome_alignments.bam,116038899,111198721,4840178,0.041711685
UNCID_2511897.f2282782-43ba-47a5-abba-1f412a2fc535.sorted_genome_alignments.bam,116414595,112586425,3828170,0.032883935
UNCID_2511939.a9321523-588e-40f2-95d2-2501fd1b23ee.sorted_genome_alignments.bam,131983968,125923099,6060869,0.045921252
UNCID_2511980.d3eb9aa5-5e03-4c8d-88be-461184059d53.sorted_genome_alignments.bam,114271069,102049476,12221593,0.106952644
UNCID_2512078.aa3e32f5-11ad-462a-aa5b-f477cfab3f4f.sorted_genome_alignments.bam,132417437,128906066,3511371,0.026517437
UNCID_2512086.7b0d0cd1-3770-4e1c-9a64-93e41825a3b7.sorted_genome_alignments.bam,136116581,131663309,4453272,0.032716602
UNCID_2512135.169bde29-467d-44b1-9260-6dc8cfb1e207.sorted_genome_alignments.bam,138560678,134927978,3632700,0.026217395
UNCID_2512179.86e691fc-c29d-402d-a393-8930a4f3fad9.sorted_genome_alignments.bam,170839501,166274532,4564969,0.026720805
UNCID_2512253.37106eb9-90ee-4468-aded-0709fa4bba47.sorted_genome_alignments.bam,127192673,121571908,5620765,0.04419095
UNCID_2512313.59551fc3-7885-44d9-bf8a-ffdd5bea8238.sorted_genome_alignments.bam,112642461,109229663,3412798,0.030297616
UNCID_2512483.5227e7fc-c7ed-4923-9597-ddae0ad29cb4.sorted_genome_alignments.bam,126170911,122144463,4026448,0.031912649
UNCID_2512492.69e3b16b-5515-416b-808a-0321a107e5c0.sorted_genome_alignments.bam,146434669,142428353,4006316,0.027359068
UNCID_2512540.347ce226-e621-4492-a821-c990b5ef4ff3.sorted_genome_alignments.bam,131803774,127523457,4280317,0.03247492
UNCID_2512579.001773a6-9cf3-48a1-8ea1-1f0da4991bc5.sorted_genome_alignments.bam,117308642,114352347,2956295,0.025200999
UNCID_2512581.8e339298-3e3c-4b31-96a9-a842e973e583.sorted_genome_alignments.bam,141536720,138048264,3488456,0.024647003
UNCID_2512657.1cbf20fc-9898-46da-98e4-1940201abee8.sorted_genome_alignments.bam,120771289,116045863,4725426,0.039127064
UNCID_2512683.2a0132e7-bd21-4c84-affb-c6f87120383c.sorted_genome_alignments.bam,119065824,115195570,3870254,0.032505163
UNCID_2512808.1f676139-c73f-49d7-95c1-f5f955a27669.sorted_genome_alignments.bam,124192471,120711970,3480501,0.028025056
UNCID_2512929.81b1e9c2-4184-42bd-86ac-a8452d7ca9ec.sorted_genome_alignments.bam,118601103,114800545,3800558,0.032044879
UNCID_2512951.fa2cdebd-8b7c-452a-8191-994ceeb1e763.sorted_genome_alignments.bam,128950151,123323113,5627038,0.043637312
UNCID_2512961.f0c8c214-fd54-48c4-b813-6da97d70126e.sorted_genome_alignments.bam,139699331,135803749,3895582,0.027885474
UNCID_2513317.b9ddaaef-028b-4db4-ad31-e70931bd8e44.sorted_genome_alignments.bam,140453235,135621711,4831524,0.034399521
UNCID_251682.TCGA-AP-A053-01A-21R-A00V-07.100903_UNC3-RDR300156_00028_FC_62ELKAAXX.3.trimmed.annotated.translated_to_genomic.bam,28462466,24603290,3859176,0.135588252
UNCID_2519494.87581ffc-502f-4085-ba3e-2bf877ce0b83.sorted_genome_alignments.bam,170042584,164604072,5438512,0.031983235
UNCID_2519495.ec1161d4-3438-49aa-a6c0-75b16ae96def.sorted_genome_alignments.bam,200527280,194609838,5917442,0.029509411
UNCID_2519524.15b039c0-f334-4221-b438-c859bb46cc26.sorted_genome_alignments.bam,161133907,153519266,7614641,0.047256603
UNCID_2519546.bac074d2-4e5b-4450-baee-749fc4a93c7a.sorted_genome_alignments.bam,155946758,150358635,5588123,0.035833531
UNCID_2519566.8a7c238f-3e35-4156-b84d-44a95f8653bc.sorted_genome_alignments.bam,156018889,149237392,6781497,0.043465872
UNCID_2519592.66635f8c-2731-4231-9b71-f68f7d5f8072.sorted_genome_alignments.bam,149100423,141521776,7578647,0.050829145
UNCID_2523288.7380308b-caff-4600-9688-96d6b0211229.sorted_genome_alignments.bam,102651939,95911886,6740053,0.065659286
UNCID_2523404.dcc755ce-b0bb-46d3-8947-ca4088c4739a.sorted_genome_alignments.bam,127377249,122965037,4412212,0.034638933
UNCID_2523455.dd4bf12f-d19c-44ac-b878-d328d6d89fb6.sorted_genome_alignments.bam,118958243,114139574,4818669,0.040507231
UNCID_2523456.881eb331-76e2-4997-9ab0-13d8139a34b3.sorted_genome_alignments.bam,147887395,143856826,4030569,0.027254311
UNCID_2523462.cf2d53e3-8307-451b-907e-9aec395e7bd1.sorted_genome_alignments.bam,139111230,135132659,3978571,0.028599927
UNCID_2523463.dc303791-5abb-44c5-b37c-a75db0453e49.sorted_genome_alignments.bam,137178655,132717920,4460735,0.032517705
UNCID_2523470.576e1faf-6b28-44a6-9a52-5767771c10e7.sorted_genome_alignments.bam,139492575,135511365,3981210,0.028540659
UNCID_2523476.50978124-047b-434d-8353-a2e51ea81741.sorted_genome_alignments.bam,148530139,144144841,4385298,0.029524634
UNCID_2523480.2e585fad-30bf-4670-a83f-f782647d0cfb.sorted_genome_alignments.bam,148432503,144618337,3814166,0.025696299
UNCID_2523484.5dd2e163-a317-405a-a15c-e9ab758f4ff1.sorted_genome_alignments.bam,149733116,142493869,7239247,0.048347668
UNCID_2523543.b17349d5-1773-47ca-8a25-ff3e303c722a.sorted_genome_alignments.bam,117076610,113266586,3810024,0.032542999
UNCID_2523553.f02226a6-3989-4f15-9490-ea2e83e2ffdc.sorted_genome_alignments.bam,170103653,165504303,4599350,0.027038514
UNCID_2523645.859f3a2e-27b0-4e2c-9c15-00a2a2f8085d.sorted_genome_alignments.bam,159830569,155873711,3956858,0.024756578
UNCID_2523649.22b3a2d9-3faa-4288-8ff9-6230e2cc8a28.sorted_genome_alignments.bam,156256387,149679669,6576718,0.042089275
UNCID_2523660.bd8c56fd-4fc3-4e5c-9a9e-dc225b319dd1.sorted_genome_alignments.bam,154934855,150348846,4586009,0.029599595
UNCID_2523716.de34133d-7ae3-4b56-ba23-612ab4dda87f.sorted_genome_alignments.bam,157191776,152442291,4749485,0.03021459
UNCID_2523935.3f0e1ac7-d72c-4490-b2b3-9bc82870c5ea.sorted_genome_alignments.bam,180847480,174735810,6111670,0.03379461
UNCID_2523993.08b8b058-9d4a-4b56-ae7a-78e64797acaf.sorted_genome_alignments.bam,153473310,148322058,5151252,0.033564481
UNCID_2524037.2ba00c12-7e22-4dec-bb54-604f65157b31.sorted_genome_alignments.bam,157126112,151929160,5196952,0.033075037
UNCID_2524079.bb1cc93d-af4e-4ef6-a787-778af409441a.sorted_genome_alignments.bam,170210585,163909877,6300708,0.037017134
UNCID_2524091.aca1bd2b-34c4-4efb-9c54-0f1a411307ba.sorted_genome_alignments.bam,183242549,175396992,7845557,0.042815149
UNCID_2524424.1430486f-bc85-4701-ac2c-c8f83d913f4d.sorted_genome_alignments.bam,174443307,168804950,5638357,0.032322002
UNCID_2525258.ebd092f9-2496-42cf-bd15-3a391a9310c4.sorted_genome_alignments.bam,99425743,95143235,4282508,0.043072426
UNCID_2526438.a59098ee-abee-46cc-af4a-cca9d501daec.sorted_genome_alignments.bam,111632835,107700602,3932233,0.035224699
UNCID_2527310.1433bc87-9337-48ec-a15d-a24ec06d3024.sorted_genome_alignments.bam,184301867,176946734,7355133,0.039908076
UNCID_2527433.6fcc3918-f4b0-42ab-b00c-027175606cbd.sorted_genome_alignments.bam,111660363,105528142,6132221,0.054918512
UNCID_2528055.63a3bd41-6a68-4eb5-ad4f-0fd05be97ac1.sorted_genome_alignments.bam,106551870,103073581,3478289,0.032644092
UNCID_2528664.11aba6d6-271d-4d59-a2be-8cbd88a48d40.sorted_genome_alignments.bam,100103597,97419303,2684294,0.02681516
UNCID_2528892.e67b53ac-771f-4b92-aad8-da78c97f4bcb.sorted_genome_alignments.bam,126926907,123342042,3584865,0.028243539
UNCID_2528971.be89bf4d-75f7-4596-9251-490976f7e254.sorted_genome_alignments.bam,123086445,117504048,5582397,0.045353467
UNCID_2529016.e819d2ae-9cfb-4256-a15c-23fbb3683ee7.sorted_genome_alignments.bam,119213851,115223809,3990042,0.033469618
UNCID_2529075.5cd9444b-4c4c-489a-b491-583da5510c80.sorted_genome_alignments.bam,109284471,106408877,2875594,0.026312924
UNCID_2529222.2649a2ec-8bb0-486e-9eec-ac9c76021b60.sorted_genome_alignments.bam,118288725,113767539,4521186,0.038221614
UNCID_2529808.a6369fb0-1ca6-4215-9f2b-f4e8647e6f5a.sorted_genome_alignments.bam,103271470,99705960,3565510,0.034525605
UNCID_2530128.8c8d5e98-023b-4496-a237-2632c609f627.sorted_genome_alignments.bam,108695193,104980915,3714278,0.034171502
UNCID_2530160.c49a7f2a-f7ef-419d-829a-0b3a9f915aad.sorted_genome_alignments.bam,115358241,112327012,3031229,0.026276658
UNCID_2530349.84e6718b-08c9-475d-906d-045e8f5477a0.sorted_genome_alignments.bam,118638864,114503215,4135649,0.034859142
UNCID_2530401.f36ef26a-5c56-422b-bcdf-4693615d026b.sorted_genome_alignments.bam,83746165,70826681,12919484,0.15426956
UNCID_2530433.b8dabef1-a207-4c40-bf80-d61ad7dbf571.sorted_genome_alignments.bam,114528374,110419395,4108979,0.035877389
UNCID_2530505.f86273ce-18c0-47f3-af69-2eac38089508.sorted_genome_alignments.bam,96138291,77062718,19075573,0.198418058
UNCID_2531122.d6580402-f691-479a-8b3c-582547b22b0c.sorted_genome_alignments.bam,119495900,115377116,4118784,0.034467994
UNCID_2531993.60f80712-30c2-4026-9853-9733f641c05f.sorted_genome_alignments.bam,139244165,132875393,6368772,0.045738161
UNCID_2532057.c2ed879b-972a-4748-a840-07aa1469b6ba.sorted_genome_alignments.bam,126537931,121635586,4902345,0.038742099
UNCID_2532147.b4468779-3068-40d2-809c-7b513d0a752f.sorted_genome_alignments.bam,165544077,159476130,6067947,0.03665457
UNCID_2532275.c8e08e13-b873-437d-94ac-fca3e6cb2e1e.sorted_genome_alignments.bam,114735455,111359663,3375792,0.029422396
UNCID_2532289.2f74efd5-31c7-45f3-93da-c77da554177e.sorted_genome_alignments.bam,110795295,96068025,14727270,0.132923244
UNCID_2532310.3407b825-5ee0-4f18-ba5c-64cf0893805a.sorted_genome_alignments.bam,106318698,104087755,2230943,0.020983543
UNCID_2532330.25e408b2-3a9c-4f25-b698-19d8f468acb7.sorted_genome_alignments.bam,148386687,137739475,10647212,0.071753149
UNCID_2532387.63d1a5fa-9b1d-49df-9e67-af0974d716d4.sorted_genome_alignments.bam,119108665,112999048,6109617,0.05129448
UNCID_2532394.7230e1be-559e-4aca-8fe1-fa5fb5e58f4c.sorted_genome_alignments.bam,126192178,122535727,3656451,0.028975259
UNCID_2532404.1c9629a6-1d26-4c25-8095-4273f8a942c2.sorted_genome_alignments.bam,180636660,175765629,4871031,0.026965905
UNCID_2532422.cdda0eaf-6d7e-4a18-a65b-1c9076fda5b6.sorted_genome_alignments.bam,152216325,148735279,3481046,0.022869071
UNCID_2532447.b5e66e97-14f7-4204-88ad-551abebe1c81.sorted_genome_alignments.bam,109097807,95510211,13587596,0.124545088
UNCID_2532497.76e1d88a-43db-40eb-a62c-40cb044a6f97.sorted_genome_alignments.bam,143623981,140245318,3378663,0.023524365
UNCID_2532550.a7a6a47b-9723-4d4a-9358-7c8d321d87ec.sorted_genome_alignments.bam,115130897,112190326,2940571,0.025541111
UNCID_2532558.070c0595-db35-461f-b23d-b6f4ce3c46da.sorted_genome_alignments.bam,131220871,126770113,4450758,0.033918065
UNCID_2532661.b3640fc0-40cc-43b2-8fa7-1f2726433fcf.sorted_genome_alignments.bam,137713230,128871419,8841811,0.064204514
UNCID_2532695.9b7668bd-adf2-49d1-add2-07c4556d809a.sorted_genome_alignments.bam,120466390,110223523,10242867,0.085026761
UNCID_2532702.88336d42-a31c-448f-a077-2608786c80fe.sorted_genome_alignments.bam,120480428,117198641,3281787,0.027239171
UNCID_2532768.7deedd8d-0ca5-4866-b609-d9bf903d33c8.sorted_genome_alignments.bam,149893135,144682641,5210494,0.034761392
UNCID_2532787.355d81ff-9689-4301-bd41-3df7403b533c.sorted_genome_alignments.bam,113176025,107966750,5209275,0.046028079
UNCID_2532857.38acdbd8-a886-47aa-8714-f5cdc5b28dbf.sorted_genome_alignments.bam,140368579,134445095,5923484,0.042199501
UNCID_2532901.0b4d3d84-3a54-4324-b74e-37acaea62fc7.sorted_genome_alignments.bam,143537283,136305762,7231521,0.050380785
UNCID_2532936.2b6aada1-b2d2-4e9d-ad36-3d8db464c813.sorted_genome_alignments.bam,125875193,116860415,9014778,0.071616796
UNCID_2533255.bff9c976-fbde-499d-8ffa-ec0cf369151d.sorted_genome_alignments.bam,235163248,228156611,7006637,0.029794779
UNCID_2533817.3b1e5231-a771-4674-9bfd-0fa69a2b9c9b.sorted_genome_alignments.bam,107291349,90278547,17012802,0.158566391
UNCID_2533978.6a4b2d99-bb3b-4147-85ac-35ab17e972a3.sorted_genome_alignments.bam,109068953,94283564,14785389,0.135560016
UNCID_2534071.8f0b105f-e2de-4433-bd6a-dd81cb6c0c93.sorted_genome_alignments.bam,89427712,80828227,8599485,0.0961613
UNCID_2534105.813130ba-6891-4b77-a846-94123127c812.sorted_genome_alignments.bam,106877734,96076509,10801225,0.101061508
UNCID_2534253.8a0299a7-52e5-46c3-b46a-f43ec4748b26.sorted_genome_alignments.bam,179760186,172208823,7551363,0.042007984
UNCID_2534277.1c666252-0438-4c4d-bbb8-99a06b90ab76.sorted_genome_alignments.bam,174856206,165787190,9069016,0.051865565
UNCID_2534286.06873136-901e-4987-8700-55a85ae939af.sorted_genome_alignments.bam,198201293,189902494,8298799,0.041870559
UNCID_2534428.cf38befb-6e5d-46fd-8998-4a6befaf3444.sorted_genome_alignments.bam,151966696,144377237,7589459,0.049941594
UNCID_2534853.6fa36fef-2408-48b9-be0d-3624a2066b3a.sorted_genome_alignments.bam,141251166,125543727,15707439,0.11120219
UNCID_2535027.020c941f-5fc2-4804-8de6-a20d2b5d6d60.sorted_genome_alignments.bam,126874498,118697475,8177023,0.064449697
UNCID_2535101.ef2acd8c-22e3-4c71-a8b3-87bb62befa65.sorted_genome_alignments.bam,126642217,122200745,4441472,0.035071022
UNCID_2535118.17f88e17-e1ff-43eb-b97f-55f562c786f1.sorted_genome_alignments.bam,144402821,133125876,11276945,0.078093661
UNCID_2535736.3ec8356c-b035-44a5-8f51-8aad764da4ac.sorted_genome_alignments.bam,117170071,96896977,20273094,0.173022802
UNCID_2535773.613d32ad-0ac5-461f-99eb-83fdbd200076.sorted_genome_alignments.bam,178877450,171924519,6952931,0.038869802
UNCID_2536004.7e2c1a80-8fea-4341-b7e2-4e97191078ca.sorted_genome_alignments.bam,122911391,110574227,12337164,0.100374456
UNCID_2536106.aae660ac-0442-46d1-ae42-fe007cb14cb7.sorted_genome_alignments.bam,113260582,101423692,11836890,0.104510235
UNCID_2536241.2d48d8a6-2bb0-45d7-a87e-4d2959a33b2b.sorted_genome_alignments.bam,159684720,150825570,8859150,0.055479009
UNCID_2536443.ac171614-a8cb-42eb-ab5c-84964727866d.sorted_genome_alignments.bam,127383157,112063081,15320076,0.120267674
UNCID_2536494.9f1ac770-6106-40f8-9f7e-2538d1b3336a.sorted_genome_alignments.bam,133586528,121917663,11668865,0.087350612
UNCID_2536534.bd5dc5da-bd55-45d8-a045-93d99b737f0a.sorted_genome_alignments.bam,126662856,121861613,4801243,0.03790569
UNCID_2536564.6a8ffc5d-444e-4864-bafd-ddf1ef900ef0.sorted_genome_alignments.bam,110157764,105635398,4522366,0.041053538
UNCID_2536590.35c73123-2cca-4a05-a5ff-a7897065355b.sorted_genome_alignments.bam,138075500,132241568,5833932,0.042251754
UNCID_2536705.a8aea83d-802a-48b3-aea2-65e78fefc9b0.sorted_genome_alignments.bam,123264023,119561116,3702907,0.030040452
UNCID_2536800.7593746a-940c-4867-97b7-35fbe564d57d.sorted_genome_alignments.bam,159977075,150601515,9375560,0.058605647
UNCID_2536813.c86cac86-41e9-453c-9de5-83d506990256.sorted_genome_alignments.bam,137392703,131142962,6249741,0.045488158
UNCID_2536846.fb71ca5f-3349-488f-95e9-772028da98c1.sorted_genome_alignments.bam,165429718,159149124,6280594,0.037965331
UNCID_2536905.ac2b7bb6-0d88-49ab-8812-2cb71acec8bf.sorted_genome_alignments.bam,124751195,115094246,9656949,0.077409671
UNCID_2536906.81fd0745-ced7-4eab-adeb-0588634e1fae.sorted_genome_alignments.bam,161275247,152357110,8918137,0.055297618
UNCID_2537125.6d6c5a87-0773-418f-ae97-52e1cec8b8b1.sorted_genome_alignments.bam,139442414,135050084,4392330,0.03149924
UNCID_2537290.015b2409-ca2e-4141-8266-fe619793761c.sorted_genome_alignments.bam,125911217,121630015,4281202,0.034001752
UNCID_2537327.c2d180ee-5ca5-47bd-876f-f82831085da4.sorted_genome_alignments.bam,119850194,114103051,5747143,0.047952722
UNCID_2537517.f53d3bb4-4d10-4321-b41b-87fed60e6fc1.sorted_genome_alignments.bam,130710431,126006371,4704060,0.035988406
UNCID_2537732.df40ecd0-42b7-45be-9789-098cc3c85f34.sorted_genome_alignments.bam,128532693,125213756,3318937,0.025821734
UNCID_2537755.f5475a42-4520-4124-9ace-8c0ed9eabefb.sorted_genome_alignments.bam,134068484,129509753,4558731,0.034003003
UNCID_2537993.f322aedd-a561-4b14-b2e3-f60087b705f7.sorted_genome_alignments.bam,139913417,136338293,3575124,0.025552403
UNCID_2538020.0e8deabe-78a0-4960-8dc0-1afb483f409d.sorted_genome_alignments.bam,119677151,115147875,4529276,0.037845787
UNCID_2538084.8612349c-596c-4938-92c8-79b8919f5bd6.sorted_genome_alignments.bam,119414972,114976444,4438528,0.037168941
UNCID_2538134.804a719b-f3a3-44d4-95e3-13578b99706a.sorted_genome_alignments.bam,138678187,133198177,5480010,0.03951602
UNCID_2538142.51dfbd25-fa30-4ac5-b375-fde6ddbaa151.sorted_genome_alignments.bam,121884849,116492487,5392362,0.044241446
UNCID_2538242.59012a78-0e8f-4b99-af97-0dbb1d3d0513.sorted_genome_alignments.bam,121253649,115661944,5591705,0.046115767
UNCID_2538263.c720ac3f-9cb8-4a5c-aa7a-0fb852e11360.sorted_genome_alignments.bam,117004023,114246013,2758010,0.023571925
UNCID_2538380.74414dbc-deae-4350-a11d-faa265c96715.sorted_genome_alignments.bam,127559426,121545098,6014328,0.047149224
UNCID_2538471.862a5b7e-42b8-45de-a0fd-0f52263ee97c.sorted_genome_alignments.bam,134694554,113213381,21481173,0.159480635
UNCID_2538506.bef017dc-614b-4e50-9bb1-1ef9cbc4733b.sorted_genome_alignments.bam,143866763,136084905,7781858,0.054090728
UNCID_2538528.b129c3f7-a2ff-40ba-91b0-a9c96f1e2b00.sorted_genome_alignments.bam,123238218,111710962,11527256,0.093536374
UNCID_2538606.be27b78a-f543-497a-96d8-44e21898b502.sorted_genome_alignments.bam,149957889,142708352,7249537,0.048343819
UNCID_2538686.1a5ca572-92cb-482d-a04b-65aa519c9fde.sorted_genome_alignments.bam,164459034,160344340,4114694,0.025019568
UNCID_2538762.50c214e8-6c8a-45c2-8f64-6aa3256f639b.sorted_genome_alignments.bam,121361390,109371441,11989949,0.098795416
UNCID_2538894.e68d3264-a868-4857-8b75-4b49207b2298.sorted_genome_alignments.bam,138447849,123775632,14672217,0.105976489
UNCID_2539120.f3b11290-409e-442e-acd8-a68a3e52fe24.sorted_genome_alignments.bam,125758068,117808263,7949805,0.063215069
UNCID_2539174.6e57fc3b-7e9d-4a9b-a1e7-77d4435c5b72.sorted_genome_alignments.bam,132022087,126248716,5773371,0.043730342
UNCID_2539256.c6f6c556-9f0a-4f1d-96ca-08af287acbfe.sorted_genome_alignments.bam,171240490,164894809,6345681,0.037057129
UNCID_2539336.f147b580-725f-401a-ad5f-9baabe99aac9.sorted_genome_alignments.bam,128902038,117307971,11594067,0.089944792
UNCID_2539372.55d4ea6c-f934-495e-9c48-e867bd7983d3.sorted_genome_alignments.bam,110919179,106819147,4100032,0.036964139
UNCID_2539573.6a611e83-7aae-4d07-9a09-dbb1b3e2aadf.sorted_genome_alignments.bam,147340945,140886155,6454790,0.043808529
UNCID_2539665.07f7b453-5716-466f-affd-74a24c4d5c53.sorted_genome_alignments.bam,131793694,121443089,10350605,0.078536421
UNCID_2539695.ab14829c-defd-41b9-b35d-2876049cb46b.sorted_genome_alignments.bam,139969456,135008593,4960863,0.035442468
UNCID_2539736.b7db14a4-5268-44e5-aed1-7200c6c82a2d.sorted_genome_alignments.bam,111302235,102873380,8428855,0.075729432
UNCID_2539824.22023637-13d9-45d0-9641-0a6bf3eb9e53.sorted_genome_alignments.bam,91749943,73842632,17907311,0.195175173
UNCID_2539893.9e3a09b0-267d-4ea4-9180-1ffa3b1d8159.sorted_genome_alignments.bam,156915584,148489242,8426342,0.053699842
UNCID_2539904.eee95aed-9ab0-42cf-80ca-f8bd5e994037.sorted_genome_alignments.bam,125309209,117982972,7326237,0.058465272
UNCID_2539944.dee47fe6-4c8e-4801-abae-d3a03be1ea8e.sorted_genome_alignments.bam,121422580,116485646,4936934,0.04065911
UNCID_2540197.c1067d6d-aaa2-4d8b-b243-6bb625980a4b.sorted_genome_alignments.bam,144235011,138031558,6203453,0.043009343
UNCID_2540223.2ecf5221-4137-4793-8717-943087045547.sorted_genome_alignments.bam,119362685,107154482,12208203,0.10227822
UNCID_2540783.885e59fd-b9e5-4c5a-85cc-c979232b1e77.sorted_genome_alignments.bam,144106823,138409702,5697121,0.039534013
UNCID_2540886.291236cf-5510-489b-bcc4-ba5d2ecd647e.sorted_genome_alignments.bam,134026247,127680080,6346167,0.047350181
UNCID_2540948.f89496fe-9413-4038-8e9c-c586ae83d0e1.sorted_genome_alignments.bam,122195682,114784751,7410931,0.06064806
UNCID_2541633.a16a9fdf-3aa3-431b-a680-082e1bde6aab.sorted_genome_alignments.bam,141832928,133229712,8603216,0.060657395
UNCID_2542066.89dda655-46b4-4415-b2aa-48afc708c774.sorted_genome_alignments.bam,126223110,121355573,4867537,0.038562962
UNCID_2542092.8fa61a97-acaa-4d5d-bc19-b1767afa356a.sorted_genome_alignments.bam,168956975,161286855,7670120,0.045396883
UNCID_2542116.9c08d387-1d4f-4aee-a985-04cb01fc2b07.sorted_genome_alignments.bam,169714453,164186720,5527733,0.032570785
UNCID_2542222.8077c0b3-255d-437e-969d-c1b588edc28d.sorted_genome_alignments.bam,107564813,99144286,8420527,0.078283286
UNCID_2542291.52592aa6-979e-4671-bc5a-4c6d31c3e8e1.sorted_genome_alignments.bam,182138721,173888976,8249745,0.045293746
UNCID_2542334.9a66e6e2-7888-47c8-9655-9952d9ac546f.sorted_genome_alignments.bam,148257302,143256269,5001033,0.033732119
UNCID_2542398.d3e970b2-7551-4fef-9473-867bb8c4e09d.sorted_genome_alignments.bam,82034554,73274835,8759719,0.106780845
UNCID_2542558.0c23ff84-4469-485b-b3fd-2298cd6c8e42.sorted_genome_alignments.bam,125979867,115827163,10152704,0.080589893
UNCID_2542757.3a644871-42e4-44b0-901e-512596a018b1.sorted_genome_alignments.bam,202727304,193102664,9624640,0.047475795
UNCID_2542823.8b6e8309-2206-4269-8b92-0f42702cbc3d.sorted_genome_alignments.bam,117816837,111818829,5998008,0.0509096
UNCID_2542865.f6677842-9fa2-4d4e-8ef1-06610311eecd.sorted_genome_alignments.bam,162140608,155852170,6288438,0.038783856
UNCID_2542908.81741a67-7bfd-46c5-8784-a4c87eb71c5e.sorted_genome_alignments.bam,152077422,146522981,5554441,0.036523771
UNCID_2542925.b9b42bfa-2222-4d21-a163-02f767c4db38.sorted_genome_alignments.bam,134921529,129014089,5907440,0.043784265
UNCID_2543135.57162746-b63a-4560-aea4-a933e0051c63.sorted_genome_alignments.bam,139811657,133122686,6688971,0.047842727
UNCID_2543274.7dedcae7-dff0-4df0-9075-f368be9cb60b.sorted_genome_alignments.bam,133825619,119425312,14400307,0.107605009
UNCID_2543368.699c7545-9b63-4b7d-9f65-fc538ac31ff3.sorted_genome_alignments.bam,131907548,128085733,3821815,0.028973437
UNCID_2543423.95e1065f-3bd1-4249-b896-e8835c856582.sorted_genome_alignments.bam,165615437,150472658,15142779,0.091433379
UNCID_2543462.7bb15e31-2b7d-4926-b78a-0d2aa7bddd78.sorted_genome_alignments.bam,131198770,123764654,7434116,0.056663001
UNCID_2543734.012cd145-9f6c-4b79-b929-3f42f61e3dce.sorted_genome_alignments.bam,130430615,126161958,4268657,0.032727416
UNCID_2543772.cf410999-4cac-4f7b-9062-bfd807c50355.sorted_genome_alignments.bam,120086984,115813234,4273750,0.035588786
UNCID_2543809.1d507dd2-bb72-4305-a858-68fccae00d5e.sorted_genome_alignments.bam,129575082,125132485,4442597,0.03428589
UNCID_2543820.b0ada585-0834-406b-b02c-b06c171882ff.sorted_genome_alignments.bam,124046683,119137755,4908928,0.039573231
UNCID_2543881.0431cd43-2dd6-4319-8017-6ed8b8e77dc0.sorted_genome_alignments.bam,117241357,113821324,3420033,0.029170875
UNCID_2544030.41df36db-590f-4410-8d1d-b9afbbc9cecc.sorted_genome_alignments.bam,134706907,130365220,4341687,0.032230619
UNCID_2544221.9192d03e-87ee-424a-90fa-7e66c3b6abe3.sorted_genome_alignments.bam,108416318,100642088,7774230,0.071707194
UNCID_2544268.d3b1d5c8-a823-4630-a160-599bc0d5fb9a.sorted_genome_alignments.bam,139008073,126361129,12646944,0.090979925
UNCID_2544348.f279c9db-8b02-4df1-883c-28373ec10636.sorted_genome_alignments.bam,116205542,111976390,4229152,0.03639372
UNCID_2544428.47693d34-5110-4db6-a014-bf44f9d504ea.sorted_genome_alignments.bam,101496065,98977626,2518439,0.024813169
UNCID_2544572.86b73cdf-678a-44f3-bd59-a4ed632275d4.sorted_genome_alignments.bam,112037707,108403574,3634133,0.032436696
UNCID_2544604.88cb8b2c-9d76-4b91-bbca-5e62e251e3d6.sorted_genome_alignments.bam,108285117,105145909,3139208,0.028990207
UNCID_2544611.f8848290-1eef-41d6-ac1a-cd1bc5008a0d.sorted_genome_alignments.bam,118990002,109021239,9968763,0.083778156
UNCID_2544641.260052d2-286c-4da3-9027-fda92a9d7569.sorted_genome_alignments.bam,115527531,111954408,3573123,0.030928758
UNCID_2544663.e6f00a53-b2f8-47c0-9c5f-8670a69deaaa.sorted_genome_alignments.bam,110123921,105456210,4667711,0.042385986
UNCID_2544667.7fcaf94a-80bf-4879-a24b-2ec834ffba8c.sorted_genome_alignments.bam,125542268,122156775,3385493,0.026966957
UNCID_2544702.5cfa74de-919c-4c0a-9f17-d609268723d6.sorted_genome_alignments.bam,127653904,123607795,4046109,0.031695928
UNCID_2544804.e189bbc1-0308-4f79-b296-01c4b38b8919.sorted_genome_alignments.bam,115376809,112934467,2442342,0.021168396
UNCID_2544840.4d4cc53b-06d2-4baa-bf1c-03f9509e422c.sorted_genome_alignments.bam,114935825,108688285,6247540,0.054356768
UNCID_2544974.949b3248-f078-43cc-b6d8-39e9eabf88f1.sorted_genome_alignments.bam,140479430,136396523,4082907,0.029064091
UNCID_2545048.c5f00487-d24a-46fc-9f15-f7fc22e28e0b.sorted_genome_alignments.bam,122688380,114009014,8679366,0.070743179
UNCID_2545080.a9eb4088-1eb0-47ac-867b-df97fbeb318c.sorted_genome_alignments.bam,126004474,116936800,9067674,0.071963111
UNCID_2545086.1094851a-de93-4efd-9483-83a36189a0bc.sorted_genome_alignments.bam,222114940,215326297,6788643,0.030563649
UNCID_2545180.faddc64d-e125-4a53-a37c-b4e615ae9df9.sorted_genome_alignments.bam,141398060,126491159,14906901,0.105425074
UNCID_2545359.bdf3914e-37f0-4dc2-a246-b22c6ee15f81.sorted_genome_alignments.bam,119092149,114641414,4450735,0.037372195
UNCID_2545475.20c1d8e8-3bb4-4d6b-ae70-659cf0ea07de.sorted_genome_alignments.bam,108979403,103213473,5765930,0.052908438
UNCID_2545505.183e007a-dd95-4907-a19f-410a2da7f39b.sorted_genome_alignments.bam,183054341,176940844,6113497,0.03339717
UNCID_2545513.7bd745b4-8009-4841-b775-1d8c4942591c.sorted_genome_alignments.bam,161932593,156291093,5641500,0.03483857
UNCID_2545573.7046aa00-ff84-4ff4-9157-63b3b1d898df.sorted_genome_alignments.bam,128801643,125154157,3647486,0.028318629
UNCID_2545613.3ae4a552-7df5-4a6b-a9c6-069cc96e7448.sorted_genome_alignments.bam,160468038,152826281,7641757,0.047621677
UNCID_2545732.86fcf82f-c97c-4f01-998d-8e6f389438d5.sorted_genome_alignments.bam,151916934,144610211,7306723,0.04809683
UNCID_2545963.50731ae0-4466-47c1-9e65-42227a3fc252.sorted_genome_alignments.bam,196163719,185680415,10483304,0.053441605
UNCID_2546139.24863244-1cee-4da9-b730-742a0269ee58.sorted_genome_alignments.bam,138231857,129425404,8806453,0.06370784
UNCID_2547884.11dbf166-e0e8-4183-bd7f-465ed95deba2.sorted_genome_alignments.bam,95364998,80822410,14542588,0.152493979
UNCID_2547912.b6e6842a-3e5d-43ac-ac7f-e983b0614d76.sorted_genome_alignments.bam,85742761,60775935,24966826,0.291182902
UNCID_2547930.dcf7eb63-242a-4a7f-9986-1eb75227b9cd.sorted_genome_alignments.bam,94332449,77758946,16573503,0.175692492
UNCID_2547968.a790f7ac-9316-4ce4-983a-16d1c3513960.sorted_genome_alignments.bam,109533891,86160926,23372965,0.213385691
UNCID_2547983.5a1b46dc-3819-4e1b-b5e6-a4240da025a8.sorted_genome_alignments.bam,130811099,113369983,17441116,0.133330552
UNCID_2548003.a7c9b6b2-0654-446b-90f3-4ec3cf181e3b.sorted_genome_alignments.bam,126900500,111885125,15015375,0.118324002
UNCID_2548025.8e9f2a41-dddc-4761-8883-ca58f5934d5f.sorted_genome_alignments.bam,125204893,120900782,4304111,0.03437654
UNCID_2548028.a432d310-ef23-415e-bfb9-d0110ecd418c.sorted_genome_alignments.bam,145076436,131740549,13335887,0.091923178
UNCID_2548051.919d8bde-c3b7-4cd9-8463-938afdb89ad7.sorted_genome_alignments.bam,118123654,110843451,7280203,0.06163205
UNCID_2548055.96045fce-b112-4125-8be3-bb998a8e98c0.sorted_genome_alignments.bam,153950665,145021151,8929514,0.058002439
UNCID_2548057.248868a4-376a-41fa-869f-e2bfedc14f42.sorted_genome_alignments.bam,144909731,129972697,14937034,0.103078198
UNCID_2548100.20584a83-28a9-46f0-b9f6-90facf34c76e.sorted_genome_alignments.bam,150216519,133462829,16753690,0.111530277
UNCID_2548108.c36ca54a-8e53-414a-905f-bc777f892a76.sorted_genome_alignments.bam,161671327,152446790,9224537,0.057057347
UNCID_2548123.f0b52bcf-d7b4-4daa-82bb-e13e2d753be9.sorted_genome_alignments.bam,160455616,155095702,5359914,0.03340434
UNCID_2548132.ffff66b2-a9ac-46ba-93c8-11f6a637e16c.sorted_genome_alignments.bam,152237216,145938762,6298454,0.04137263
UNCID_2548133.68f8a449-b41e-471d-b82c-bc5f309f6b8e.sorted_genome_alignments.bam,168976153,143194241,25781912,0.152577222
UNCID_2548191.7355574a-71bd-48a1-adaa-1390d173fca3.sorted_genome_alignments.bam,151508152,137404009,14104143,0.093091644
UNCID_2548233.c7721620-0a0f-47b6-9901-b5c2ded85b15.sorted_genome_alignments.bam,151262027,146901656,4360371,0.028826607
UNCID_2548274.0b2cbe7c-8392-4072-95af-9ded20aa3888.sorted_genome_alignments.bam,192944489,185030129,7914360,0.041018845
UNCID_2548332.5f6c1690-7f39-4fbb-bee2-266c6f6fc307.sorted_genome_alignments.bam,187587482,173805500,13781982,0.073469625
UNCID_2548483.342a4721-d5b0-487f-a2a7-a8ef6b7a924c.sorted_genome_alignments.bam,74274091,67474362,6799729,0.091549138
UNCID_2548928.185beb02-4b0d-457c-8eee-4e4c51362feb.sorted_genome_alignments.bam,161272083,155271521,6000562,0.037207692
UNCID_2552631.03bceee5-96ca-49f6-af6b-ce54eea549c0.sorted_genome_alignments.bam,114674434,104263937,10410497,0.090783069
UNCID_2552632.97e5882f-3128-4459-a965-ad78ac2a80b5.sorted_genome_alignments.bam,121355680,114288117,7067563,0.058238419
UNCID_2552641.57511dd9-3408-4595-9a86-82c5f6b3268b.sorted_genome_alignments.bam,133946949,111619190,22327759,0.166691061
UNCID_2552643.54486038-2cb9-48e7-a3ca-d6b02fb5f807.sorted_genome_alignments.bam,87861907,84278036,3583871,0.040789816
UNCID_2552646.ddfdcd45-0d1c-4efd-89a4-2fe6bc789bfe.sorted_genome_alignments.bam,131882636,122549084,9333552,0.070771652
UNCID_2552652.99d6fe5c-a560-4df9-b85d-3d657d9be33e.sorted_genome_alignments.bam,119892433,103837565,16054868,0.133910603
UNCID_2552658.46f45cc1-9766-4233-8b17-e2345bde7ce5.sorted_genome_alignments.bam,144715613,131772369,12943244,0.089439168
UNCID_2553059.098382bd-486c-45fe-bdf9-b6b92a595951.sorted_genome_alignments.bam,116535757,100473937,16061820,0.137827397
UNCID_2553060.c63ade29-1f1b-4290-8c2f-8d63fa96616c.sorted_genome_alignments.bam,119611063,109011339,10599724,0.088618258
UNCID_2553061.db124b32-7740-4920-8cf9-97ca3aca61ed.sorted_genome_alignments.bam,122867938,117177419,5690519,0.046314108
UNCID_2553062.abd6f1e5-2772-4baf-809b-58209f8d525f.sorted_genome_alignments.bam,128013620,113467828,14545792,0.113626909
UNCID_2553063.6704e7a7-975f-424d-976b-69f8db50f05f.sorted_genome_alignments.bam,122554498,113890190,8664308,0.070697593
UNCID_2553064.48bf0721-8852-4ef3-b1cf-307588188d45.sorted_genome_alignments.bam,130739065,123063015,7676050,0.05871275
UNCID_2553065.25aa5be1-62ec-4bd7-9509-bafbcd1adddb.sorted_genome_alignments.bam,124301883,110180460,14121423,0.113605865
UNCID_2553066.5b6e785c-d463-424e-a875-30c670e8b7e1.sorted_genome_alignments.bam,135181448,123609514,11571934,0.085602974
UNCID_2553067.01c6644f-c721-4f5e-afbc-c220218941d8.sorted_genome_alignments.bam,144235181,135856429,8378752,0.058090904
UNCID_2553068.3baf5546-99d9-417b-97bb-e00dda7ebcdd.sorted_genome_alignments.bam,140398827,131614655,8784172,0.06256585
UNCID_2553069.190b146c-1fb5-43dc-a1da-37eab64cf84f.sorted_genome_alignments.bam,140916160,135231023,5685137,0.04034411
UNCID_2553070.4a21ef3b-2d39-4588-8763-d2c26254932a.sorted_genome_alignments.bam,148891894,139399651,9492243,0.063752584
UNCID_2553071.cab8720a-5ee4-48da-aae3-6b426e5348dc.sorted_genome_alignments.bam,152131719,145200057,6931662,0.045563555
UNCID_2553072.650ccbe7-979d-4007-8782-924b39f67272.sorted_genome_alignments.bam,156806193,148980161,7826032,0.049908947
UNCID_2553073.d99b331d-7994-4fff-b91f-2ab1e933660c.sorted_genome_alignments.bam,165687737,157255140,8432597,0.050894515
UNCID_2553535.e860c29e-5d8d-4aee-b631-f55664403bdc.sorted_genome_alignments.bam,112894785,98461979,14432806,0.127842982
UNCID_2553662.ebf56b30-bfce-4782-a66c-84b8e054fd2a.sorted_genome_alignments.bam,158353611,143927761,14425850,0.091098965
UNCID_2553714.c7636fd5-9a24-4035-b6bd-beddb590a4ee.sorted_genome_alignments.bam,152984818,142537787,10447031,0.068288025
UNCID_2555167.25a2da7a-d1a3-4c08-9158-41d70772a5f0.sorted_genome_alignments.bam,135787331,130966884,4820447,0.035499976
UNCID_2555181.0057f9f7-779b-4914-8290-abbad2a0d81e.sorted_genome_alignments.bam,140693655,123140948,17552707,0.124758341
UNCID_2555253.11c4219b-60ec-4730-9ea4-5d7922a7bb6c.sorted_genome_alignments.bam,194748865,180532439,14216426,0.072998762
UNCID_2555837.10d765a5-8f18-45ef-b218-4784efe1ade0.sorted_genome_alignments.bam,128402207,118603276,9798931,0.07631435
UNCID_2558086.5eb217b7-bf79-475d-8476-a66670ad9ed2.sorted_genome_alignments.bam,65892798,40383718,25509080,0.387130017
UNCID_2559106.4684fde1-545e-4ae3-a987-c736772d0cf8.sorted_genome_alignments.bam,149467420,133763776,15703644,0.105063993
UNCID_2559316.c8d6068e-338c-4d0e-b956-07dc2e5906fe.sorted_genome_alignments.bam,114159191,103977035,10182156,0.089192608
UNCID_2559627.9b173f02-ee88-4b4e-bbce-40e30a7eb229.sorted_genome_alignments.bam,123136391,101817561,21318830,0.17313184
UNCID_2559749.5eba7c31-9866-41d9-a9b3-d4b80ee7f631.sorted_genome_alignments.bam,146573862,130451576,16122286,0.109994277
UNCID_2559826.0ea136b8-d90d-4614-b77b-301e77f84598.sorted_genome_alignments.bam,130801773,122463482,8338291,0.063747538
UNCID_2559827.2f479383-aae6-4537-8230-d095722078be.sorted_genome_alignments.bam,143267568,132008478,11259090,0.078587849
UNCID_2559857.fd80bdb7-d293-49e0-8b72-0dd50fbeaac1.sorted_genome_alignments.bam,162177059,149449132,12727927,0.078481674
UNCID_2559876.1273ee99-65c0-4eb7-a083-429f3316f099.sorted_genome_alignments.bam,148580366,140080542,8499824,0.057206913
UNCID_2559939.b43d4426-a4be-4b4d-9615-14e4b0c043f7.sorted_genome_alignments.bam,164933071,156824547,8108524,0.049162512
UNCID_2559959.f058f6e2-2e68-4ae5-97ab-32bad4c51a4b.sorted_genome_alignments.bam,175267847,162934826,12333021,0.070366706
UNCID_2560009.6b3487fa-abd6-4b9a-8e6e-6897b8461e46.sorted_genome_alignments.bam,162627310,156515686,6111624,0.037580552
UNCID_2560026.78bff220-61fb-4bcf-9520-6c8f287cdf0e.sorted_genome_alignments.bam,170404254,163634717,6769537,0.039726338
UNCID_2560183.b4dbcc0c-750f-4787-8c32-5a50cdb2b27c.sorted_genome_alignments.bam,100123195,93859503,6263692,0.062559849
UNCID_2560195.52721a41-bb67-4e05-b718-18315be16624.sorted_genome_alignments.bam,93312980,87062152,6250828,0.066987765
UNCID_2560246.918a606c-3b19-4292-862c-f8437d00ab00.sorted_genome_alignments.bam,112456568,98800117,13656451,0.121437558
UNCID_2560280.dfd27367-2e2a-4aff-80da-a9ec4a445370.sorted_genome_alignments.bam,111416090,107430816,3985274,0.035769286
UNCID_2560486.9d7ac93a-ca45-44ed-a326-5e404e0d3b85.sorted_genome_alignments.bam,143070380,139364795,3705585,0.025900434
UNCID_2560503.23c5df47-2ae6-49e0-b34c-92d348a5e87f.sorted_genome_alignments.bam,150576065,145019184,5556881,0.036904145
UNCID_2560604.1fb2c97b-ed35-45f6-a7bb-ad55ad668d1f.sorted_genome_alignments.bam,154986480,149045207,5941273,0.038334137
UNCID_2560636.4f64d057-a632-4a38-a9fe-977a194bcd34.sorted_genome_alignments.bam,173815967,161650186,12165781,0.06999231
UNCID_2560703.2f773549-6729-45df-9d58-485eb019cde9.sorted_genome_alignments.bam,163268123,156914407,6353716,0.038915839
UNCID_2560841.f7f581cf-3c93-4eaf-9f10-299006f058ce.sorted_genome_alignments.bam,174228654,169200994,5027660,0.028856677
UNCID_2560877.73365a17-8e4c-4148-b188-6194b4e1ba1d.sorted_genome_alignments.bam,148811668,144097267,4714401,0.031680318
UNCID_2560889.152c3c10-0e7f-4294-aa47-499777063161.sorted_genome_alignments.bam,133103859,126824085,6279774,0.047179504
UNCID_2560990.ed0e63e3-376b-4da0-9e8d-e5b65f47a893.sorted_genome_alignments.bam,82708358,78680018,4028340,0.048705356
UNCID_2561032.316b3a1a-89a5-4cff-9528-34f564af605d.sorted_genome_alignments.bam,169630624,164084908,5545716,0.032692894
UNCID_2561114.8ced943b-3651-491b-8f4c-059f711d777f.sorted_genome_alignments.bam,169937851,165144643,4793208,0.028205653
UNCID_2561197.6baea984-3379-4da4-9813-4f3b808f1b3a.sorted_genome_alignments.bam,143042670,134258021,8784649,0.061412787
UNCID_2561236.64e46b25-e5e0-498b-8e4e-6f2378532152.sorted_genome_alignments.bam,87873423,77812472,10060951,0.114493673
UNCID_2561340.763a76b6-9065-4a53-8c9e-e39580d908d9.sorted_genome_alignments.bam,129114387,105670762,23443625,0.181572523
UNCID_2561486.ef0a3517-f30b-4631-a594-1ae81f66e6e0.sorted_genome_alignments.bam,107724701,99808795,7915906,0.073482738
UNCID_2561707.d84a825f-9ea4-4642-95cd-8c7b9f1e1f2c.sorted_genome_alignments.bam,143938658,121182878,22755780,0.158093596
UNCID_2561710.5282f669-d5f4-4545-bf0d-b2e2927b4255.sorted_genome_alignments.bam,77733720,70035397,7698323,0.099034537
UNCID_2561881.8cda2390-3a6c-422e-b827-5c62c015f020.sorted_genome_alignments.bam,154003871,145332484,8671387,0.056306292
UNCID_2561913.b5bda3f8-1a43-4847-88b6-6a17ce11d29b.sorted_genome_alignments.bam,126335152,117531715,8803437,0.069683195
UNCID_2561934.2efa5115-b02b-4a85-ae82-3054cd3d646a.sorted_genome_alignments.bam,123752031,117211504,6540527,0.052851876
UNCID_2562047.34787f03-da7e-4f3e-b33f-73b1bf51fb74.sorted_genome_alignments.bam,138551232,125659073,12892159,0.093049761
UNCID_2562248.de645724-4408-4771-9814-cdeffec79758.sorted_genome_alignments.bam,148653588,126286163,22367425,0.150466768
UNCID_2562325.c1bc5e85-db3f-41a5-bcfc-32f9c7b5cfee.sorted_genome_alignments.bam,133587346,125931097,7656249,0.057312681
UNCID_2562367.0a0fb835-dda7-464d-b83c-a2bd68402c6b.sorted_genome_alignments.bam,137014095,128081444,8932651,0.065195125
UNCID_2562450.5d5091c3-27b2-4152-a5b2-64bc7fd16942.sorted_genome_alignments.bam,128798586,124402555,4396031,0.03413105
UNCID_2562524.c03a3f09-9bed-4efe-8d8a-ac4624d5fa2c.sorted_genome_alignments.bam,140741168,136451218,4289950,0.030481131
UNCID_2562578.72a3ee9c-134d-4338-8287-c0fd9dc493ff.sorted_genome_alignments.bam,152297841,141785063,10512778,0.069027755
UNCID_2562630.284f7003-5c83-48c7-84b5-f08d4875cbb1.sorted_genome_alignments.bam,163477973,156655924,6822049,0.041730692
UNCID_2562663.56b27734-cf5d-49e0-8d28-768b16db4769.sorted_genome_alignments.bam,116675978,102809380,13866598,0.118847069
UNCID_2562677.e22176fd-5103-42c7-b5e6-555d883a39aa.sorted_genome_alignments.bam,122739707,116694600,6045107,0.049251437
UNCID_2562747.a2b8f7d7-3e9b-4e7f-9198-fb1d75a2eb0a.sorted_genome_alignments.bam,165955221,152919490,13035731,0.078549689
UNCID_2562807.0bc1d5cb-2064-4ae7-b821-1e999ef57fa5.sorted_genome_alignments.bam,120972577,114756747,6215830,0.051382141
UNCID_2562898.6b21f292-1752-4682-b885-9cc145c4a5a9.sorted_genome_alignments.bam,177724767,173222156,4502611,0.025334741
UNCID_2562907.f35b99b4-82aa-40f7-bd9e-add95533b3d5.sorted_genome_alignments.bam,98216768,87160102,11056666,0.112574118
UNCID_2562971.e21a08db-30de-4b61-adb2-0a291137572d.sorted_genome_alignments.bam,122922062,117070469,5851593,0.047604091
UNCID_2563032.a52f64d0-6f5f-4a7e-8d19-ad5ed83aef21.sorted_genome_alignments.bam,91264769,79028454,12236315,0.134074902
UNCID_2563068.97c340e4-54be-4016-a335-be29ba5e8e94.sorted_genome_alignments.bam,136069071,131702242,4366829,0.032092738
UNCID_2563087.a6221e12-d28b-4539-94ac-133d4999e5e4.sorted_genome_alignments.bam,164556383,158967369,5589014,0.033964128
UNCID_2563139.976c3fd8-2aec-4dc9-9343-cf0df50b60a3.sorted_genome_alignments.bam,139238593,134760700,4477893,0.032159855
UNCID_2563159.d05d0b28-7c88-4192-9897-54bd3aacfaa3.sorted_genome_alignments.bam,167268815,162531979,4736836,0.028318704
UNCID_2563256.19aa7fd7-e119-41a5-a6d4-ea36f9f1aaab.sorted_genome_alignments.bam,150286868,138434556,11852312,0.078864588
UNCID_2563298.cf875269-5309-4c0e-bc92-95318feeb2da.sorted_genome_alignments.bam,177775096,172188717,5586379,0.031423856
UNCID_2563348.c8390739-3d2e-4838-bed7-7eb4c2449958.sorted_genome_alignments.bam,168916277,163134361,5781916,0.034229478
UNCID_2563400.a9c824b6-4214-4c8a-9914-0d418f609e5d.sorted_genome_alignments.bam,174451059,168728052,5723007,0.032805803
UNCID_2563487.c3d39ee9-f15a-4f10-a04c-1a42e612e387.sorted_genome_alignments.bam,140959692,136524892,4434800,0.031461476
UNCID_2563513.cac889a5-fc02-4e4d-94e1-41a22e839473.sorted_genome_alignments.bam,158704686,150566464,8138222,0.051279028
UNCID_2563609.ace08b32-d427-4d62-b455-a37a7010be68.sorted_genome_alignments.bam,108363823,102695664,5668159,0.052306746
UNCID_2563640.207c04e4-3a0c-415f-941a-191d1b5b9401.sorted_genome_alignments.bam,145208131,139312383,5895748,0.040602051
UNCID_2563711.001443c3-137d-46ae-a767-87d453b32fbb.sorted_genome_alignments.bam,175280533,165727715,9552818,0.054500165
UNCID_2563758.1a827c90-eb77-4ec0-8f51-5c7c1c09593a.sorted_genome_alignments.bam,162720940,156807401,5913539,0.036341598
UNCID_2563861.29dffd79-dbc1-4cf3-b79e-264c680af667.sorted_genome_alignments.bam,121938372,115755544,6182828,0.050704531
UNCID_2563950.4a63fd9a-7138-4590-a18c-a2684d24c60f.sorted_genome_alignments.bam,130471369,122347415,8123954,0.062266182
UNCID_2563962.dcc60493-195a-46a1-87e2-0805fc7b317c.sorted_genome_alignments.bam,93819204,84238752,9580452,0.102116108
UNCID_2563964.8b011797-71ab-4903-b227-0602a8ab2c95.sorted_genome_alignments.bam,200989810,194034629,6955181,0.034604645
UNCID_2564097.a6b94568-34e2-40f4-a5e6-8d73be0b7e6d.sorted_genome_alignments.bam,171195238,167235600,3959638,0.02312937
UNCID_2564098.5647d775-827e-478b-ae8b-a7b872ad3fe6.sorted_genome_alignments.bam,172539768,168152872,4386896,0.02542542
UNCID_2564245.e18a3b30-dcfc-43eb-b975-29d92bb221ea.sorted_genome_alignments.bam,175089867,170217378,4872489,0.027828504
UNCID_2564329.e971e2c8-4056-41a3-a44c-9ef5c1f33896.sorted_genome_alignments.bam,127761755,121931536,5830219,0.045633523
UNCID_2564356.cb1516d5-4cd5-4a6d-95fa-852ac03f8935.sorted_genome_alignments.bam,166141755,156605560,9536195,0.057397943
UNCID_2564366.5bbb5bfd-1842-449a-89bc-2ec5990c0b1d.sorted_genome_alignments.bam,121161543,108973916,12187627,0.100589896
UNCID_2564539.410ebafa-bacb-477e-9902-55cc0bdc8464.sorted_genome_alignments.bam,140926881,135261545,5665336,0.040200535
UNCID_2564569.36296a46-a401-447f-a01b-060a5444ad40.sorted_genome_alignments.bam,131241730,124332944,6908786,0.052641686
UNCID_2564598.e6e92830-45a9-4a95-ab45-2c36bdbe827b.sorted_genome_alignments.bam,167674112,159125187,8548925,0.05098536
UNCID_2564715.45ec0ad2-7de5-4f39-9088-c5a9eb46b10b.sorted_genome_alignments.bam,176043310,169296059,6747251,0.038327222
UNCID_2565415.44f37fd7-4c70-4646-b915-b7be1e078935.sorted_genome_alignments.bam,174730877,168297400,6433477,0.036819348
UNCID_2567488.bb0f7fb0-80c4-45c7-be79-657993a6c622.sorted_genome_alignments.bam,105896313,102725154,3171159,0.029945887
UNCID_2567598.3120e347-ccc1-4bbf-b7b7-4410c6a04a58.sorted_genome_alignments.bam,117284865,114293209,2991656,0.025507605
UNCID_2567615.cda2e47c-642f-41f6-90b9-cfa2ab50d603.sorted_genome_alignments.bam,118626492,115305382,3321110,0.02799636
UNCID_2567631.3817f2f0-9be9-4062-a941-8e2370bd1e19.sorted_genome_alignments.bam,113722974,101864664,11858310,0.104273654
UNCID_2567665.bb493954-d408-485e-857e-58b8c927d843.sorted_genome_alignments.bam,128271953,124753692,3518261,0.027428139
UNCID_2567706.8d939ab5-8119-44da-b595-5c5a154031c2.sorted_genome_alignments.bam,128083046,120623309,7459737,0.058241408
UNCID_2567731.800c9072-512b-4067-8687-8bc4e9aa57fd.sorted_genome_alignments.bam,128037770,124379709,3658061,0.028570171
UNCID_2567778.48b3878b-e75f-4aec-b92a-590bdd006d4a.sorted_genome_alignments.bam,167188321,163985091,3203230,0.019159412
UNCID_2567793.3e60d1aa-5f53-45db-846a-a3b9fee599e0.sorted_genome_alignments.bam,156679857,153157881,3521976,0.022478805
UNCID_2567845.6280322c-5b21-4e16-8977-83e7484d7723.sorted_genome_alignments.bam,167638744,164096704,3542040,0.021129006
UNCID_2567892.4b142adf-bfb4-46d1-bb4e-e935997d801c.sorted_genome_alignments.bam,142723812,138628151,4095661,0.02869641
UNCID_2567901.55e704b2-c317-4db9-905c-570930a6c824.sorted_genome_alignments.bam,124899799,121063226,3836573,0.030717207
UNCID_2567926.995ac810-e3a2-4a98-bf46-8f30a4107e45.sorted_genome_alignments.bam,141962956,127081174,14881782,0.104828629
UNCID_2567954.547745d8-27b5-4258-af92-fbdb3c127fc2.sorted_genome_alignments.bam,173213134,162882742,10330392,0.059639773
UNCID_2567966.cbb214e1-ea22-4231-815b-d27d585e61c3.sorted_genome_alignments.bam,151414336,147207954,4206382,0.027780606
UNCID_2568024.4c83be26-b925-4bd0-9100-66d4773d5c9d.sorted_genome_alignments.bam,131530149,124320509,7209640,0.054813593
UNCID_2568069.94ce362e-3ecd-4b5d-9dcb-10cbcedc7645.sorted_genome_alignments.bam,164915485,160788282,4127203,0.02502617
UNCID_2568110.4bfeac25-80eb-4956-b5b2-ffff0c783042.sorted_genome_alignments.bam,167561897,159895524,7666373,0.045752484
UNCID_2568135.a100c310-2b00-4c6a-ae34-006a9c407b90.sorted_genome_alignments.bam,140020935,136218298,3802637,0.027157632
UNCID_2568199.7d146adc-b46a-4c15-9c69-fddace4239a7.sorted_genome_alignments.bam,130290591,127669738,2620853,0.020115443
UNCID_2568455.2b0831e8-21b8-4e97-8ef0-268683adb76c.sorted_genome_alignments.bam,134773733,130975124,3798609,0.028185084
UNCID_2568740.3e6782fe-9a1c-43a4-ac9a-5059f6a01ce3.sorted_genome_alignments.bam,144395820,117070101,27325719,0.189241759
UNCID_2568741.e4bb9dfc-25c0-418b-9bd4-9b23f0f088b9.sorted_genome_alignments.bam,233613056,227274751,6338305,0.027131639
UNCID_2568742.dad0f8bc-056e-49b0-a565-509dae59c448.sorted_genome_alignments.bam,146162561,142639766,3522795,0.024101897
UNCID_2569897.843b1db2-5b28-4b3d-bede-1ba7d1d91756.sorted_genome_alignments.bam,87674663,66093541,21581122,0.246150042
UNCID_2570089.9890e951-c9aa-4397-ab84-2af7e04429da.sorted_genome_alignments.bam,137103727,132833875,4269852,0.031143223
UNCID_2570151.5c72dba2-2949-4168-8430-0e3804cdcbf3.sorted_genome_alignments.bam,131379466,118497804,12881662,0.09804928
UNCID_2570295.76be312d-44cf-427f-af75-878538e7b38b.sorted_genome_alignments.bam,167498933,159702793,7796140,0.046544416
UNCID_2573549.e9d57c0d-a694-43c1-b334-eac1d8b28957.sorted_genome_alignments.bam,81947207,72808459,9138748,0.111519945
UNCID_2573561.06b6b1a8-899f-4914-87dd-8d3fdb69e95c.sorted_genome_alignments.bam,120506593,116505953,4000640,0.033198516
UNCID_2573613.586e3963-ea9c-4f9b-8d5f-bac46f72be36.sorted_genome_alignments.bam,122377484,116558872,5818612,0.047546426
UNCID_2573702.9cd0ed8b-b3ab-48d8-a52f-892817e2ae15.sorted_genome_alignments.bam,97555424,95431946,2123478,0.021766888
UNCID_257373.TCGA-AP-A0LN-01A-11R-A040-07.101011_UNC8-RDR3001640_00037_FC_62M6WAAXX.8.trimmed.annotated.translated_to_genomic.bam,22706951,20357992,2348959,0.103446693
UNCID_2573742.15f8882e-c8a6-429a-8aa4-93c9ddba802b.sorted_genome_alignments.bam,103608109,98234412,5373697,0.051865603
UNCID_2573745.9813550d-faff-4b28-9a71-f2f226faa4ad.sorted_genome_alignments.bam,144420458,136656409,7764049,0.053760036
UNCID_2573750.c7769eb8-4803-48f5-9adb-0babd1eaf3cb.sorted_genome_alignments.bam,103158210,93425793,9732417,0.09434457
UNCID_2573780.d437553a-5266-4ec6-b119-40b76778f44b.sorted_genome_alignments.bam,127888413,117307324,10581089,0.082736886
UNCID_2573799.dcda18b8-3656-46d7-9390-7899fdb4f1e5.sorted_genome_alignments.bam,99761566,90910657,8850909,0.08872063
UNCID_2573840.16643812-d47d-47d5-8bde-05a401180f5a.sorted_genome_alignments.bam,128241914,121085246,7156668,0.055805998
UNCID_2573886.6772ebb7-1fbb-4dd2-8160-939793bf9ef7.sorted_genome_alignments.bam,134103407,129846517,4256890,0.03174334
UNCID_2573929.d9ce56d9-fb5b-4fae-8c97-2f55c62e69d8.sorted_genome_alignments.bam,132394351,123074704,9319647,0.070393086
UNCID_2573968.47b7f634-b36f-49e9-a4dc-d8f5508fdc0a.sorted_genome_alignments.bam,141741678,135251073,6490605,0.045791789
UNCID_2573977.bbe189d6-3dd6-429a-87db-e843d77cb776.sorted_genome_alignments.bam,129192015,123376315,5815700,0.04501594
UNCID_2574082.da7b6f86-6419-45a1-9468-b29d68d37ead.sorted_genome_alignments.bam,165888006,160553080,5334926,0.032159805
UNCID_2574109.5ab9c57d-ad8a-4d8e-a34a-d02a455a35bd.sorted_genome_alignments.bam,169788450,162136959,7651491,0.04506485
UNCID_2574141.7f6f6ce6-2901-4f09-a37a-be0b066591d4.sorted_genome_alignments.bam,182320357,174889802,7430555,0.040755487
UNCID_2574151.4841039e-5dbb-4beb-8e25-4a74cee5a988.sorted_genome_alignments.bam,177334154,171593305,5740849,0.032373059
UNCID_2574186.5d7724a8-30d2-4e28-8aaf-edc559242673.sorted_genome_alignments.bam,167812064,160424515,7387549,0.044022753
UNCID_2574213.78874a6d-d476-488d-bdd4-3569276b243a.sorted_genome_alignments.bam,142032171,135822717,6209454,0.043718645
UNCID_2574214.e31dee43-3967-482e-9d1a-a7194f9e45b0.sorted_genome_alignments.bam,168398953,162367470,6031483,0.03581663
UNCID_2574264.36b9046d-1bd9-4fd8-8ceb-7e046ff1f0a7.sorted_genome_alignments.bam,161148705,154849546,6299159,0.039089107
UNCID_2574298.19d8b72b-62db-4258-b9b9-0d66ec708be0.sorted_genome_alignments.bam,155893785,151999729,3894056,0.024978905
UNCID_2574315.d11c2f30-14a5-453e-a138-89ccd7c0cd96.sorted_genome_alignments.bam,120560778,115427102,5133676,0.042581643
UNCID_2574419.1e03a90c-3b11-491f-a81f-225452f70121.sorted_genome_alignments.bam,195048136,187862172,7185964,0.036842003
UNCID_2574480.92149c11-de69-4e17-90d8-47634d6bdca2.sorted_genome_alignments.bam,156263861,151807854,4456007,0.028515915
UNCID_2574521.d6f2ac55-00ea-43b0-8879-278c78eb339b.sorted_genome_alignments.bam,196913486,190222057,6691429,0.033981568
UNCID_2574572.c391803f-ef97-45b7-9bf3-d1333c930ce3.sorted_genome_alignments.bam,170394198,163885798,6508400,0.038196136
UNCID_2574685.6c2dbe95-aa06-420f-8dee-b866030e496b.sorted_genome_alignments.bam,146265394,138709703,7555691,0.051657407
UNCID_2574741.ec4e62ad-3d63-4597-b046-8700bf9b1d08.sorted_genome_alignments.bam,225436807,218869266,6567541,0.029132514
UNCID_2575244.3f5e9319-e30e-4fc1-8135-c599aff73b27.sorted_genome_alignments.bam,127883085,124959465,2923620,0.022861663
UNCID_2575323.d3bc1c64-7a91-44b9-9060-1785dc0d42be.sorted_genome_alignments.bam,159833041,154268294,5564747,0.034815999
UNCID_2575408.3f218bea-924e-4e37-8fe0-0a7a9877a08c.sorted_genome_alignments.bam,123990081,119604075,4386006,0.035373846
UNCID_2575448.abbfb4d1-8cc0-4730-aed0-6cb6659d2bbb.sorted_genome_alignments.bam,133431319,129441191,3990128,0.029903984
UNCID_2575467.536beeb8-c7eb-46e0-8bbe-61b59dcf9d8d.sorted_genome_alignments.bam,144365096,137612405,6752691,0.046775094
UNCID_2575609.8690c824-9135-4bc2-a285-3f8e859e82cd.sorted_genome_alignments.bam,133137063,129872523,3264540,0.024520144
UNCID_257563.TCGA-AX-A06J-01A-11R-A00V-07.100923_UNC4-RDR3001561_00026_FC_62HRKAAXX.7.trimmed.annotated.translated_to_genomic.bam,29667362,26507046,3160316,0.106525009
UNCID_2575670.0a2a65b8-cf53-4dff-908e-6cdda195bdc7.sorted_genome_alignments.bam,175226636,171180625,4046011,0.02309016
UNCID_257569.TCGA-AP-A0LJ-01A-11R-A040-07.101011_UNC8-RDR3001640_00037_FC_62M6WAAXX.7.trimmed.annotated.translated_to_genomic.bam,29642730,21349041,8293689,0.279788299
UNCID_2575721.03cd3b52-5608-4ac1-8d65-082b17fa4161.sorted_genome_alignments.bam,99193663,93166246,6027417,0.060764134
UNCID_2575778.20768be0-9bfc-4784-8054-d877cb318b72.sorted_genome_alignments.bam,130983962,127452375,3531587,0.02696198
UNCID_2575796.8f2110d6-9a34-4f15-8660-3959d080659e.sorted_genome_alignments.bam,185153423,181076917,4076506,0.022016909
UNCID_2575941.aa64f00c-804a-4c4b-95fc-85ab0887cdf8.sorted_genome_alignments.bam,148244975,143014028,5230947,0.03528583
UNCID_2576011.86ffb301-897b-470b-9b91-7521922ccee2.sorted_genome_alignments.bam,159364667,155710866,3653801,0.022927297
UNCID_2576064.f5fabbfc-8ba3-4f8a-a897-166e33d1c406.sorted_genome_alignments.bam,143424497,140186923,3237574,0.022573368
UNCID_2576092.7f4ae143-c601-4130-abea-b557625628d7.sorted_genome_alignments.bam,139772409,136926089,2846320,0.020363962
UNCID_2577003.dbf42b22-c8c8-4a8f-af91-6537374be50e.sorted_genome_alignments.bam,193353904,187382065,5971839,0.030885536
UNCID_2577075.e9c11710-18d6-43e5-91c3-e278512c9f9d.sorted_genome_alignments.bam,149420775,144230427,5190348,0.034736455
UNCID_2578202.09302c4e-1f97-4f55-a46e-dfbfb4403629.sorted_genome_alignments.bam,208815266,204102169,4713097,0.022570653
UNCID_2579297.1a4840a5-ab02-4c89-9f2c-d343f07903f1.sorted_genome_alignments.bam,94007944,88034968,5972976,0.063536928
UNCID_2579318.d1bbe802-9cc6-4e98-aeac-429a01cb922f.sorted_genome_alignments.bam,119043241,112454327,6588914,0.055348913
UNCID_2579321.c6979da2-d4f5-43f6-95a2-b89c9478960e.sorted_genome_alignments.bam,129356940,125739917,3617023,0.027961569
UNCID_2579356.fea80462-3da1-48f3-8be9-5598232d4d7b.sorted_genome_alignments.bam,123951457,114943402,9008055,0.072674055
UNCID_2579384.2643c8ef-f790-4dc1-82fd-9640153f83fe.sorted_genome_alignments.bam,124776001,119619847,5156154,0.041323283
UNCID_2579398.ff7b17f6-526e-4ec9-b080-13e65a38f416.sorted_genome_alignments.bam,123281799,118451730,4830069,0.039179092
UNCID_2579405.4c9aaba5-af19-4d28-9c52-4b74afcc6e1a.sorted_genome_alignments.bam,140967306,131374859,9592447,0.068047317
UNCID_2579408.b7378b3f-7c8e-4acd-93e4-8444db3c1221.sorted_genome_alignments.bam,111167182,105657975,5509207,0.049557854
UNCID_2579480.3da287d8-da71-43b1-899e-4d729c2ae6b0.sorted_genome_alignments.bam,145410779,140098599,5312180,0.03653223
UNCID_2579481.c82f8da8-cc5f-4395-bb39-a3db75a8a247.sorted_genome_alignments.bam,158491865,151403462,7088403,0.044724081
UNCID_2579502.3481de47-a8d3-456a-8471-779d501875ed.sorted_genome_alignments.bam,148240217,141674799,6565418,0.044289047
UNCID_2579544.bde7f675-08a0-443c-83e6-0f8662456c1c.sorted_genome_alignments.bam,184995646,179350820,5644826,0.030513291
UNCID_2579590.3a51010c-83f1-4568-9d6e-19cf38390700.sorted_genome_alignments.bam,184256897,177339127,6917770,0.037544158
UNCID_2579625.31681210-6e61-4d50-a9ce-ef771b0a4c82.sorted_genome_alignments.bam,170669288,163363898,7305390,0.042804362
UNCID_2579676.3e456ea9-e28d-4977-8c8c-5b5b8fffbb03.sorted_genome_alignments.bam,171580534,164818973,6761561,0.039407506
UNCID_2579700.6575d941-3ebf-449e-a2d9-ed80cf8bbe85.sorted_genome_alignments.bam,157716494,152023929,5692565,0.036093657
UNCID_2579811.11d7e737-f0da-40d7-b2ba-5a60b50a5887.sorted_genome_alignments.bam,184752310,176152794,8599516,0.046546189
UNCID_2579846.92a0ef83-fa65-4cf6-ad28-bbbba0077978.sorted_genome_alignments.bam,199197364,192641696,6555668,0.032910415
UNCID_2580359.d4da3144-9c83-4f5e-b8df-ae118f2c0469.sorted_genome_alignments.bam,183968100,178846459,5121641,0.027839832
UNCID_2580401.5a187a2c-2104-420f-b414-d52b95df94e8.sorted_genome_alignments.bam,102325869,91653853,10672016,0.104294409
UNCID_2580626.e9c0bbcb-376f-4ae3-a172-7cfce9feb4e3.sorted_genome_alignments.bam,116467696,110558575,5909121,0.050736137
UNCID_258073.TCGA-BG-A0M4-01A-11R-A104-07.101124_UNC4-RDR3001561_00054_FC_62FKEAAXX.8.trimmed.annotated.translated_to_genomic.bam,22112228,19712572,2399656,0.108521674
UNCID_2580801.e05c73e5-efdc-45ec-acb1-9a31c06a5f54.sorted_genome_alignments.bam,143443947,137938298,5505649,0.038381884
UNCID_2580932.981cc3a0-6ba5-41c1-b823-13047c44058a.sorted_genome_alignments.bam,104996480,90969711,14026769,0.133592755
UNCID_2580954.fc64c379-1064-4bcd-a40e-305f2da1f1f7.sorted_genome_alignments.bam,100066352,92028915,8037437,0.080321075
UNCID_2580993.5ccf04ed-0c57-40a9-ab85-e8e264e951ba.sorted_genome_alignments.bam,220333713,212782110,7551603,0.03427348
UNCID_2581048.8d5a70a6-14d4-4ab7-982b-8464bbf2adff.sorted_genome_alignments.bam,90017986,76342944,13675042,0.151914552
UNCID_2581139.5a78df1c-96e9-4698-9f1f-e207df51acef.sorted_genome_alignments.bam,198878208,188597320,10280888,0.051694392
UNCID_2581165.97eb631e-69ef-451a-9aa6-d573c34c4f9b.sorted_genome_alignments.bam,164513309,157224362,7288947,0.044306124
UNCID_2581187.c7827f06-b69b-4cb9-bbd8-233f334e0671.sorted_genome_alignments.bam,114810837,100408475,14402362,0.125444273
UNCID_2581211.a9b6809c-251b-48ed-bdf4-bbbcf357a97c.sorted_genome_alignments.bam,151204075,136326884,14877191,0.098391469
UNCID_2581238.0dcaea5d-8572-469d-aa89-9b739e8e2f77.sorted_genome_alignments.bam,127612787,120091379,7521408,0.058939297
UNCID_258124.TCGA-BG-A0MO-01A-11R-A040-07.101105_UNC5-RDR300700_00033_FC_62J7BAAXX.8.trimmed.annotated.translated_to_genomic.bam,27139543,23863307,3276236,0.120718171
UNCID_2581382.edc22a5d-6565-4138-b4bd-9553325de48d.sorted_genome_alignments.bam,172350961,166942502,5408459,0.031380498
UNCID_2581582.245893ad-f1c2-46ba-a485-3947e8d1c78f.sorted_genome_alignments.bam,178256497,172747131,5509366,0.030906958
UNCID_2581638.8f14c65b-502f-4536-b94e-c8595b587d50.sorted_genome_alignments.bam,194700745,180736996,13963749,0.071719032
UNCID_2583781.22727b4c-d2ab-4ebf-a681-d2dd20eb4f43.sorted_genome_alignments.bam,164918182,150356407,14561775,0.088296965
UNCID_2583782.25da5ede-8254-49c7-8559-6729507066a1.sorted_genome_alignments.bam,151292336,147050164,4242172,0.02803957
UNCID_2583783.acc5858f-0f2c-4ed1-87f7-555249ae86db.sorted_genome_alignments.bam,165737833,159233024,6504809,0.039247581
UNCID_2583784.ce7a30a8-468f-4a5e-a573-f2cf273bcd28.sorted_genome_alignments.bam,169158287,162400770,6757517,0.039947892
UNCID_2583785.8e480b0b-95ed-43ed-989f-d755f1c8575c.sorted_genome_alignments.bam,170133583,163322959,6810624,0.040031038
UNCID_2583786.32d7a0c1-8c8f-4039-95ca-446d826b9f16.sorted_genome_alignments.bam,177796172,171062157,6734015,0.037874916
UNCID_2583863.5f66ae56-8f05-412a-8c47-0e7012849f64.sorted_genome_alignments.bam,148201094,141119681,7081413,0.047782461
UNCID_2583874.cd1688d0-04df-4275-a406-b6240d3a05b8.sorted_genome_alignments.bam,159545118,152439747,7105371,0.044535183
UNCID_2583875.6d8543de-7181-421d-a70c-d9764536278a.sorted_genome_alignments.bam,157738017,151221871,6516146,0.041309927
UNCID_2583962.fade0b33-a012-4897-b35a-c37d7ce0f1b6.sorted_genome_alignments.bam,187724974,181038340,6686634,0.03561931
UNCID_2583996.a845552b-4b27-4a58-98e4-a98c2d75f72a.sorted_genome_alignments.bam,149898356,138141592,11756764,0.078431574
UNCID_2584178.8cb0181b-4602-40d7-afe9-762f7bc98b04.sorted_genome_alignments.bam,131421721,122969857,8451864,0.064311013
UNCID_2584179.84675636-1d8c-474a-a4bf-baffcc36b5bf.sorted_genome_alignments.bam,132242293,126578567,5663726,0.042828401
UNCID_2584180.d0e4a389-468c-4ebf-a7ef-553536912652.sorted_genome_alignments.bam,168572346,163204706,5367640,0.031841759
UNCID_2584225.0a0d8685-150d-4c74-9223-d56776efecee.sorted_genome_alignments.bam,132328811,120921833,11406978,0.086201772
UNCID_2584226.5cf30542-0745-4cd5-9193-14ef995218b9.sorted_genome_alignments.bam,131468694,126866000,4602694,0.03500981
UNCID_2584245.1fcbdbc8-c470-44be-8984-9a4e7eff50e4.sorted_genome_alignments.bam,129906816,121862505,8044311,0.061923702
UNCID_2584281.006a20a9-db99-45f1-a6d6-77ad2c2c1198.sorted_genome_alignments.bam,162819735,157476531,5343204,0.032816685
UNCID_2584329.00f6b730-3424-4a54-9961-551e0ab867ec.sorted_genome_alignments.bam,156920609,144348042,12572567,0.08012056
UNCID_2584704.806be13f-779c-4781-8c48-aba71f31d217.sorted_genome_alignments.bam,128153014,120968204,7184810,0.056064308
UNCID_2584705.659185ac-707a-4695-be80-a718cc34e8bc.sorted_genome_alignments.bam,112153383,105723524,6429859,0.057330941
UNCID_2584706.e997aa44-1db2-4d44-a5e6-37a4b85b00f7.sorted_genome_alignments.bam,134906417,119349815,15556602,0.115314025
UNCID_2584773.e029ee59-8d15-46e6-915a-f343ec846db6.sorted_genome_alignments.bam,178856842,171902701,6954141,0.038881045
UNCID_2584786.5b90f84f-ba07-4a5f-bcaf-d61b09075125.sorted_genome_alignments.bam,149982949,144701586,5281363,0.035213089
UNCID_2584881.9e197f2d-f9bc-4f6e-9f7d-03c69843e6ed.sorted_genome_alignments.bam,164164777,158707226,5457551,0.033244348
UNCID_2584999.d17f43bd-34ff-49d2-9831-e5d3541128fb.sorted_genome_alignments.bam,142206276,126116810,16089466,0.113141743
UNCID_2585049.193ed19f-a946-40ef-a32a-9d345606dad9.sorted_genome_alignments.bam,121590717,113674377,7916340,0.065106451
UNCID_2585151.dde42ad8-e799-4a73-aee4-1a46a006bf02.sorted_genome_alignments.bam,157069563,151187508,5882055,0.037448726
UNCID_2585196.cfca77a9-fcfb-4ab5-b969-2ae55a0cbd32.sorted_genome_alignments.bam,156698994,150294681,6404313,0.04087016
UNCID_2585227.800ab6d1-dd16-4fb5-8c52-5bdc13b2b681.sorted_genome_alignments.bam,165084737,159462245,5622492,0.034058218
UNCID_2585347.7ce71ec0-4901-4308-96c6-69978f00bbb0.sorted_genome_alignments.bam,185537137,175799663,9737474,0.052482614
UNCID_2585444.4463b665-9b17-4bde-bae4-a775b49c080d.sorted_genome_alignments.bam,130323638,121195048,9128590,0.070045543
UNCID_2585575.a6cab6a5-f1a7-4406-b893-33d2fcdafea6.sorted_genome_alignments.bam,102229305,92020187,10209118,0.099864887
UNCID_2585617.f5b50505-d9dc-4cef-b7f8-1262e749b71e.sorted_genome_alignments.bam,104569727,95800586,8769141,0.08385927
UNCID_2585687.b84ec9ed-f2ee-49c8-bbd3-6ea4b89fba98.sorted_genome_alignments.bam,132568543,121295448,11273095,0.085035973
UNCID_2585719.52abd46f-cf17-4106-8c3d-c394d0215d6b.sorted_genome_alignments.bam,133492063,126618135,6873928,0.051493159
UNCID_2585768.e9861c26-918f-4674-8b3b-8005be60407a.sorted_genome_alignments.bam,95711806,92874692,2837114,0.029642258
UNCID_2585784.6953cb21-136c-4204-84f5-cc3eb9390f90.sorted_genome_alignments.bam,170567531,163723806,6843725,0.040123258
UNCID_2585834.4dff31c3-7aa3-4f56-be5a-b403fe5554e8.sorted_genome_alignments.bam,105806300,103143292,2663008,0.025168709
UNCID_2585843.032d7100-65e4-4d6b-9e51-ca7c2155e63c.sorted_genome_alignments.bam,83978071,80630732,3347339,0.03985968
UNCID_2585894.03090f08-01c2-499d-b408-ca919d8ff54e.sorted_genome_alignments.bam,150030733,144361514,5669219,0.037787051
UNCID_2585935.85aa9567-fcc2-43e3-ba71-a8ad9f5df269.sorted_genome_alignments.bam,142188884,137513554,4675330,0.032881122
UNCID_2586096.a250d705-2e37-451c-98fd-31a87778de1f.sorted_genome_alignments.bam,109247222,105171463,4075759,0.037307667
UNCID_2586116.7e444b45-94bb-4c2e-b82f-df98997fac53.sorted_genome_alignments.bam,88665188,85044476,3620712,0.040835779
UNCID_258612.TCGA-AP-A0LL-01A-12R-A104-07.101124_UNC4-RDR3001561_00054_FC_62FKEAAXX.3.trimmed.annotated.translated_to_genomic.bam,28599730,21523234,7076496,0.247432266
UNCID_2586154.bfa59d4e-e692-4bcf-8bde-8f9acd092db8.sorted_genome_alignments.bam,137197775,134364211,2833564,0.020653134
UNCID_2586265.7a9ef0ad-97ab-4bb5-aea1-66a0b7c1b5da.sorted_genome_alignments.bam,122626893,118546671,4080222,0.033273468
UNCID_2586266.07330b37-3994-4bde-89d2-2117bf262b41.sorted_genome_alignments.bam,173814604,169489950,4324654,0.024880844
UNCID_2586294.e0a2d726-2de2-4dcd-b5eb-96fa6d28ac24.sorted_genome_alignments.bam,153563584,150508989,3054595,0.019891402
UNCID_2586498.bb8897bc-0c1f-471f-83ec-90959f1d882d.sorted_genome_alignments.bam,116472595,112627632,3844963,0.03301174
UNCID_2586511.2f8376d3-1fac-42c0-a470-5c77beba1644.sorted_genome_alignments.bam,121290177,115494081,5796096,0.047787019
UNCID_2586562.787d80f1-d72d-4729-9b7e-988fe1dbd9f3.sorted_genome_alignments.bam,126436466,122241395,4195071,0.033179281
UNCID_2586599.dacff47f-5461-4182-929b-84619be6f322.sorted_genome_alignments.bam,142754713,137582003,5172710,0.036234951
UNCID_2586838.3c907c93-cf43-4f60-93ad-aaf72c8475f6.sorted_genome_alignments.bam,89496267,83083419,6412848,0.071654922
UNCID_2586854.c18997da-26bb-4f3b-8235-c0526a0717b0.sorted_genome_alignments.bam,147698535,144074262,3624273,0.024538314
UNCID_2586872.ef359d54-bde8-418b-be08-59f9e8012dc8.sorted_genome_alignments.bam,186902842,183428271,3474571,0.018590252
UNCID_2586900.38bbde28-e003-4291-a3cf-41567fb4c494.sorted_genome_alignments.bam,142846032,129030612,13815420,0.096715462
UNCID_2586952.4d87454d-61eb-44cd-881d-409748c40172.sorted_genome_alignments.bam,204081982,197325038,6756944,0.033108969
UNCID_2587029.f99c2956-5851-40c5-87e0-c200a0fcd603.sorted_genome_alignments.bam,168906795,164467111,4439684,0.026284816
UNCID_2587093.926945ae-57c2-413e-a725-582773726dce.sorted_genome_alignments.bam,160360364,155032317,5328047,0.033225461
UNCID_2587121.2a4bba28-15ad-477d-9832-bc1e03843372.sorted_genome_alignments.bam,160053695,154838910,5214785,0.032581472
UNCID_2587147.d81cad5d-7dcd-47dd-ba1a-92cd5fd9d778.sorted_genome_alignments.bam,129482106,125835436,3646670,0.028163505
UNCID_2587248.893a9093-3eea-410b-850b-0826e4031dac.sorted_genome_alignments.bam,117958977,110102355,7856622,0.066604698
UNCID_2587324.4966f44a-340d-4ba2-896e-faffe073a3c0.sorted_genome_alignments.bam,82832285,72075104,10757181,0.129867008
UNCID_2587336.7866dd6a-29ca-4571-9dcb-aa740075523c.sorted_genome_alignments.bam,149936975,144770071,5166904,0.034460506
UNCID_2587366.d799cd40-5ef8-4de2-9935-52b570ce464b.sorted_genome_alignments.bam,116295081,111504844,4790237,0.041190366
UNCID_2587391.8505814a-4e2e-4a4e-bec0-7d4a5a876087.sorted_genome_alignments.bam,101638965,85589973,16048992,0.157901962
UNCID_2587446.5ce73c79-ddb8-4a1e-a588-d950c0f96536.sorted_genome_alignments.bam,84455345,80824641,3630704,0.04298963
UNCID_2587498.8c668427-eb26-4ada-88dc-870cde596eee.sorted_genome_alignments.bam,131357614,110504605,20853009,0.158749907
UNCID_258761.TCGA-B5-A0JR-01A-13R-A040-07.101105_UNC5-RDR300700_00033_FC_62J7BAAXX.6.trimmed.annotated.translated_to_genomic.bam,32852449,27830683,5021766,0.152858193
UNCID_2587632.2088cf53-50dc-4e66-a02e-f2c8fa385437.sorted_genome_alignments.bam,138002713,133919222,4083491,0.029589933
UNCID_2587690.dea135ad-b378-4ca8-adeb-c894f6ce5cd4.sorted_genome_alignments.bam,134073074,122477433,11595641,0.08648747
UNCID_2587719.b28722f9-52d5-4b24-bce5-99b2ba0850ae.sorted_genome_alignments.bam,133619372,130445752,3173620,0.023751197
UNCID_2588001.1a4cdf17-154b-48f3-9afc-4dc8c2a5511d.sorted_genome_alignments.bam,193970158,189190968,4779190,0.02463879
UNCID_258818.TCGA-AA-3543-01A-01R-0826-07.100603_UNC3-RDR300156_0007_61MM1AAXX.6.trimmed.annotated.translated_to_genomic.bam,26485782,23104049,3381733,0.127681071
UNCID_2588227.1d4f1e8f-5b5e-47c4-ac27-8abd27a0c989.sorted_genome_alignments.bam,132792465,124111310,8681155,0.065373852
UNCID_2588382.fa107048-b954-42fb-ba24-5923d3f8a36a.sorted_genome_alignments.bam,211940924,204500286,7440638,0.035107132
UNCID_258842.TCGA-BG-A0MU-01A-11R-A104-07.101124_UNC1-RDR301647_00032_FC_62HT2AAXX.3.trimmed.annotated.translated_to_genomic.bam,32328398,28246193,4082205,0.126273037
UNCID_2588621.10b56ad4-a3a6-4ed8-8c66-94644321f6bd.sorted_genome_alignments.bam,107680571,103948917,3731654,0.03465485
UNCID_2588641.4860a956-053a-491c-ac19-a5a34bcf7ece.sorted_genome_alignments.bam,150233034,144067691,6165343,0.041038531
UNCID_258882.e5564429-a34d-457a-a1be-face4ad57adc.100618_UNC5-RDR300700_0009_622TTAAXX.5.trimmed.annotated.translated_to_genomic.bam,12546955,10211812,2335143,0.186112328
UNCID_2588951.29605016-26f0-4146-a99d-b4d0381c9dc2.sorted_genome_alignments.bam,219097268,211547645,7549623,0.03445786
UNCID_2588967.bcdce898-127f-4cd0-9a56-57a68cde852a.sorted_genome_alignments.bam,179450900,172620284,6830616,0.038063983
UNCID_2589110.6e8e0cf4-134a-419b-aa8c-3ce1b8a9115a.sorted_genome_alignments.bam,214370778,207102926,7267852,0.033903184
UNCID_2589141.3b5debd5-44be-43a9-ba9c-d0d0972922af.sorted_genome_alignments.bam,197043625,188867994,8175631,0.041491477
UNCID_2589144.447dfa38-6fe8-4e36-8eaa-8c9e7523d058.sorted_genome_alignments.bam,192782456,182264800,10517656,0.054557122
UNCID_2589192.b6c024db-6aee-4642-b30e-eeb5d3a3c157.sorted_genome_alignments.bam,160763080,152964734,7798346,0.048508314
UNCID_2589231.c4b1f619-e21c-4f04-8643-8cff340b1843.sorted_genome_alignments.bam,181762584,173756754,8005830,0.044045534
UNCID_258928.TCGA-AA-A01F-01A-01R-A002-07.100608_UNC3-RDR300156_0008.6.trimmed.annotated.translated_to_genomic.bam,26011907,21535918,4475989,0.17207462
UNCID_258932.TCGA-AA-A01G-01A-01R-A002-07.100608_UNC3-RDR300156_0008.7.trimmed.annotated.translated_to_genomic.bam,25243413,20948949,4294464,0.170122162
UNCID_2597205.2878746c-59f3-40fd-9c28-027deb0e5ce6.sorted_genome_alignments.bam,92532173,90805246,1726927,0.01866299
UNCID_2597230.4582d0de-4935-4ee7-a9e0-3681fbb93cd3.sorted_genome_alignments.bam,99894961,97886056,2008905,0.020110174
UNCID_2597231.b0db65b4-14a2-4aa5-a5e7-9890a6db4993.sorted_genome_alignments.bam,100450286,96222023,4228263,0.042093091
UNCID_2597416.37390115-f12c-4cf2-bab0-f56c4a9a4e5c.sorted_genome_alignments.bam,108195448,105617892,2577556,0.023823146
UNCID_2597419.01234d47-e213-401f-b4fe-f33b15bcec7d.sorted_genome_alignments.bam,97194116,74664949,22529167,0.231795585
UNCID_2597522.46993591-8ffa-4e54-ba85-d013a7c190c9.sorted_genome_alignments.bam,104930567,90405372,14525195,0.138426727
UNCID_2597576.467116b0-ec2a-469f-9ae8-cc15866bedb5.sorted_genome_alignments.bam,132933975,129417114,3516861,0.026455697
UNCID_2597585.b6649d04-50b1-4b90-9cb4-241b61f5a637.sorted_genome_alignments.bam,143936338,136925071,7011267,0.048710889
UNCID_2597589.f3c1c636-66dc-4a77-91a9-8dfc34454b30.sorted_genome_alignments.bam,114402213,102784437,11617776,0.101552022
UNCID_2597625.2b98be20-55a0-43c8-b227-2dacda63c77d.sorted_genome_alignments.bam,122828905,85827260,37001645,0.301245419
UNCID_2597647.62446752-e44d-4675-ba90-0c1d3df3140d.sorted_genome_alignments.bam,131862730,127360926,4501804,0.034140079
UNCID_2597661.21892041-6638-46b1-bfe5-38d501d44501.sorted_genome_alignments.bam,113593577,106484077,7109500,0.062587165
UNCID_2597757.81674433-89de-4024-aadc-fd8fede17699.sorted_genome_alignments.bam,130991030,124838339,6152691,0.046970323
UNCID_2597950.bba87ce6-0c45-49f8-872a-057a63ab4930.sorted_genome_alignments.bam,164579716,160115311,4464405,0.027126095
UNCID_2598019.08fc16b8-f635-4e11-9ee7-afc7e3ea084c.sorted_genome_alignments.bam,146673906,139225932,7447974,0.050779134
UNCID_2598020.0514bf02-724d-4cc2-91b6-4bde0cb9df95.sorted_genome_alignments.bam,166109699,162061589,4048110,0.0243701
UNCID_2598037.789f4545-f71c-4898-8254-71f6278d6da3.sorted_genome_alignments.bam,169703776,163462783,6240993,0.036775805
UNCID_2598044.624f6894-46fe-408d-a119-973067034c28.sorted_genome_alignments.bam,193783510,189888506,3895004,0.02009977
UNCID_2598087.2ec4509d-db7c-4328-a36e-ef1bd0e78cd1.sorted_genome_alignments.bam,168712671,164792019,3920652,0.023238634
UNCID_2598137.8b9e2071-144f-4d4b-8585-780f83cf48bb.sorted_genome_alignments.bam,141789115,135287969,6501146,0.045850812
UNCID_2598163.4925aa77-4b91-48f9-9b43-b0da5297445e.sorted_genome_alignments.bam,173910516,167534205,6376311,0.036664321
UNCID_2598204.4d53a5bc-a63c-44fa-a950-d51c5bd1320e.sorted_genome_alignments.bam,188022571,184686233,3336338,0.017744348
UNCID_2598211.1a19fe1f-f3a0-4a9d-9863-9a086f9e0683.sorted_genome_alignments.bam,180288791,177118074,3170717,0.017586878
UNCID_2598225.91caa672-b054-4afc-b78e-19673410a900.sorted_genome_alignments.bam,175558120,171596882,3961238,0.022563684
UNCID_2598302.d4cf57af-9736-4b34-b4d9-94f21899d46f.sorted_genome_alignments.bam,171829304,168815351,3013953,0.01754039
UNCID_2598351.e1507c0f-e8f9-4318-be62-0e086499dd49.sorted_genome_alignments.bam,129554397,125713684,3840713,0.029645563
UNCID_2598498.4f948c4c-90e7-48c8-897d-7b4d2e4e0509.sorted_genome_alignments.bam,200272653,195515118,4757535,0.02375529
UNCID_2598577.b8111615-a42c-4d77-84a3-84fda050da5d.sorted_genome_alignments.bam,219237926,213258454,5979472,0.027273894
UNCID_2598659.64351fb2-8e3b-41a0-9764-52f2c7279e63.sorted_genome_alignments.bam,111709619,98283589,13426030,0.120186875
UNCID_2598702.7d273a8f-7967-4ad8-8cdc-13be7eee126e.sorted_genome_alignments.bam,245973715,241827836,4145879,0.016854968
UNCID_2598919.9f9201c8-63a7-45c8-a630-ea17f95f08bb.sorted_genome_alignments.bam,127605622,115098987,12506635,0.098010063
UNCID_2599003.27c02660-6feb-4e75-b6e9-fba4db4566aa.sorted_genome_alignments.bam,129889399,121812105,8077294,0.062185937
UNCID_2599093.5a7bf0b9-7dee-4c47-a111-209451e252d2.sorted_genome_alignments.bam,191290584,181762950,9527634,0.049807125
UNCID_2599111.b40f1b02-122f-4f06-85c4-ac3caca0aef3.sorted_genome_alignments.bam,136727316,118253215,18474101,0.135116387
UNCID_2599158.58a189c0-9aa5-4f63-9b33-fb0dcfd61a77.sorted_genome_alignments.bam,131474321,122243004,9231317,0.07021384
UNCID_2599247.20e1a03e-b18b-41ed-aaf4-95a5aefb4fbf.sorted_genome_alignments.bam,133998025,119032833,14965192,0.111682183
UNCID_2599307.968c1021-d6c1-4e0e-8417-43b78a6bdf6d.sorted_genome_alignments.bam,127962883,118329965,9632918,0.075279001
UNCID_2599323.b699adab-d473-458a-9c39-008b6d52d09b.sorted_genome_alignments.bam,186278329,180873502,5404827,0.029014792
UNCID_2599365.2a0ba833-5509-464d-98b1-a221101788f2.sorted_genome_alignments.bam,186276076,177701817,8574259,0.046029846
UNCID_2599430.14860e02-10ec-41a4-a0fa-25a84061552e.sorted_genome_alignments.bam,170327625,163571156,6756469,0.039667488
UNCID_2599547.d609550d-7807-4e13-aae4-5b770c4f6722.sorted_genome_alignments.bam,109598761,96718212,12880549,0.117524586
UNCID_2599642.9a7ecc8d-e30f-4a87-860a-28b3490f6c3e.sorted_genome_alignments.bam,170335565,162315329,8020236,0.047084917
UNCID_2599643.37393621-1402-4966-8d1c-6ee5212a8cd9.sorted_genome_alignments.bam,176882508,168634560,8247948,0.046629529
UNCID_2599702.e8f34083-66fe-43d4-9860-77427c481dcd.sorted_genome_alignments.bam,165690812,156253293,9437519,0.056958614
UNCID_2599731.7f94c422-c322-46d8-be7a-eab05ea534af.sorted_genome_alignments.bam,170656603,163350769,7305834,0.042810145
UNCID_2599784.476a57b4-654c-48b3-929b-37996cd93f45.sorted_genome_alignments.bam,132929706,124599784,8329922,0.062664112
UNCID_2599791.e312e528-bed2-4067-a562-1c27dd93d540.sorted_genome_alignments.bam,144816094,138225975,6590119,0.045506814
UNCID_2599826.ac245ce7-dd49-4b6e-8692-6cf440e99b89.sorted_genome_alignments.bam,167264561,157484303,9780258,0.058471788
UNCID_2599839.0b98dae5-c7b9-4e57-ad43-e188dcf1c0f6.sorted_genome_alignments.bam,105488931,83852899,21636032,0.205102391
UNCID_2599993.110bcd0d-95b5-4387-bfa3-837fbde32085.sorted_genome_alignments.bam,146644057,136347452,10296605,0.070214949
UNCID_2600077.13b94e1c-6bd0-420f-bf57-c14c91e8f28e.sorted_genome_alignments.bam,149261893,140198530,9063363,0.060721212
UNCID_2600160.c9f46e3b-bad4-4095-86cc-08bd5c5a261c.sorted_genome_alignments.bam,162827695,155220647,7607048,0.046718391
UNCID_2600210.d04b0992-91fb-4af2-92cd-dbb361a1b83f.sorted_genome_alignments.bam,151132135,142208043,8924092,0.059048276
UNCID_2600252.c429f494-4771-463c-9d7a-0d5e8e0220fb.sorted_genome_alignments.bam,125022516,118501275,6521241,0.052160532
UNCID_2600255.0f83b483-2bfe-431a-a958-cadf9a19efea.sorted_genome_alignments.bam,187952624,179561274,8391350,0.044646091
UNCID_2600256.ae3426f1-be88-4bf6-8ff4-3c7b7d6a804f.sorted_genome_alignments.bam,127519267,115894678,11624589,0.091159472
UNCID_2600257.e41ecd5a-af8e-4852-991a-026efa65e442.sorted_genome_alignments.bam,167514624,155581625,11932999,0.071235566
UNCID_2600410.b3effe15-e80e-4e10-92e9-d0def1e53aaf.sorted_genome_alignments.bam,175957407,168712421,7244986,0.041174658
UNCID_2600516.0053d506-ce66-4635-b648-be234c7c0708.sorted_genome_alignments.bam,135376171,117419286,17956885,0.132644356
UNCID_2600638.a16dcbd7-29fc-4dc3-8b6b-43a06c355e9d.sorted_genome_alignments.bam,134899861,126754533,8145328,0.060380551
UNCID_2600861.8cc42683-2d39-4536-a797-28c4a731dc0a.sorted_genome_alignments.bam,191335543,176208334,15127209,0.079061155
UNCID_2600907.37f12172-be7e-4f7d-8095-d3fc1ec7dd7d.sorted_genome_alignments.bam,170311239,163588959,6722280,0.03947056
UNCID_2600985.5b1d530f-3239-4a65-aff9-fe7e003d11b5.sorted_genome_alignments.bam,84025408,81491076,2534332,0.030161496
UNCID_2600999.29ff1003-caa1-4208-83bf-83fea524356d.sorted_genome_alignments.bam,138681307,133550372,5130935,0.036998029
UNCID_2601036.024fc1c9-4502-4293-a555-9bb7e5536f45.sorted_genome_alignments.bam,138634581,120197420,18437161,0.132991068
UNCID_2601069.fc1359a0-6ebb-4b99-983d-53b4343e43d2.sorted_genome_alignments.bam,163533421,157411988,6121433,0.037432306
UNCID_2601544.be2d78df-da0f-483a-b367-dd5271a65cac.sorted_genome_alignments.bam,154086701,140104905,13981796,0.090739797
UNCID_2601955.92f532e0-338f-4785-8c19-205d4e4f2aa0.sorted_genome_alignments.bam,116163582,104610104,11553478,0.099458693
UNCID_2602456.c2c8115c-d6a3-407d-ae15-00acc6c941cc.sorted_genome_alignments.bam,123591458,115500039,8091419,0.06546908
UNCID_2602689.e66e067d-8ec5-44b7-b41f-f86bd8e77fa0.sorted_genome_alignments.bam,152276915,146216047,6060868,0.039801621
UNCID_2602690.de46c1ba-bbb5-484f-b735-1d1059334d87.sorted_genome_alignments.bam,155691433,142257617,13433816,0.086284876
UNCID_2602691.b1f45874-aafd-44c9-81f8-99a3bff043a6.sorted_genome_alignments.bam,154551571,148426675,6124896,0.039630112
UNCID_2602753.5875130b-9d30-4907-9249-075f8edf2007.sorted_genome_alignments.bam,181118262,175803058,5315204,0.029346593
UNCID_2602762.11856421-855f-4205-bbb8-91500b4e5968.sorted_genome_alignments.bam,195219343,189750064,5469279,0.028016071
UNCID_2602763.07bfa75c-dab5-4095-9f42-5f4a1f81b833.sorted_genome_alignments.bam,205999830,200308889,5690941,0.02762595
UNCID_2602904.4d89bb3d-51c0-4db7-a126-539dcc4232cf.sorted_genome_alignments.bam,86221575,65503893,20717682,0.240284198
UNCID_2602965.7f762eb2-7746-447b-854b-043fdbb71542.sorted_genome_alignments.bam,82603159,80275942,2327217,0.028173462
UNCID_2603015.ed5fb1bc-ffb9-4946-89e0-73635d84f448.sorted_genome_alignments.bam,94192706,82774681,11418025,0.121219843
UNCID_2603035.0411137d-4ed6-46dd-a118-4a418fe27b56.sorted_genome_alignments.bam,89834804,86064728,3770076,0.041966764
UNCID_2603062.07cfd1bc-efbc-4237-91bd-071fb3802025.sorted_genome_alignments.bam,92636342,88113147,4523195,0.048827435
UNCID_2603152.7472e87e-5629-4d9b-9e13-f51ca7e7d5ee.sorted_genome_alignments.bam,108151552,98847434,9304118,0.08602852
UNCID_2603202.fe001be4-0c13-4754-8888-3961c98ccfe9.sorted_genome_alignments.bam,148715744,138134656,10581088,0.07114975
UNCID_2603262.ca17dd76-b2d6-4374-a55c-4a04767b7dcf.sorted_genome_alignments.bam,96387332,81878640,14508692,0.150524884
UNCID_2603379.4e00654c-d213-42fa-85d2-1d639b92dfef.sorted_genome_alignments.bam,127318056,123867571,3450485,0.027101301
UNCID_2603390.9fe793df-52e1-44a7-be24-c2a64b76f4ea.sorted_genome_alignments.bam,126956512,118846314,8110198,0.063881701
UNCID_2603504.09efddba-ad51-480b-921e-eb12830aa2b7.sorted_genome_alignments.bam,150609164,147097287,3511877,0.023317818
UNCID_2603553.52371577-673b-43b9-ae0b-5dd12bd2dc32.sorted_genome_alignments.bam,166842360,155089361,11752999,0.070443735
UNCID_2603620.97841894-fe38-4512-b5f5-b5526ec17836.sorted_genome_alignments.bam,161963889,157316664,4647225,0.02869297
UNCID_2603740.39c01e87-6cb4-47f5-9ecd-be16781ef1f2.sorted_genome_alignments.bam,79403196,66305977,13097219,0.164945741
UNCID_2603788.1d886c35-e832-4cf5-b686-7b27f3386438.sorted_genome_alignments.bam,113376750,109331181,4045569,0.035682528
UNCID_2603837.580772bc-57d8-4be2-ad7f-e4d0a8d754a4.sorted_genome_alignments.bam,81116171,71113891,10002280,0.123308089
UNCID_2603900.5ee92f6c-a5d5-42bc-b960-e6202e481308.sorted_genome_alignments.bam,142426456,138925793,3500663,0.024578741
UNCID_2603931.6bba58d8-7e73-4d46-a7c1-8c2ebce42978.sorted_genome_alignments.bam,151963939,111539103,40424836,0.266015979
UNCID_2603986.43833af2-f61d-45d1-bf14-24ae5ef4c755.sorted_genome_alignments.bam,187424451,181992559,5431892,0.028981768
UNCID_2604042.e9b1ab91-a30d-4b3b-a3a8-e89ef19774de.sorted_genome_alignments.bam,170012559,159662846,10349713,0.060876167
UNCID_2604045.36d6d95a-7959-428a-8c68-7adbd3e2e956.sorted_genome_alignments.bam,167999253,163481838,4517415,0.026889495
UNCID_2604120.7ad098cc-5fd0-4985-9bbc-17304a70984b.sorted_genome_alignments.bam,232508179,226201522,6306657,0.027124452
UNCID_2604329.79cb4563-e251-4def-91c2-23f44d85e682.sorted_genome_alignments.bam,133663061,129803601,3859460,0.028874544
UNCID_2604594.9e482bb8-20d5-4c7f-9ea7-671e9c5d772a.sorted_genome_alignments.bam,194180491,189671479,4509012,0.023220726
UNCID_2604890.5a6850cf-d5db-44b1-96a4-0529060a1b5b.sorted_genome_alignments.bam,68343638,59672133,8671505,0.12688094
UNCID_2604904.2f422234-9f11-47e7-9241-de464f2b3250.sorted_genome_alignments.bam,78042476,75267712,2774764,0.035554536
UNCID_2604929.eb3bb089-5471-43c6-b3a0-74553ecd0ac6.sorted_genome_alignments.bam,86027362,79485219,6542143,0.076047235
UNCID_2604980.05e6be5e-d1aa-42c3-9202-aa135358341a.sorted_genome_alignments.bam,101965860,96606703,5359157,0.052558346
UNCID_2605031.f87b447f-041b-4650-b42b-d7bcfd8babe6.sorted_genome_alignments.bam,140823087,137363193,3459894,0.024569082
UNCID_2605040.31766e6a-4527-4be0-9496-3ec7e2acb2a0.sorted_genome_alignments.bam,114823555,108199934,6623621,0.057685211
UNCID_2605099.30ed88e3-55ce-45de-bcec-b6ed37297cc5.sorted_genome_alignments.bam,120769178,116250491,4518687,0.037415896
UNCID_2605151.d9904f57-fde7-48bc-8c96-484d51017ff0.sorted_genome_alignments.bam,131364130,125281868,6082262,0.046300782
UNCID_2605173.10fc92d3-3589-458a-bc19-0d2d43fda9ab.sorted_genome_alignments.bam,138561093,131720627,6840466,0.04936787
UNCID_2605181.876df203-5f12-4165-a747-f2bece2b95cd.sorted_genome_alignments.bam,142702738,134141387,8561351,0.059994301
UNCID_2605215.88c52e7b-77ac-4c7b-9c3c-0be2135811a2.sorted_genome_alignments.bam,144122803,135113125,9009678,0.062513897
UNCID_2605281.9d711f74-d1e7-49cc-9482-42ff86c214ba.sorted_genome_alignments.bam,158930194,152789372,6140822,0.038638486
UNCID_2609724.a8358182-9a5c-4272-b0e3-1cfc5b4cb2aa.sorted_genome_alignments.bam,86561826,84200529,2361297,0.027278734
UNCID_2610057.5e12703e-1fc3-4471-aa5e-aa043ccdf338.sorted_genome_alignments.bam,93047979,90803371,2244608,0.024123125
UNCID_2610144.77ea5b95-f8df-4fae-b271-182680c4a62a.sorted_genome_alignments.bam,91122694,87984757,3137937,0.034436394
UNCID_2610599.7abd8a6e-f225-445a-be96-544c468485d6.sorted_genome_alignments.bam,93168319,91048805,2119514,0.0227493
UNCID_2610664.86eaf28f-b478-4422-ab92-55d057ff26b5.sorted_genome_alignments.bam,110066788,107255340,2811448,0.025543109
UNCID_2610671.275b0baf-883e-4b17-ae92-143d65f6b57f.sorted_genome_alignments.bam,103161368,99507853,3653515,0.035415535
UNCID_2610720.86afec38-04ce-4ddd-966e-5e185715e993.sorted_genome_alignments.bam,99497998,95430608,4067390,0.040879114
UNCID_2610756.0aad6d2a-1699-4403-8d45-f0b315ec89c7.sorted_genome_alignments.bam,118718558,116136191,2582367,0.021752008
UNCID_2610789.dd8d3665-ec9d-45be-b7b9-a85dac3585e2.sorted_genome_alignments.bam,110030381,107156726,2873655,0.026116923
UNCID_2610885.367f7d8f-d11e-4cec-8df8-ab4e23e1ed0c.sorted_genome_alignments.bam,120175720,116717334,3458386,0.028777743
UNCID_2610886.6e7b59c2-e4a6-4e28-b2a7-4ef6787347b9.sorted_genome_alignments.bam,123454644,117362716,6091928,0.049345475
UNCID_2610948.11785b0e-04c6-4cf5-80c6-2c4ffcb206f6.sorted_genome_alignments.bam,118471159,116000847,2470312,0.02085159
UNCID_2611004.23404035-b398-47bb-8d19-8345cb151471.sorted_genome_alignments.bam,124492136,121505647,2986489,0.023989379
UNCID_2611022.4e4ce7d0-661e-4663-a7e2-038ab9c44fcf.sorted_genome_alignments.bam,132623645,126217510,6406135,0.048303114
UNCID_2611118.c2df60f6-40d5-4fe0-88f8-d168feb0d921.sorted_genome_alignments.bam,130976884,127594076,3382808,0.025827519
UNCID_2611163.590c6aac-97cb-4d8b-9a18-cdc81ac672b6.sorted_genome_alignments.bam,109851946,107563531,2288415,0.020831811
UNCID_2611190.4c80c4a1-7e99-4f9e-b32c-898ae20206c5.sorted_genome_alignments.bam,141337491,137757643,3579848,0.025328368
UNCID_2611195.120dfe21-0b0c-4b21-9d14-780f38a36c1d.sorted_genome_alignments.bam,129994428,125579407,4415021,0.033963156
UNCID_2611257.a4d4156e-4491-49a6-b60d-c5506cd2508c.sorted_genome_alignments.bam,149562109,146820664,2741445,0.01832981
UNCID_2611280.6ef883fc-81f3-4089-95e0-86904ffc0d38.sorted_genome_alignments.bam,156827156,153532535,3294621,0.021007975
UNCID_2611306.67e2c672-3241-485d-8526-86366d33013e.sorted_genome_alignments.bam,147388225,142144403,5243822,0.035578297
UNCID_2611396.089da1d2-bdac-4ef2-9d59-2d144f77d5da.sorted_genome_alignments.bam,164782858,160735714,4047144,0.024560467
UNCID_2611415.cca6f765-44ff-4540-a961-0a2be4e41f93.sorted_genome_alignments.bam,139980726,134701590,5279136,0.037713306
UNCID_2611461.92a3d303-3efa-49c4-bd8a-cc6aa75afeeb.sorted_genome_alignments.bam,164428589,161203008,3225581,0.019616911
UNCID_2611621.579ab171-5760-4016-8f8e-b0886732e63f.sorted_genome_alignments.bam,139605539,136465563,3139976,0.022491772
UNCID_2611741.9c1dbf62-a42a-4a60-84bb-98715d9a4b60.sorted_genome_alignments.bam,147096736,140436363,6660373,0.045278863
UNCID_2611818.9f42a15e-fe08-424e-9688-914361d62510.sorted_genome_alignments.bam,161262457,157485602,3776855,0.023420547
UNCID_2611969.78648fc3-86d0-4cbe-b36c-b9a4f228b9aa.sorted_genome_alignments.bam,176745403,172429780,4315623,0.024417173
UNCID_2612202.b69eba12-3967-435d-a9f5-fbab59f94e80.sorted_genome_alignments.bam,128398563,125705182,2693381,0.020976722
UNCID_2612371.44f2b780-26e6-472f-9d2e-08622163421d.sorted_genome_alignments.bam,136562816,132254893,4307923,0.031545359
UNCID_2612420.45c094a7-ce6e-4033-b983-af413166b25a.sorted_genome_alignments.bam,153765744,150823323,2942421,0.019135738
UNCID_2612461.d992a3c1-fe30-4d15-a4e6-4e250e834da2.sorted_genome_alignments.bam,109978868,106638670,3340198,0.030371271
UNCID_2612531.ca6eb99c-bd11-4cca-9507-a1fd60afe813.sorted_genome_alignments.bam,86886114,66548922,20337192,0.23406723
UNCID_2612547.2349aa83-4d7a-447c-90d9-ea6be3598f2c.sorted_genome_alignments.bam,151780970,148409140,3371830,0.022215104
UNCID_2612576.f4df3f4e-48b1-49cc-85d0-101674f3403d.sorted_genome_alignments.bam,147753270,144150276,3602994,0.024385206
UNCID_2612661.f6333470-40af-4870-b743-2aaaf64bc983.sorted_genome_alignments.bam,126747597,122855125,3892472,0.03071042
UNCID_2612696.d9a48db8-86d7-4f28-8c30-c52764efcae5.sorted_genome_alignments.bam,150376503,147346840,3029663,0.020147183
UNCID_2612720.507cc158-4741-4205-a13c-97627604b622.sorted_genome_alignments.bam,161844151,157854093,3990058,0.024653705
UNCID_2612758.5eef1fb4-f7a7-4e33-bb83-5f589f9a4642.sorted_genome_alignments.bam,107508820,94304139,13204681,0.122824165
UNCID_2612759.443fa642-9194-41c4-bd99-70b640307b5b.sorted_genome_alignments.bam,163390512,159264010,4126502,0.025255457
UNCID_2612762.c672c2b4-da56-4584-9126-4d59b5cecc1b.sorted_genome_alignments.bam,140752688,136838825,3913863,0.027806666
UNCID_2612807.2718ed2d-63b0-4699-b23d-dacb86e6c926.sorted_genome_alignments.bam,118965747,111836272,7129475,0.059928805
UNCID_2612830.f6b0ac48-562c-4191-bc09-7cff499646c5.sorted_genome_alignments.bam,147130414,143030070,4100344,0.027868772
UNCID_2612873.d5244c04-696d-48c4-bcd9-657c683dfc60.sorted_genome_alignments.bam,152211023,147444721,4766302,0.031313777
UNCID_2612876.2e81aa42-67f0-4a4b-911d-a6772e8f0d8b.sorted_genome_alignments.bam,92331789,83614157,8717632,0.094416366
UNCID_2612977.6cd409f7-0933-4fa5-a998-735eadfb30ab.sorted_genome_alignments.bam,153828486,122028483,31800003,0.20672376
UNCID_2613068.4caa2b59-1435-4e64-9cf5-1658b3e9c147.sorted_genome_alignments.bam,95613957,68654395,26959562,0.281962622
UNCID_2613091.65a05800-c881-40bd-8fc5-ec20e042ea75.sorted_genome_alignments.bam,156513258,153104650,3408608,0.021778398
UNCID_2613092.61271279-c2a0-476d-8dea-263d9b8ca4da.sorted_genome_alignments.bam,162200656,158357646,3843010,0.023692937
UNCID_2613128.0e33492b-b79a-42cc-8820-f077875a9384.sorted_genome_alignments.bam,166190116,161880803,4309313,0.02593002
UNCID_2613162.4ea2dbaf-5774-451e-ae74-b5f8170a8352.sorted_genome_alignments.bam,187812414,183282291,4530123,0.024120466
UNCID_2613221.21199847-a3d2-44ea-8eed-36cde61f932c.sorted_genome_alignments.bam,152753144,140624903,12128241,0.079397652
UNCID_2613530.8083711c-418c-49d4-9717-0e494b50103e.sorted_genome_alignments.bam,195031211,188795847,6235364,0.031971108
UNCID_2613663.31f4a718-276b-4bf1-a61b-b6d946a91c32.sorted_genome_alignments.bam,201447904,194055725,7392179,0.036695239
UNCID_2613689.93dcc430-967c-4410-97ec-c3c814d9b826.sorted_genome_alignments.bam,186508142,169461104,17047038,0.091401039
UNCID_2613756.fc0c860a-7c68-457d-bc75-dbade64050c9.sorted_genome_alignments.bam,66509643,43908331,22601312,0.339820077
UNCID_2613952.31e3f7ad-91a7-45e5-b7c0-4469d2006173.sorted_genome_alignments.bam,233782006,229737282,4044724,0.017301263
UNCID_2614006.c83c8992-5d92-4c1e-a59d-cf890ecb9bb4.sorted_genome_alignments.bam,82597406,79198126,3399280,0.041154803
UNCID_2614071.8778e5a4-d61f-4fe0-a917-1f8036f85907.sorted_genome_alignments.bam,235024390,224977131,10047259,0.042749857
UNCID_2614079.a63b38f7-5d53-4556-a7dc-4e6c3f75ec9b.sorted_genome_alignments.bam,198895341,190286794,8608547,0.043281793
UNCID_2614119.15850809-45e4-400d-89c0-20d313f699cb.sorted_genome_alignments.bam,201550856,194856821,6694035,0.033212635
UNCID_2614148.a96481d1-916b-4707-a374-0b20ae649a05.sorted_genome_alignments.bam,106398133,81625630,24772503,0.232828362
UNCID_2614159.66dc8005-3575-4b72-8c02-4f920bdfd8e3.sorted_genome_alignments.bam,120840200,109923113,10917087,0.090343172
UNCID_2614219.bb755636-09e2-43e0-a957-79928a6e4f73.sorted_genome_alignments.bam,128477362,112356977,16120385,0.125472572
UNCID_2614220.7d74ec0f-631d-463c-820e-ce796cb3b798.sorted_genome_alignments.bam,111825565,104350877,7474688,0.06684239
UNCID_2614344.81f85c7b-5262-466b-b4fb-a4fe9febfe0a.sorted_genome_alignments.bam,178145928,169614569,8531359,0.047889722
UNCID_2614391.b426dd0e-446d-4738-a608-beaa368920bf.sorted_genome_alignments.bam,175968957,168093776,7875181,0.04475324
UNCID_2614418.35900b9c-bc5c-49cc-acb4-410305e8ab64.sorted_genome_alignments.bam,126264022,120931742,5332280,0.042231191
UNCID_2614497.434c7cb8-d131-46e0-a068-5345b5a77fff.sorted_genome_alignments.bam,100377525,94758682,5618843,0.055977102
UNCID_2614548.e6f9cecd-b130-441d-9073-cf1df303e2ab.sorted_genome_alignments.bam,123334732,114126940,9207792,0.074656926
UNCID_2614549.ec7657a0-88da-482a-90d1-1fd03578e11b.sorted_genome_alignments.bam,218576943,205998857,12578086,0.057545347
UNCID_2614600.4c0ca123-3b83-4a25-aa0f-fe1a593ea969.sorted_genome_alignments.bam,157695042,152625321,5069721,0.032148893
UNCID_2614652.fa901a09-cc13-402a-aba6-f93f4242c3d1.sorted_genome_alignments.bam,151182566,145042568,6139998,0.040613135
UNCID_2614660.af080299-4f21-42bb-8477-8d7414cdaf9f.sorted_genome_alignments.bam,139066744,125380618,13686126,0.098414082
UNCID_2614723.1747f562-8e96-47e6-96ab-26f34d54b4bd.sorted_genome_alignments.bam,118096006,108782649,9313357,0.078862591
UNCID_2614979.7f531556-60c1-482c-9c1d-4a9ab00c7eac.sorted_genome_alignments.bam,121827933,86984304,34843629,0.286006896
UNCID_2615025.dda7df91-6e67-46d3-bfdc-d5bde725f44c.sorted_genome_alignments.bam,177423292,164157430,13265862,0.074769563
UNCID_2615056.212f9e63-ba39-4765-8522-86833312f8db.sorted_genome_alignments.bam,126713312,109827643,16885669,0.13325884
UNCID_2615076.3e70c3e7-e946-46c8-b703-bc531bd1edce.sorted_genome_alignments.bam,150681059,137948984,12732075,0.084496851
UNCID_2615098.d2f9c79e-127a-4e53-869d-3ff6b2baf0aa.sorted_genome_alignments.bam,150286667,136552322,13734345,0.091387648
UNCID_2615140.66e392a4-c4fb-43a7-bba1-6a940967158f.sorted_genome_alignments.bam,194314598,187140083,7174515,0.036922162
UNCID_2615174.692c9e12-4ebc-43e2-a520-6e22b6b4e8ed.sorted_genome_alignments.bam,146113398,141992162,4121236,0.028205736
UNCID_2615251.2cb30421-0335-4427-801d-221735b9beec.sorted_genome_alignments.bam,119631512,72919587,46711925,0.390465056
UNCID_2615298.3d8c5a1e-618c-4a68-b9d7-d01a86ccf88b.sorted_genome_alignments.bam,183715524,177417443,6298081,0.034281703
UNCID_2615370.b5d317d7-382e-4695-9f30-bb6664b3189f.sorted_genome_alignments.bam,146079023,132846981,13232042,0.090581397
UNCID_2615450.4e640b86-66f7-458c-af5c-b195778aa295.sorted_genome_alignments.bam,115379547,95366844,20012703,0.173451045
UNCID_2615519.b23ad2ad-d6d2-4e5a-96d7-424cd506a180.sorted_genome_alignments.bam,222640192,214953791,7686401,0.03452387
UNCID_2615804.824f212a-b8a3-429e-a8f1-df83302fa1cf.sorted_genome_alignments.bam,147722249,141393860,6328389,0.042839782
UNCID_2615911.7ea62df0-1cc5-4bd9-ad9e-3d68aa965731.sorted_genome_alignments.bam,248562786,241369405,7193381,0.028939895
UNCID_2615949.7372b53d-ff45-4071-86dc-a19961456c4a.sorted_genome_alignments.bam,134626043,128255232,6370811,0.047322278
UNCID_2616666.f7a4adf3-31b2-43d8-80ca-889aedfd0152.sorted_genome_alignments.bam,240722417,233422594,7299823,0.03032465
UNCID_2618966.1e91fe2c-87a8-44b1-ba40-f8d92d470a40.sorted_genome_alignments.bam,74235925,69627163,4608762,0.062082637
UNCID_2618977.6c3a4f09-1862-4fed-9977-759ec00a5aeb.sorted_genome_alignments.bam,73724592,71806971,1917621,0.026010602
UNCID_2618985.a7a49062-5a0f-4a5f-bcac-9673538f975d.sorted_genome_alignments.bam,78073002,74991128,3081874,0.03947426
UNCID_2619022.134b8660-251e-428f-9057-b385b122c5ec.sorted_genome_alignments.bam,73708490,70019604,3688886,0.050046962
UNCID_2619029.099fe601-12b3-4e3d-8d01-322ef9ac9e5a.sorted_genome_alignments.bam,72855970,70305983,2549987,0.035000385
UNCID_2619072.7ac6a0a3-3c2a-4e47-a248-690ac73d4593.sorted_genome_alignments.bam,87424912,78929092,8495820,0.097178479
UNCID_2619194.2c10e17e-58c2-445c-9306-ca22625bdc38.sorted_genome_alignments.bam,97809133,94558874,3250259,0.033230629
UNCID_2619296.087f71fd-fbd5-47c6-92ed-23286b2ed945.sorted_genome_alignments.bam,102687064,99542909,3144155,0.030618803
UNCID_2619314.9bfa35f8-31cf-4644-b860-b7aba3de3e5d.sorted_genome_alignments.bam,115604665,111240157,4364508,0.037753736
UNCID_2619321.c23a2426-2763-4088-b85b-e9cfcfc7959d.sorted_genome_alignments.bam,65641065,62659306,2981759,0.045425208
UNCID_2619331.cd9bf80a-84dc-4ffa-8b82-6d298d9931e7.sorted_genome_alignments.bam,101608064,93954755,7653309,0.075321866
UNCID_2619463.439c718c-5d13-4516-9343-0a0b8c5869c4.sorted_genome_alignments.bam,107253206,103924450,3328756,0.031036424
UNCID_2619480.77c8973f-bfb5-4b27-8030-cce016ae7a3b.sorted_genome_alignments.bam,288735876,282791940,5943936,0.020586067
UNCID_2619497.3fea9924-e623-43ef-a003-0821bf2e3013.sorted_genome_alignments.bam,119014288,114400017,4614271,0.038770731
UNCID_2619499.0e370e53-c3cc-4191-a6f5-68c932ee7641.sorted_genome_alignments.bam,73485282,70785343,2699939,0.036741221
UNCID_2619559.9aa788e8-ff29-49a1-bec4-282c728de83e.sorted_genome_alignments.bam,132559733,128928168,3631565,0.027395687
UNCID_2619689.ece2a45a-7c07-44a2-baca-4a62aa38592f.sorted_genome_alignments.bam,70576345,64521108,6055237,0.085796976
UNCID_2619847.3c6ca697-64ab-43d8-99ab-10ecbc0e8313.sorted_genome_alignments.bam,133891551,129693108,4198443,0.031357042
UNCID_2619861.848b19c6-7761-48b9-9f22-ab31d5aadba1.sorted_genome_alignments.bam,57147557,54294469,2853088,0.049924934
UNCID_2620125.55844917-3a31-4f8b-a955-14ca0f139368.sorted_genome_alignments.bam,58641328,56201161,2440167,0.041611728
UNCID_2620184.d416dda9-edc6-4dae-b563-23a546e70b8a.sorted_genome_alignments.bam,106591875,103205530,3386345,0.03176926
UNCID_2620252.adda35fc-181d-4a0c-9afe-f2bdd83ab087.sorted_genome_alignments.bam,83607272,80300446,3306826,0.039551894
UNCID_2620361.7c626639-ebbc-472b-8ad0-239068f6d4e8.sorted_genome_alignments.bam,57097934,50532329,6565605,0.114988486
UNCID_2620410.35a82435-e313-4206-b328-b2b1db736aef.sorted_genome_alignments.bam,84259998,79555463,4704535,0.055833552
UNCID_2620442.ec4f5770-275f-494f-af91-b82e62f19f1a.sorted_genome_alignments.bam,68351112,64819954,3531158,0.051662042
UNCID_2620496.822773fd-5a37-49ea-8064-c20738ecc24a.sorted_genome_alignments.bam,76738699,73313974,3424725,0.044628395
UNCID_2620540.2ee45f38-cb92-4e91-acea-e454a13f59d9.sorted_genome_alignments.bam,62512631,55027209,7485422,0.119742553
UNCID_2620629.22cc7838-fc6a-431b-b25a-07ca943a6f48.sorted_genome_alignments.bam,86839799,81893035,4946764,0.05696425
UNCID_2620734.f5204ae5-1d85-41ec-b9c2-c48c310c5710.sorted_genome_alignments.bam,86308989,81586437,4722552,0.054716804
UNCID_2620793.23da230e-1c63-4e5b-bf92-8a1bec33073c.sorted_genome_alignments.bam,60516392,58548720,1967672,0.032514695
UNCID_2620945.4d83df74-09cf-4590-a15a-c5c583cbb639.sorted_genome_alignments.bam,104974069,99105201,5868868,0.055907788
UNCID_2620983.9193b82b-1dc0-478f-96bc-cf06bc708161.sorted_genome_alignments.bam,66937444,65187560,1749884,0.02614208
UNCID_2621025.84c2b589-9bdc-4ddb-9be2-823b1c1f4923.sorted_genome_alignments.bam,276571960,267533041,9038919,0.032681979
UNCID_2621113.60314e50-293c-4267-b1db-68e838017bcd.sorted_genome_alignments.bam,83891102,81467124,2423978,0.02889434
UNCID_2621203.6eb18bd6-15f9-42fb-a8d0-91c7fb0342ff.sorted_genome_alignments.bam,109999956,104447341,5552615,0.050478338
UNCID_2621251.45f7bba9-5bf4-4b9c-b749-996e4b8d5582.sorted_genome_alignments.bam,116755119,111971726,4783393,0.04096945
UNCID_2621310.a79de49e-9b1c-4512-b6ed-df4a858c4875.sorted_genome_alignments.bam,166391026,157900513,8490513,0.051027469
UNCID_2621345.ff1c3e81-f70f-4b59-b97c-263a317078ac.sorted_genome_alignments.bam,80613982,75300784,5313198,0.065909137
UNCID_2621374.1eb7d71a-045d-4c79-8375-100de27caafd.sorted_genome_alignments.bam,310240611,297195465,13045146,0.04204848
UNCID_2621551.577cf129-d44e-4dda-bc23-bcbe2c55cfcc.sorted_genome_alignments.bam,82659898,79662146,2997752,0.036266098
UNCID_2621605.ba7eaaac-b25a-4f83-b8f8-885b172ac44c.sorted_genome_alignments.bam,103258704,96526296,6732408,0.065199424
UNCID_2622478.10fbe91f-3570-4cc4-9a86-ea660a86a806.sorted_genome_alignments.bam,52680082,51195692,1484390,0.028177443
UNCID_2622524.c924c2a8-ab41-4499-bb30-79705cc17d45.sorted_genome_alignments.bam,65953943,64127299,1826644,0.027695751
UNCID_2622542.02bb3468-c1a4-405e-b721-68569b1b70d2.sorted_genome_alignments.bam,65603585,63844579,1759006,0.026812651
UNCID_2622627.cbe61175-1786-4c4e-8376-07a39865d4dd.sorted_genome_alignments.bam,69782869,62727858,7055011,0.101099469
UNCID_2622674.c677782e-02d1-42cf-ba27-cc1d1b90b915.sorted_genome_alignments.bam,78668868,70739580,7929288,0.100793213
UNCID_2622677.5c7d1e9d-56b8-4e54-a573-f7bd91f2afee.sorted_genome_alignments.bam,76473466,73845486,2627980,0.034364599
UNCID_2622744.590ae2bc-c076-4547-97dc-e2c8a0d396a6.sorted_genome_alignments.bam,90082468,87790873,2291595,0.025438857
UNCID_2622770.11ab1458-48c5-4a78-be11-60093f5f47ad.sorted_genome_alignments.bam,85477590,82831080,2646510,0.030961448
UNCID_2622792.16689efe-1dcc-46f8-9c81-c8d7d81306a6.sorted_genome_alignments.bam,86307148,84339692,1967456,0.02279598
UNCID_2622806.686f7d99-e94c-41a1-a22d-7fa1622828cb.sorted_genome_alignments.bam,91991018,89618190,2372828,0.025794127
UNCID_2622807.ab647fd5-7782-48ae-ba71-116e735b53f0.sorted_genome_alignments.bam,93810075,91403924,2406151,0.025649175
UNCID_2622854.fe88d81d-593e-4e0c-8b69-194da156f9ae.sorted_genome_alignments.bam,96646689,94106688,2540001,0.026281304
UNCID_2622876.15c73666-b316-4108-97e9-9d0e40540a2c.sorted_genome_alignments.bam,103984978,100830589,3154389,0.030335045
UNCID_2622921.eb8b259a-b2b3-4fb1-b9d3-b41480642da7.sorted_genome_alignments.bam,110423423,107553711,2869712,0.025988254
UNCID_2622944.c072af8c-0013-4d19-a4cb-d441111c7391.sorted_genome_alignments.bam,86779331,78833117,7946214,0.091568049
UNCID_2622967.a18a4d65-5383-4c29-ac03-959f8b9cb37d.sorted_genome_alignments.bam,106346115,104016643,2329472,0.021904627
UNCID_2623086.43c6d23b-2fcd-499e-82ef-10f15d8ede90.sorted_genome_alignments.bam,109828587,103044182,6784405,0.061772669
UNCID_2623112.653f5c38-8795-4ed9-8c4a-aaf5597eee8c.sorted_genome_alignments.bam,111684100,106370272,5313828,0.047579091
UNCID_2623157.89399aeb-3739-4a83-bab7-0e2c8d619a06.sorted_genome_alignments.bam,125803979,119708511,6095468,0.048452108
UNCID_2623220.69c20a0f-f982-4974-b4ba-88b1cb9d72e5.sorted_genome_alignments.bam,97643619,94234221,3409398,0.034916752
UNCID_2623237.412feaad-4ed9-48cc-9fb2-1a8515766d67.sorted_genome_alignments.bam,129825864,126708850,3117014,0.024009191
UNCID_2623271.9725eda0-0a92-463c-bc35-bc7e673914cb.sorted_genome_alignments.bam,135643729,131809863,3833866,0.028264233
UNCID_2623367.c119a170-e1ba-4965-a9c6-5c0b41ceefba.sorted_genome_alignments.bam,144895724,141038378,3857346,0.026621531
UNCID_2624193.c9034ac6-dadc-4537-a65a-77072438154e.sorted_genome_alignments.bam,51548814,50165218,1383596,0.026840501
UNCID_2624242.98498920-e1fe-447a-929f-ff975eef9c32.sorted_genome_alignments.bam,99260182,93454113,5806069,0.058493435
UNCID_2624307.d0520423-038d-4da6-923b-b76f7a55244a.sorted_genome_alignments.bam,110031055,107348827,2682228,0.024377009
UNCID_2624329.32e61645-eb89-49f7-9876-85b1497c7e42.sorted_genome_alignments.bam,95768541,93089080,2679461,0.027978509
UNCID_2624355.19cadb60-b213-4fd3-b5ad-d2b49000b6a3.sorted_genome_alignments.bam,130333181,126699401,3633780,0.027880698
UNCID_2624473.54c3933f-3d7a-41bc-9909-593ba5cff618.sorted_genome_alignments.bam,143832183,138415315,5416868,0.037661029
UNCID_2624515.bf6773cf-f233-4990-885e-56073c92cb0c.sorted_genome_alignments.bam,120554839,117215980,3338859,0.027695769
UNCID_2624516.7d32ee7b-77a7-4c50-923f-a870221640e5.sorted_genome_alignments.bam,138338691,135434471,2904220,0.020993548
UNCID_2624537.cf245652-8ced-4d0a-8838-98e5bba556e6.sorted_genome_alignments.bam,162312077,158132309,4179768,0.025751429
UNCID_2624566.2ea9e472-a408-4ae0-975d-50a566f22b2a.sorted_genome_alignments.bam,127531315,124581400,2949915,0.023130907
UNCID_2624590.c3a5aa9d-5b4d-4c3a-9e4c-656f174e2a6e.sorted_genome_alignments.bam,127221563,123962335,3259228,0.025618519
UNCID_2624610.66ea9a6e-0bfa-4eab-a96d-a8982d433d9c.sorted_genome_alignments.bam,124390239,121523975,2866264,0.023042515
UNCID_2624611.72229857-f051-4742-b47b-bd18ae5b553f.sorted_genome_alignments.bam,175290940,170937105,4353835,0.024837764
UNCID_2624632.3cf4fddd-7fb5-4bb6-bca8-412019df4e2d.sorted_genome_alignments.bam,133667319,130361129,3306190,0.024734468
UNCID_2624649.435de9a0-3c2b-4b4f-87d1-92f37a0765b5.sorted_genome_alignments.bam,140063429,136535585,3527844,0.025187474
UNCID_2624660.9692d44e-91d7-430b-a72d-c720062f7274.sorted_genome_alignments.bam,127386450,123647132,3739318,0.029354127
UNCID_2624734.6b6d937b-c112-41d7-86ed-284bd580b425.sorted_genome_alignments.bam,145636680,142262761,3373919,0.023166684
UNCID_2624759.1a19e068-d213-41ef-aebb-104017a883cc.sorted_genome_alignments.bam,148429825,143035555,5394270,0.036342224
UNCID_2624785.181e9c9f-7dbd-4f3a-8298-12797c717e1f.sorted_genome_alignments.bam,137410663,129643878,7766785,0.056522433
UNCID_2624837.34f3d207-0bfe-4699-b01b-d145942ba488.sorted_genome_alignments.bam,157391165,153262341,4128824,0.026232883
UNCID_2624872.e998f821-2f01-480b-a3f4-9a7dbb4ad7be.sorted_genome_alignments.bam,153068241,148658367,4409874,0.028809856
UNCID_2624915.dc9675cd-b42a-4817-9ea7-e65befe9b7d4.sorted_genome_alignments.bam,174194141,167313114,6881027,0.039502058
UNCID_2624941.5e032694-2d7f-4e11-8800-0451ff71e5fe.sorted_genome_alignments.bam,143979724,140078026,3901698,0.027098941
UNCID_262532.TCGA-AA-3870-01A-01R-1022-07.101015_UNC6-RDR300211_00037_FC_707YUAAXX.7.trimmed.annotated.translated_to_genomic.bam,29101825,25359801,3742024,0.128583826
UNCID_2625435.fb2e021f-ebae-4f7a-a072-d14046a20ce6.sorted_genome_alignments.bam,161530851,157491034,4039817,0.025009569
UNCID_262764.TCGA-A6-3807-01A-01R-1022-07.100630_UNC1-RDR301647_0010_622MUAAXX.2.trimmed.annotated.translated_to_genomic.bam,20277289,16224065,4053224,0.199889837
UNCID_2632842.09c2a2ad-2174-4ebc-b356-628af5e05799.sorted_genome_alignments.bam,84501892,79164411,5337481,0.063164041
UNCID_2632854.6cf6f149-a805-4f83-90cc-a3cf6eee7317.sorted_genome_alignments.bam,90994433,66509680,24484753,0.269079681
UNCID_2632892.d3633d63-7cbe-4014-b051-211240a29ac8.sorted_genome_alignments.bam,117591030,112002050,5588980,0.047528965
UNCID_2632909.d432f7df-7104-486f-9ea9-1d16865333cd.sorted_genome_alignments.bam,136937363,128197556,8739807,0.063823392
UNCID_2632912.14edee70-32c0-41f3-a8f1-1b641ab548cb.sorted_genome_alignments.bam,77354898,72689256,4665642,0.060314759
UNCID_2632939.6dd11614-cfb8-46ae-ad65-75fb407306e4.sorted_genome_alignments.bam,118427354,111630959,6796395,0.057388726
UNCID_2633027.49d7b78f-7841-4969-b063-5bc57099283c.sorted_genome_alignments.bam,110785257,105757426,5027831,0.045383575
UNCID_2633088.73815125-e38b-4244-99f0-e630c6ea5fff.sorted_genome_alignments.bam,119771525,104215914,15555611,0.129877373
UNCID_2633119.d8259ddb-5f41-43ea-889c-1e7dba9d32bc.sorted_genome_alignments.bam,103977368,101668127,2309241,0.022209073
UNCID_2633171.7b57fc63-9575-4b1f-8705-5b3cf5426997.sorted_genome_alignments.bam,149472679,141929740,7542939,0.050463664
UNCID_2633172.df428368-b3b0-4e70-b930-2e143645a779.sorted_genome_alignments.bam,119131152,116596054,2535098,0.021279892
UNCID_2633218.c9dcf079-d32b-47d6-807f-988628c13c92.sorted_genome_alignments.bam,135239715,132156637,3083078,0.022797135
UNCID_2633223.6b62b19f-8a09-4042-83e9-f86399aac7d1.sorted_genome_alignments.bam,144899387,138243163,6656224,0.045936868
UNCID_2633254.c037b79c-c02f-474e-be9d-6c9ca4cfd633.sorted_genome_alignments.bam,130930222,125650586,5279636,0.040324044
UNCID_2633275.be0d33e0-2aa6-48bb-b8e3-69259e28f8e3.sorted_genome_alignments.bam,119153664,116243429,2910235,0.024424217
UNCID_2633306.64a97187-7a48-4930-8e32-0641a529d90d.sorted_genome_alignments.bam,168787802,158422130,10365672,0.061412447
UNCID_2633325.eb0b4f03-9121-4c2a-bc13-4d9109d6b894.sorted_genome_alignments.bam,131733814,128954678,2779136,0.021096603
UNCID_2633395.032ec32d-66ca-4792-9132-2e61d918c3c2.sorted_genome_alignments.bam,105847481,77523906,28323575,0.26758856
UNCID_2633428.dabfebc1-8652-47cd-a373-a7e12c3bfbc9.sorted_genome_alignments.bam,170600884,159385386,11215498,0.065741148
UNCID_2633448.6c2960e2-ad7a-4c08-a453-1bf747483d42.sorted_genome_alignments.bam,106554142,94145617,12408525,0.11645277
UNCID_2633498.bdf870fd-2b18-4aac-aa9a-b01bd6bf9834.sorted_genome_alignments.bam,148080803,133359907,14720896,0.099411238
UNCID_2633563.be1c653d-1f9a-41fd-b53c-024216355721.sorted_genome_alignments.bam,134037892,127573548,6464344,0.048227735
UNCID_2633633.9e99dced-8649-4a7e-bba9-ccde95cc4045.sorted_genome_alignments.bam,136183325,133329402,2853923,0.020956479
UNCID_2633645.e23ff6ac-2fdf-4838-aaa3-27e012bbf6ed.sorted_genome_alignments.bam,167445757,162207670,5238087,0.031282292
UNCID_2633734.3f1addce-3a5a-4b68-ae77-df6191c9ba57.sorted_genome_alignments.bam,147438381,137698888,9739493,0.066058057
UNCID_2633763.b1bab5f2-614b-436b-b53f-b2910b70c487.sorted_genome_alignments.bam,152319851,147739426,4580425,0.030071097
UNCID_2633876.57f193de-ae4f-4ac9-aab2-a5e275b3501e.sorted_genome_alignments.bam,157981172,151429927,6551245,0.041468518
UNCID_2634179.4f40609b-40ad-44f2-9185-a4c99056c48e.sorted_genome_alignments.bam,88234391,86393183,1841208,0.020867238
UNCID_2634232.6aafc1f6-257e-4105-b032-457bcc52dc1b.sorted_genome_alignments.bam,111221518,105739285,5482233,0.049291118
UNCID_2634441.1e48f03f-3939-4dfd-8d32-c85ec473678a.sorted_genome_alignments.bam,113889779,100812674,13077105,0.114822464
UNCID_2634463.a126ebd8-a7e3-4ea6-92a4-cf8a3a99b19b.sorted_genome_alignments.bam,121380068,118604961,2775107,0.022862955
UNCID_2634839.ab18089c-9cb7-4e3a-8b4a-b1391b89d1b4.sorted_genome_alignments.bam,107170541,103915425,3255116,0.030373235
UNCID_2634859.2f48ea8f-6e03-4f00-acc5-e9bc491ad673.sorted_genome_alignments.bam,97857115,95961856,1895259,0.019367616
UNCID_2634884.4749bc16-8e1b-4e8e-b975-f07fd2ae885e.sorted_genome_alignments.bam,106116641,103948945,2167696,0.020427484
UNCID_2634900.8b3cfbe2-bb77-4fe0-af7c-569f83701beb.sorted_genome_alignments.bam,127253332,124547893,2705439,0.021260261
UNCID_2634919.3e6d35a3-3a10-4629-a316-8df8cc951678.sorted_genome_alignments.bam,151459421,145940758,5518663,0.036436578
UNCID_2635074.b9173a1f-a255-4e0e-88d2-ded795ba0e7b.sorted_genome_alignments.bam,61937235,60407102,1530133,0.024704574
UNCID_2635101.34dfa8c6-6445-4ef8-bc3b-b2ba600b5808.sorted_genome_alignments.bam,67045414,65494665,1550749,0.02312983
UNCID_2635179.92c6186a-1ba5-4125-809c-e55150463c57.sorted_genome_alignments.bam,75865928,74289477,1576451,0.020779433
UNCID_2635236.b75d23fe-38b3-45fc-87ad-51a3d899cd17.sorted_genome_alignments.bam,83966567,82222800,1743767,0.020767397
UNCID_2635274.24ef9702-a1e5-4276-abb2-87088861d471.sorted_genome_alignments.bam,85821305,83868163,1953142,0.022758242
UNCID_2635502.51122947-fc8a-4285-b83a-4d5eabbe7c87.sorted_genome_alignments.bam,112765653,109884453,2881200,0.025550333
UNCID_2635552.f333abf0-a807-459c-8477-b1858510908d.sorted_genome_alignments.bam,107776091,104753441,3022650,0.028045645
UNCID_2635623.288f90b8-5be8-4077-b578-62b80b14f0c0.sorted_genome_alignments.bam,123339304,120683236,2656068,0.021534644
UNCID_2635626.12037b1a-ef64-4ea7-99c8-703132eb2d1e.sorted_genome_alignments.bam,106802032,103755964,3046068,0.028520693
UNCID_2635687.3a1d7b89-9523-42d3-9351-f6ed0631cbe4.sorted_genome_alignments.bam,135147392,119213948,15933444,0.117896792
UNCID_2635709.5f0f8fbb-4f3c-4786-9cb5-4faf8263a813.sorted_genome_alignments.bam,112102604,109613781,2488823,0.022201295
UNCID_2635759.a737c8ad-5796-47f9-8505-4e7fb2a297ed.sorted_genome_alignments.bam,105099187,102940776,2158411,0.020536895
UNCID_2635760.1ec3463c-c56d-4b93-9873-1e7b9d2d4fc4.sorted_genome_alignments.bam,132963512,128483573,4479939,0.033692995
UNCID_2635800.0c6c8f2a-c7e0-4310-9440-d21e00a28167.sorted_genome_alignments.bam,103987026,100181581,3805445,0.036595383
UNCID_2635811.fa58821e-b6a7-4d83-be93-b1ae5a382824.sorted_genome_alignments.bam,86923031,84881680,2041351,0.023484581
UNCID_2635960.41ab76d7-fae0-490c-9545-be576b64b827.sorted_genome_alignments.bam,91761725,89698904,2062821,0.02248019
UNCID_2636228.5a6b1292-431d-4057-912f-6c8b8f12aed8.sorted_genome_alignments.bam,165405322,161838094,3567228,0.021566585
UNCID_2636229.ab8a3b08-8687-42c2-9c03-ae6691e8a183.sorted_genome_alignments.bam,212946364,207793822,5152542,0.024196431
UNCID_2636300.2ca5942e-dcbf-46f1-8427-1ea7216dc559.sorted_genome_alignments.bam,110960213,108821862,2138351,0.019271331
UNCID_2636320.cfe44709-9e63-4dd4-9778-80176be7fbd9.sorted_genome_alignments.bam,168660692,164481167,4179525,0.02478067
UNCID_2636327.1f6f9954-19da-47bd-89c2-b0701871575e.sorted_genome_alignments.bam,91906551,89830505,2076046,0.022588662
UNCID_2636346.78f72cda-30eb-41f6-8713-795ced251abb.sorted_genome_alignments.bam,211615683,207451337,4164346,0.019678816
UNCID_2636363.b58ffa95-5a94-4b18-b149-8a0095c53bb8.sorted_genome_alignments.bam,79458625,76173582,3285043,0.041342812
UNCID_2636433.d7b71b54-934d-4c8e-bf39-c5dc66265739.sorted_genome_alignments.bam,155954293,151913040,4041253,0.02591306
UNCID_2636489.79779bb1-b381-4d71-8821-83b82533c47c.sorted_genome_alignments.bam,156203988,152314045,3889943,0.024902969
UNCID_2636525.a0f29436-5ded-49e0-803e-847d7c2f0b23.sorted_genome_alignments.bam,83250707,81550456,1700251,0.020423262
UNCID_2636543.bf71da3a-93c2-450a-aa78-b95ae34d285a.sorted_genome_alignments.bam,110000317,107489070,2511247,0.022829452
UNCID_2636597.08f98061-6b1e-4059-b37a-fe45b1c8652b.sorted_genome_alignments.bam,125884583,122793501,3091082,0.024554889
UNCID_2636627.751f3b6e-a9c0-4ad8-a8af-06b40d67159d.sorted_genome_alignments.bam,145650650,141799921,3850729,0.026438118
UNCID_2636646.d1b4d16a-0198-4b4e-94c8-d36c555f8858.sorted_genome_alignments.bam,103022166,101037406,1984760,0.019265369
UNCID_2636808.d8a45ca6-8f09-4949-8d55-13259b4826d2.sorted_genome_alignments.bam,151429523,147744254,3685269,0.024336529
UNCID_2636822.681e8dff-28d1-4269-a4d2-f4446e67c4ba.sorted_genome_alignments.bam,147262852,143476055,3786797,0.025714543
UNCID_2637038.fca16598-c7bf-46e5-a3d5-c30e0fd8866a.sorted_genome_alignments.bam,131562285,129110341,2451944,0.018637134
UNCID_2637163.be86bc67-ccbb-4565-adc3-4577b8067a33.sorted_genome_alignments.bam,134813226,126578315,8234911,0.061083851
UNCID_2639138.5b1caa21-6281-47b4-b11f-fbe5458f1ffb.sorted_genome_alignments.bam,99191137,92166571,7024566,0.070818485
UNCID_2639150.e1aa2737-5bf3-4348-b3bf-07d881e71e6e.sorted_genome_alignments.bam,109464544,95963487,13501057,0.123337261
UNCID_2639151.ccf74279-b0d5-45ca-9a90-fd7d3d2fa630.sorted_genome_alignments.bam,109616335,92674598,16941737,0.154554857
UNCID_2639168.d3582fe8-0633-449d-969d-8e0e4c06bfd8.sorted_genome_alignments.bam,109327828,89560047,19767781,0.18081198
UNCID_2639172.fcea51b1-3899-4c1d-bcc1-b0fbefe01661.sorted_genome_alignments.bam,113496288,105546520,7949768,0.0700443
UNCID_2639207.34dd06ab-c00e-4e24-8c92-eae9c430216a.sorted_genome_alignments.bam,112321612,94766527,17555085,0.156293029
UNCID_2639222.5be075bb-9fa0-4821-8e61-672f28e2b833.sorted_genome_alignments.bam,112349703,108950426,3399277,0.030256217
UNCID_2639233.45baf47b-b48d-44b4-b97d-1e2955a91f1c.sorted_genome_alignments.bam,120686145,113773940,6912205,0.057274221
UNCID_2639240.ab1ad0d6-3d4e-463c-9ff2-c355602506c5.sorted_genome_alignments.bam,115821808,112344858,3476950,0.030019821
UNCID_2639247.3213d854-0c94-4958-94e6-d3ada06b0ed2.sorted_genome_alignments.bam,114397683,109953620,4444063,0.038847491
UNCID_2639248.ef6ecdbb-20df-4c7b-bb47-5f14af908008.sorted_genome_alignments.bam,125454036,121889622,3564414,0.028412111
UNCID_2639270.c0c50e3a-973e-429d-b93f-dd7ff2aebbcc.sorted_genome_alignments.bam,128224562,123585175,4639387,0.036181734
UNCID_2639293.8d639a44-445c-440c-8452-bafba2df33fc.sorted_genome_alignments.bam,127592522,119527821,8064701,0.06320669
UNCID_2639332.7095ba1c-4133-4612-86bf-c3b4dea188ba.sorted_genome_alignments.bam,132682749,128069373,4613376,0.034769976
UNCID_2639333.c623f952-e487-4d8d-a5c3-eef8bac53a05.sorted_genome_alignments.bam,134832092,128963842,5868250,0.04352265
UNCID_2639350.8f27c933-b86c-4d95-8d17-75f0861ecc10.sorted_genome_alignments.bam,131136742,126862944,4273798,0.032590393
UNCID_2639391.898a30f1-75df-4503-a586-c2cb43fe1db9.sorted_genome_alignments.bam,150998387,146665046,4333341,0.028697929
UNCID_2639410.1ee97326-1e6c-4c92-ab9f-c4eb6aeb5c46.sorted_genome_alignments.bam,159535680,154007360,5528320,0.034652562
UNCID_2639419.6624447f-0954-4488-b8f7-2e73162ef22b.sorted_genome_alignments.bam,155593117,146909251,8683866,0.055811376
UNCID_2639455.b510c5b5-c31a-4d90-9674-994fd9c50ff1.sorted_genome_alignments.bam,148350330,143619299,4731031,0.031890937
UNCID_2640339.4333b9aa-34fb-429f-b622-6ab259f12367.sorted_genome_alignments.bam,68967953,66851425,2116528,0.030688572
UNCID_2640358.b1af0c13-8e8b-456f-9e4c-c8c22d8ac37f.sorted_genome_alignments.bam,77055541,75180526,1875015,0.024333292
UNCID_2640378.3c1b3db3-89b5-479d-8ddf-4765b46934f4.sorted_genome_alignments.bam,83379014,78503708,4875306,0.05847162
UNCID_2640430.e4311714-b7a4-47b2-81a2-bddd0775f1e6.sorted_genome_alignments.bam,116673213,106883352,9789861,0.083908386
UNCID_2640630.2ffd7576-f25e-44f1-ba9f-7db6030aa0c6.sorted_genome_alignments.bam,114461022,110149664,4311358,0.037666604
UNCID_2640696.cbc184c2-4bda-4a56-9b49-453f503e16ab.sorted_genome_alignments.bam,111857852,108375833,3482019,0.031128964
UNCID_2640754.e08177f4-46ff-4f46-94bc-e58870fdfc23.sorted_genome_alignments.bam,90943017,86185277,4757740,0.052315616
UNCID_2640797.d3011182-eb79-48a8-8698-f9cf8f091924.sorted_genome_alignments.bam,123823528,119622294,4201234,0.033929206
UNCID_2641000.19823203-33ed-4c89-a8af-611ad1e95f8a.sorted_genome_alignments.bam,273656604,267731316,5925288,0.021652275
UNCID_2641047.878b8551-fb42-48bc-9403-178c568372cd.sorted_genome_alignments.bam,256702140,247314173,9387967,0.03657144
UNCID_2641156.392aa482-9a49-403c-817e-7b429e1d82f9.sorted_genome_alignments.bam,136617299,129667935,6949364,0.05086738
UNCID_2641531.3b576c81-9276-4177-90e9-355f641f734c.sorted_genome_alignments.bam,123881726,119990451,3891275,0.031411211
UNCID_2646043.2dd4a5e0-3008-4615-bcc5-9cc8d9a708b2.sorted_genome_alignments.bam,52129954,50252325,1877629,0.036018236
UNCID_2646077.283dae7a-c249-4f56-b8ae-e9a13e451269.sorted_genome_alignments.bam,53051719,51351034,1700685,0.032057114
UNCID_264613.TCGA-AG-3587-01A-01R-0821-07.100914_UNC8-RDR3001640_00029_FC_62HPTAAXX.6.trimmed.annotated.translated_to_genomic.bam,22666745,18566358,4100387,0.180898801
UNCID_2646163.9e523e29-ea79-4124-97b4-d9c8686b3ddc.sorted_genome_alignments.bam,61574158,59870458,1703700,0.027669075
UNCID_2646265.ccc9fcec-f07a-498b-9389-9c2b3aa0d2bf.sorted_genome_alignments.bam,67159615,64870498,2289117,0.034084725
UNCID_2646434.a3ef039b-9282-470d-a031-2c0572a43053.sorted_genome_alignments.bam,71461881,69516101,1945780,0.027228223
UNCID_2646495.5ca8593d-7217-476e-ae05-aa22fd11c332.sorted_genome_alignments.bam,70417967,62492046,7925921,0.11255538
UNCID_2646581.a4e4724d-bd99-4c46-9130-e34a89c3ef7b.sorted_genome_alignments.bam,68084830,66292635,1792195,0.026322971
UNCID_2646585.6f9d42b2-dcbf-440a-9d11-1a434f202227.sorted_genome_alignments.bam,76533533,74669859,1863674,0.024351078
UNCID_2646653.c3919da2-0345-4374-940a-89fc70b7f393.sorted_genome_alignments.bam,86487612,84001609,2486003,0.028744036
UNCID_2646689.212eae3c-4ad5-48e0-90af-b6fe1dfc5554.sorted_genome_alignments.bam,77373262,74267128,3106134,0.040144798
UNCID_2646725.fbca79e2-8904-4bdf-aede-b2049cb81302.sorted_genome_alignments.bam,85582199,81445564,4136635,0.048335227
UNCID_2646747.e5241411-aec5-4822-8522-8e74c51a0d79.sorted_genome_alignments.bam,79088990,76738412,2350578,0.029720673
UNCID_2646778.ab8b70eb-04a6-4c52-8301-fa904fa5870a.sorted_genome_alignments.bam,77456157,75284823,2171334,0.028033072
UNCID_2646789.66a29b88-60e4-4fae-90b3-5c32560dd3ba.sorted_genome_alignments.bam,85463975,82890073,2573902,0.030116807
UNCID_2646812.11c5127d-0115-4149-8304-1556e175d0ba.sorted_genome_alignments.bam,85961062,83914920,2046142,0.023803126
UNCID_2646835.519498f2-999e-4b9c-980c-b83ec3828186.sorted_genome_alignments.bam,66464831,59524720,6940111,0.104417794
UNCID_2646836.9817f939-fcd5-4130-986b-95228c78e17d.sorted_genome_alignments.bam,86118470,83811619,2306851,0.026786948
UNCID_2646945.cc3f9a0e-0984-42dc-82bd-965f0c2b6109.sorted_genome_alignments.bam,93571166,91180487,2390679,0.025549313
UNCID_2646948.fb37dcdd-00a6-49b7-b0ca-1fe0d9c4782a.sorted_genome_alignments.bam,95002362,91524986,3477376,0.036603048
UNCID_2646969.48e0ecf3-3c7a-4d6a-b77c-51f3c65e4834.sorted_genome_alignments.bam,93856679,91244898,2611781,0.027827332
UNCID_2647125.33be2852-1252-432d-9f4e-2d0749f2563a.sorted_genome_alignments.bam,91006371,88133059,2873312,0.031572647
UNCID_264713.TCGA-AG-3582-01A-01R-0821-07.100914_UNC8-RDR3001640_00029_FC_62HPTAAXX.2.trimmed.annotated.translated_to_genomic.bam,21260994,16790488,4470506,0.210267968
UNCID_2647152.541b5a26-2819-4cab-bbc7-e88df4999681.sorted_genome_alignments.bam,96402594,92873075,3529519,0.036612282
UNCID_2647291.c4ffa8ae-421e-4259-b3ec-ee69fc94fc1a.sorted_genome_alignments.bam,105887073,103100263,2786810,0.026318699
UNCID_2647358.8cdfa086-9681-4b94-98c7-855d713cd877.sorted_genome_alignments.bam,103912874,101349477,2563397,0.024668714
UNCID_2647478.1e4801e3-d021-46c7-a157-0b2a2fc59cf7.sorted_genome_alignments.bam,100489709,96960987,3528722,0.035115257
UNCID_2647766.563f3a26-7e97-41ff-a52c-48ba484e3a39.sorted_genome_alignments.bam,132564802,128932760,3632042,0.027398238
UNCID_2647863.fc9e612c-8909-47de-b6f0-8691d5bc67c5.sorted_genome_alignments.bam,63451862,61842201,1609661,0.025368223
UNCID_2647875.97d81888-4ec1-438c-bbc3-1d10216e7606.sorted_genome_alignments.bam,77200392,75071518,2128874,0.027575948
UNCID_2647902.ec11833d-476a-442e-82c6-f924bea495c1.sorted_genome_alignments.bam,176941772,172323415,4618357,0.026100999
UNCID_2647999.4cdcbbae-5859-414b-bc81-001b25a3d4f1.sorted_genome_alignments.bam,142412653,127823706,14588947,0.102441368
UNCID_2648043.254061df-9073-4d41-a519-e79cc2d5c562.sorted_genome_alignments.bam,74562729,72393717,2169012,0.029089761
UNCID_2648094.f77f995c-4e18-4803-a703-8f3aee49837b.sorted_genome_alignments.bam,106422618,103149568,3273050,0.03075521
UNCID_2648205.f40bfbec-9e14-4f28-a4d5-5aa06e90a4bb.sorted_genome_alignments.bam,107310036,104587651,2722385,0.025369342
UNCID_2648296.aa304440-f222-41d7-8ced-7387a8ac4ea3.sorted_genome_alignments.bam,63129054,61516995,1612059,0.025535928
UNCID_2648316.e1adc304-07de-493e-a800-50fc1ab65b30.sorted_genome_alignments.bam,61162234,59412248,1749986,0.028612199
UNCID_2648373.2410b783-e6c3-4c07-b944-8818d0b0cacb.sorted_genome_alignments.bam,112173957,108073460,4100497,0.036554804
UNCID_2648395.4b3c1687-622c-4c9f-9fe7-25b197629133.sorted_genome_alignments.bam,146563661,142673459,3890202,0.026542746
UNCID_2648447.7d481f46-fd01-47ce-b321-39240129af48.sorted_genome_alignments.bam,80402193,78251056,2151137,0.026754706
UNCID_2648500.c518438f-04e1-4330-b440-4046002d10b8.sorted_genome_alignments.bam,67310477,65306360,2004117,0.029774221
UNCID_2648761.d855e064-11e2-436f-8433-b114b4709247.sorted_genome_alignments.bam,63376733,61776017,1600716,0.025257155
UNCID_2648870.e204f212-b8ad-47d1-ab9c-179b7389e47e.sorted_genome_alignments.bam,122613025,118742559,3870466,0.031566516
UNCID_2648892.74bb1ce2-532c-4667-9650-765e25c26724.sorted_genome_alignments.bam,73140645,71490230,1650415,0.02256495
UNCID_2648897.60b688ac-61c5-4407-82e4-545cb869dca4.sorted_genome_alignments.bam,86947718,84603673,2344045,0.026959247
UNCID_264892.TCGA-AA-3666-01A-02R-0905-07.100810_UNC2-RDR300275_00019_FC_629FEAAXX.3.trimmed.annotated.translated_to_genomic.bam,23095745,20341524,2754221,0.119252312
UNCID_2648974.ad34a739-074f-4463-b053-d1368c4d34db.sorted_genome_alignments.bam,98854412,95544488,3309924,0.033482815
UNCID_2648995.5fd1a695-76a4-4ccb-8623-6b1e65e7de3a.sorted_genome_alignments.bam,97860769,95205558,2655211,0.027132538
UNCID_2649143.78879d70-1eb8-4677-869c-a4c51e537062.sorted_genome_alignments.bam,54393776,53034359,1359417,0.024992142
UNCID_2649318.debf57c3-f5e0-418a-ad1c-40a8ccc93692.sorted_genome_alignments.bam,114116560,111169053,2947507,0.025828916
UNCID_2649397.57955c20-b0c4-4d4c-aea6-cee9179a4118.sorted_genome_alignments.bam,117009108,114021267,2987841,0.025535115
UNCID_2649481.b6c90737-2ec8-46e6-801a-7e64ba2b5b0b.sorted_genome_alignments.bam,53848045,52655226,1192819,0.022151575
UNCID_2649770.0ccf81b2-c760-4a37-acf1-c692868167b1.sorted_genome_alignments.bam,116237825,113752188,2485637,0.021384063
UNCID_2650776.b1e7db92-7dd8-4bf1-b6cf-649df1bb96bd.sorted_genome_alignments.bam,118089691,115495726,2593965,0.021966058
UNCID_2650807.56ec376d-abc2-4bcd-87d2-cf10141ab979.sorted_genome_alignments.bam,92939008,90519136,2419872,0.026037205
UNCID_2650825.72dcc6a3-c2ce-4e24-897d-880a0f01c1aa.sorted_genome_alignments.bam,151383886,146877974,4505912,0.029764806
UNCID_2650830.c9b500aa-3196-4dc2-8580-8696b6c52c4d.sorted_genome_alignments.bam,130693527,127093012,3600515,0.027549299
UNCID_2650878.378c51fa-27d3-4e70-a471-9f1006513d24.sorted_genome_alignments.bam,106447804,101939791,4508013,0.042349516
UNCID_2650894.389eb99b-53c7-41dd-8ce3-f3d8d70a1e7a.sorted_genome_alignments.bam,86908009,84908691,1999318,0.023004991
UNCID_2650958.1560b26a-bc8d-4bdd-b317-f04b66c2ce5b.sorted_genome_alignments.bam,112382751,109262513,3120238,0.027764385
UNCID_2650977.8c50bd9a-1849-4466-aab6-da20488610f9.sorted_genome_alignments.bam,148025592,143190114,4835478,0.0326665
UNCID_2651003.1f431436-f6bd-4f64-81ad-820e11385e94.sorted_genome_alignments.bam,141420724,138013957,3406767,0.024089588
UNCID_2651024.39dc6ace-24eb-499b-ad94-64cf08849087.sorted_genome_alignments.bam,220450593,214779103,5671490,0.025726808
UNCID_2651048.2e6fd34c-eccc-42a2-a806-bf69f55c0b27.sorted_genome_alignments.bam,141331944,137800019,3531925,0.024990281
UNCID_2651282.38d23f3a-0380-4759-930f-bdcb89a4eafe.sorted_genome_alignments.bam,278716499,272523092,6193407,0.022221171
UNCID_2651377.b4df19ac-b93c-4de6-b0f6-823bca30b1d7.sorted_genome_alignments.bam,209869117,204733331,5135786,0.024471376
UNCID_2651400.ed035849-50d7-4ce5-93fd-88a7735a8c92.sorted_genome_alignments.bam,330301292,322613681,7687611,0.023274541
UNCID_2651533.9fe4c0e2-bd31-453d-a6a2-3ceac8314fe8.sorted_genome_alignments.bam,109226025,106619599,2606426,0.023862683
UNCID_2657081.60728ff8-1098-4ed9-9cc0-b3d5523736d3.sorted_genome_alignments.bam,88305426,73543974,14761452,0.16716359
UNCID_2657097.2c7587fc-5549-4888-abe9-b989e216e9c4.sorted_genome_alignments.bam,79857024,77465941,2391083,0.02994205
UNCID_2657123.078cb900-3686-4894-9e1f-cc4bb1e39eae.sorted_genome_alignments.bam,83187746,81221104,1966642,0.023641006
UNCID_2657145.972a081e-7a07-4b85-93d9-b58ad38229f7.sorted_genome_alignments.bam,94383996,74846180,19537816,0.207003484
UNCID_2657264.a3ea6fd3-7570-4cf5-93c9-33dccdc3d026.sorted_genome_alignments.bam,122326396,119684586,2641810,0.021596402
UNCID_2657308.27128b12-5ccf-474a-8633-0ee201b78e2e.sorted_genome_alignments.bam,115154738,112860028,2294710,0.019927187
UNCID_2657315.84d26646-771b-4d61-95a1-61c695c9f6fc.sorted_genome_alignments.bam,119535752,115179921,4355831,0.036439567
UNCID_2657325.1dd0022b-8b79-4714-9312-e5629ffb7a75.sorted_genome_alignments.bam,95405815,93210195,2195620,0.023013482
UNCID_2657340.a2dee72c-85ab-44fc-b37f-bb8c82ced8a2.sorted_genome_alignments.bam,92981594,90287910,2693684,0.028970078
UNCID_2657397.bffa7652-8069-4a46-9796-26be43eb1d54.sorted_genome_alignments.bam,104587124,101844100,2743024,0.026227167
UNCID_2657437.73769c40-ad9d-4b11-925e-46e3e762d3f4.sorted_genome_alignments.bam,135739068,132433097,3305971,0.024355339
UNCID_2657465.377c868a-4176-4c2b-b1bb-9f97b8d85739.sorted_genome_alignments.bam,124219749,121165330,3054419,0.024588836
UNCID_2657495.52dcc378-3f64-4baa-9721-bf760d8fbe47.sorted_genome_alignments.bam,113586493,111450264,2136229,0.018807069
UNCID_2657496.7819e7d1-5b57-4a61-9eee-6aa31876e78b.sorted_genome_alignments.bam,117117765,112611559,4506206,0.038475854
UNCID_2657497.02fc78ec-68ae-4326-8df1-4f69850b5edd.sorted_genome_alignments.bam,122589542,119201531,3388011,0.027637031
UNCID_2657567.931985c4-6972-4fa5-9890-ba58b4ab3b6a.sorted_genome_alignments.bam,109655638,107402980,2252658,0.02054302
UNCID_2657576.af11c773-592d-436b-9045-66985689345c.sorted_genome_alignments.bam,125504374,122486467,3017907,0.02404623
UNCID_2657639.b05b2c69-27f3-46db-891a-9d2f8b0d8b97.sorted_genome_alignments.bam,106452736,100979529,5473207,0.051414432
UNCID_2657650.60e9a97e-8cf7-465c-9a31-7c0b714fbf95.sorted_genome_alignments.bam,131396903,127572444,3824459,0.029106158
UNCID_2657665.daca8915-ce62-4c6b-a268-c23de4aed85e.sorted_genome_alignments.bam,135728913,132834633,2894280,0.021323975
UNCID_2657717.984a3498-4b0b-4242-9fd3-640175da22ec.sorted_genome_alignments.bam,124516045,119912136,4603909,0.036974424
UNCID_2657785.0da1e08f-d489-4579-a1ac-5cd79072ce9a.sorted_genome_alignments.bam,143459187,138521909,4937278,0.034415907
UNCID_2657802.434eaa73-d4a7-478e-9945-034bba055a07.sorted_genome_alignments.bam,141188642,138810172,2378470,0.016846043
UNCID_2657904.ec8a9f1d-1ba9-4c98-8a09-7354f0ddb685.sorted_genome_alignments.bam,162824425,155416151,7408274,0.045498542
UNCID_2657949.28a746d4-044f-49b7-b98c-5643bf1f5ae5.sorted_genome_alignments.bam,140626931,136526080,4100851,0.029161207
UNCID_2657950.33d79119-9429-46af-a8b8-acefcc1d6342.sorted_genome_alignments.bam,129620111,121476495,8143616,0.062826794
UNCID_2658074.5381c623-bc22-4f71-8ce1-4f8a4d354826.sorted_genome_alignments.bam,150973936,145068722,5905214,0.039114129
UNCID_2658128.ed257c43-c4be-42c9-8968-82bb9c0b8ce2.sorted_genome_alignments.bam,130134511,123470725,6663786,0.051206909
UNCID_2658231.e0178b54-86f9-45e7-949d-2c4132ac9822.sorted_genome_alignments.bam,122992839,118532667,4460172,0.036263672
UNCID_2658832.eab993b0-cf52-4a95-8da3-8e1c5eaa3eff.sorted_genome_alignments.bam,129765651,124705183,5060468,0.038996976
UNCID_2658936.b7989e5f-032a-478c-a882-b4db35bdd42c.sorted_genome_alignments.bam,115565172,112338053,3227119,0.027924667
UNCID_2659017.6d466393-6b0c-4624-b385-5d689695de6b.sorted_genome_alignments.bam,80033072,75570880,4462192,0.055754351
UNCID_2659059.ddadccf6-be6f-44d4-8ad0-9e6bb4582bc1.sorted_genome_alignments.bam,118302367,115047191,3255176,0.02751573
UNCID_2659101.89ad7202-565f-4459-a1ca-946dd27d07b7.sorted_genome_alignments.bam,137158405,132969493,4188912,0.030540688
UNCID_2659127.8504f4e3-9c72-441c-bf25-99e703c5d27d.sorted_genome_alignments.bam,69408378,63242713,6165665,0.088831711
UNCID_2659194.17605d1f-5154-40e6-8db9-e36fbe528c2a.sorted_genome_alignments.bam,80760628,78685722,2074906,0.025692049
UNCID_2659213.3e205fbf-b9e5-470d-9c6f-68ff88640c45.sorted_genome_alignments.bam,132421188,126196774,6224414,0.047004668
UNCID_2659294.625af8d9-87a0-4017-833b-962fad1f79e5.sorted_genome_alignments.bam,161172440,157350502,3821938,0.023713347
UNCID_2659303.ab0da649-e0c0-497a-a20b-4d1a618dba72.sorted_genome_alignments.bam,128051648,125272290,2779358,0.021704976
UNCID_2659407.dc8b6cb8-c320-4f72-8e12-0177cecffc87.sorted_genome_alignments.bam,137817712,133437448,4380264,0.031783027
UNCID_2659455.06825f9e-18a0-40ae-877c-7e01d4552283.sorted_genome_alignments.bam,148007912,144738334,3269578,0.022090562
UNCID_2659478.d9971596-7f19-4d41-ad23-688e1051c85c.sorted_genome_alignments.bam,119537069,116619732,2917337,0.024405291
UNCID_2659869.92bdff6a-3f39-401c-afd7-086ba68d3cf2.sorted_genome_alignments.bam,93159612,91094986,2064626,0.022162243
UNCID_266041.TCGA-AG-3583-01A-01R-0821-07.100914_UNC8-RDR3001640_00029_FC_62HPTAAXX.3.trimmed.annotated.translated_to_genomic.bam,31223380,25315337,5908043,0.18921856
UNCID_2660684.9db8d89d-ef37-49a5-81ed-3ae95aa3c920.sorted_genome_alignments.bam,208139275,190817423,17321852,0.08322241
UNCID_2660734.b57c62f8-10b1-47cc-af66-9ba1d281661f.sorted_genome_alignments.bam,223143539,217476210,5667329,0.025397684
UNCID_2660870.d01e30b3-9f94-47f6-8a4e-0b4f84ad5eb2.sorted_genome_alignments.bam,147528191,143933966,3594225,0.024362971
UNCID_2661472.9d8a2471-74af-4bbd-be10-78ca3aac6761.sorted_genome_alignments.bam,191701050,183684952,8016098,0.041815619
UNCID_2667214.27d4c881-e906-437f-921d-467eb107798a.sorted_genome_alignments.bam,111085855,106047073,5038782,0.045359348
UNCID_2667298.a67adcd5-7f63-44f2-a127-568569c9a357.sorted_genome_alignments.bam,118621420,114549493,4071927,0.03432708
UNCID_2667315.ceba19ee-6da0-4917-a4ba-e9bd20ad7f10.sorted_genome_alignments.bam,120894862,116372840,4522022,0.037404584
UNCID_2667331.abbff93f-d9f6-4db6-b769-6b4e36a7de0d.sorted_genome_alignments.bam,133764117,128659511,5104606,0.038161251
UNCID_2667374.686d6738-e29a-4039-8d97-b2f25b87a795.sorted_genome_alignments.bam,152985645,148079531,4906114,0.032069113
UNCID_2667478.c11ffcd0-8e82-4815-b30b-2d08945ce0bc.sorted_genome_alignments.bam,131282739,125427714,5855025,0.04459859
UNCID_2667547.44d02048-bac6-4e46-bf23-180ebfc63582.sorted_genome_alignments.bam,126568035,114957675,11610360,0.091732166
UNCID_2667760.27002317-de74-4ad5-8c53-b78e04e7b8b1.sorted_genome_alignments.bam,110789904,108783261,2006643,0.018112147
UNCID_2667797.9ec72b8e-76ed-4af4-9bd6-0e78cd9c5278.sorted_genome_alignments.bam,142680993,139865292,2815701,0.01973424
UNCID_2667813.3ab8aba7-9bde-42d3-b95b-e12e2779470b.sorted_genome_alignments.bam,123833409,119393980,4439429,0.03585001
UNCID_268105.TCGA-AG-3601-01A-01R-0826-07.100809_UNC5-RDR300700_00019_FC_629KDAAXX.3.trimmed.annotated.translated_to_genomic.bam,32947097,27407603,5539494,0.168132992
UNCID_268269.TCGA-AG-3599-01A-02R-0826-07.100809_UNC5-RDR300700_00019_FC_629KDAAXX.1.trimmed.annotated.translated_to_genomic.bam,31348992,26833564,4515428,0.144037422
UNCID_268294.TCGA-AG-3609-01A-02R-0826-07.100809_UNC5-RDR300700_00019_FC_629KDAAXX.7.trimmed.annotated.translated_to_genomic.bam,29130899,25656562,3474337,0.119266384
UNCID_269170.TCGA-AA-3980-01A-02R-1022-07.100709_UNC1-RDR301647_0011_6236JAAXX.8.trimmed.annotated.translated_to_genomic.bam,28250766,24192284,4058482,0.143659184
UNCID_269252.TCGA-A6-3809-01A-01R-1022-07.100708_UNC8-RDR3001640_0010_62333AAXX.2.trimmed.annotated.translated_to_genomic.bam,24211725,20082393,4129332,0.170550921
UNCID_269272.TCGA-AA-3844-01A-01R-1022-07.100708_UNC8-RDR3001640_0010_62333AAXX.5.trimmed.annotated.translated_to_genomic.bam,28723116,23103990,5619126,0.195630794
UNCID_269290.TCGA-AA-3846-01A-01R-1022-07.100708_UNC8-RDR3001640_0010_62333AAXX.7.trimmed.annotated.translated_to_genomic.bam,27978093,22063534,5914559,0.211399648
UNCID_270163.TCGA-AA-3819-01A-01R-0905-07.100909_UNC4-RDR3001561_00023_FC_62ELHAAXX.2.trimmed.annotated.translated_to_genomic.bam,34985050,29532860,5452190,0.155843425
UNCID_270321.TCGA-A6-2683-01A-01R-0821-07.100902_UNC7-RDR3001641_00025_FC_62EPOAAXX.1.trimmed.annotated.translated_to_genomic.bam,26340958,22202833,4138125,0.1570985
UNCID_270366.TCGA-AA-3858-01A-01R-0905-07.100902_UNC7-RDR3001641_00025_FC_62EPOAAXX.8.trimmed.annotated.translated_to_genomic.bam,26739384,23979720,2759664,0.103205968
UNCID_270639.TCGA-AG-A01J-01A-01R-A00A-07.100831_UNC8-RDR3001640_00017_FC_62ERPAAXX.8.trimmed.annotated.translated_to_genomic.bam,23474443,19660595,3813848,0.162468093
UNCID_270663.TCGA-AA-3854-01A-01R-0905-07.100908_UNC7-RDR3001641_00027_FC_62ER1AAXX.8.trimmed.annotated.translated_to_genomic.bam,33716121,29922921,3793200,0.112504045
UNCID_270861.TCGA-AG-A025-01A-01R-A00A-07.100831_UNC2-RDR300275_00022_FC_62ERGAAXX.3.trimmed.annotated.translated_to_genomic.bam,29737318,24887524,4849794,0.163087808
UNCID_271112.TCGA-AG-3894-01A-01R-1119-07.100819_UNC8-RDR3001640_00015_FC_6293BAAXX.6.trimmed.annotated.translated_to_genomic.bam,25297173,21795871,3501302,0.138406849
UNCID_271371.TCGA-AG-A002-01A-01R-A002-07.100816_UNC6-RDR300211_00023_FC_629FTAAXX.7.trimmed.annotated.translated_to_genomic.bam,22515304,18749997,3765307,0.167233229
UNCID_271409.TCGA-AF-3913-01A-02R-1119-07.100816_UNC6-RDR300211_00023_FC_629FTAAXX.1.trimmed.annotated.translated_to_genomic.bam,27767150,23279057,4488093,0.161633189
UNCID_271413.TCGA-AG-3901-01A-01R-1119-07.100816_UNC6-RDR300211_00023_FC_629FTAAXX.5.trimmed.annotated.translated_to_genomic.bam,25389335,21570811,3818524,0.15039874
UNCID_271415.TCGA-AG-3611-01A-01R-0826-07.100816_UNC6-RDR300211_00023_FC_629FTAAXX.3.trimmed.annotated.translated_to_genomic.bam,27629410,21831899,5797511,0.209831155
UNCID_271464.TCGA-AA-A00N-01A-02R-A00A-07.100813_UNC5-RDR300700_00020_FC_62A20AAXX.6.trimmed.annotated.translated_to_genomic.bam,22906175,19725323,3180852,0.138864389
UNCID_271645.TCGA-AA-3562-01A-02R-0821-07.100813_UNC5-RDR300700_00020_FC_62A20AAXX.2.trimmed.annotated.translated_to_genomic.bam,29901995,25861231,4040764,0.135133592
UNCID_271842.TCGA-AA-3529-01A-02R-0821-07.100813_UNC3-RDR300156_00019_FC_629UPAAXX.8.trimmed.annotated.translated_to_genomic.bam,26297438,22257234,4040204,0.15363489
UNCID_271851.TCGA-AA-3561-01A-01R-0821-07.100813_UNC3-RDR300156_00019_FC_629UPAAXX.6.trimmed.annotated.translated_to_genomic.bam,28627715,24971969,3655746,0.127699539
UNCID_271881.TCGA-AA-3812-01A-01R-0905-07.100810_UNC6-RDR300211_00022_FC_629L9AAXX.6.trimmed.annotated.translated_to_genomic.bam,16332064,14689940,1642124,0.100546018
UNCID_271889.TCGA-AA-3684-01A-02R-0905-07.100810_UNC6-RDR300211_00022_FC_629L9AAXX.4.trimmed.annotated.translated_to_genomic.bam,18906193,16713272,2192921,0.11598956
UNCID_294184.TCGA-D1-A16O-01A-11R-A12I-07.110509_UNC6-RDR300211_00102_FC_634VYAAXX.7.trimmed.annotated.translated_to_genomic.bam,32391057,26120571,6270486,0.193586952
UNCID_294275.TCGA-BG-A0VZ-01A-11R-A109-07.110323_UNC3-RDR300156_00085_FC_706FWAAXX.7.trimmed.annotated.translated_to_genomic.bam,31073535,23480468,7593067,0.244358004
UNCID_294277.TCGA-A5-A0GQ-01A-11R-A118-07.110323_UNC3-RDR300156_00085_FC_706FWAAXX.2.trimmed.annotated.translated_to_genomic.bam,32075508,25739711,6335797,0.197527565
UNCID_294319.TCGA-AP-A059-01A-21R-A118-07.110323_UNC3-RDR300156_00085_FC_706FWAAXX.4.trimmed.annotated.translated_to_genomic.bam,32702446,28597053,4105393,0.125537796
UNCID_335612.f9ad420b-6193-4978-b90d-514333a225d0.110706_UNC15-SN850_0092_AB0BJEABXX.4.trimmed.annotated.translated_to_genomic.bam,114347210,93560468,20786742,0.181786176
UNCID_337955.TCGA-BP-4167-01A-02R-1325-07.110418_UNC15-SN850_0062_AB07THABXX.5.trimmed.annotated.translated_to_genomic.bam,126255768,109859791,16395977,0.129863192
UNCID_337991.TCGA-B8-4619-01A-02R-1325-07.110418_UNC15-SN850_0062_AB07THABXX.2.trimmed.annotated.translated_to_genomic.bam,145633970,126452697,19181273,0.131708783
UNCID_337993.TCGA-CJ-4634-01A-02R-1325-07.110418_UNC15-SN850_0062_AB07THABXX.6.trimmed.annotated.translated_to_genomic.bam,141837582,121255720,20581862,0.145108664
UNCID_338024.TCGA-CJ-4641-01A-02R-1325-07.110418_UNC15-SN850_0062_AB07THABXX.8.trimmed.annotated.translated_to_genomic.bam,135074796,115592591,19482205,0.144232718
UNCID_338030.TCGA-B8-4620-01A-02R-1325-07.110418_UNC15-SN850_0062_AB07THABXX.3.trimmed.annotated.translated_to_genomic.bam,151995468,129951195,22044273,0.145032436
UNCID_338080.TCGA-B8-4154-01A-01R-1188-07.110418_UNC15-SN850_0062_AB07THABXX.1.trimmed.annotated.translated_to_genomic.bam,160102780,144578889,15523891,0.096962033
UNCID_338095.TCGA-BP-4161-01A-02R-1325-07.110418_UNC15-SN850_0062_AB07THABXX.4.trimmed.annotated.translated_to_genomic.bam,156650900,130688501,25962399,0.16573412
UNCID_338149.7da7f984-be2f-42bf-b78c-1b34d43fb914.110705_UNC10-SN254_0241_BD0DYDABXX.8.trimmed.annotated.translated_to_genomic.bam,110970260,91985243,18985017,0.171082027
UNCID_338329.TCGA-AK-3431-01A-02R-1277-07.110415_UNC9-SN296_0170_AB07PYABXX.1.trimmed.annotated.translated_to_genomic.bam,100750542,89561741,11188801,0.111054499
UNCID_338374.TCGA-B0-4828-01A-01R-1277-07.110415_UNC9-SN296_0170_AB07PYABXX.6.trimmed.annotated.translated_to_genomic.bam,119231772,93588475,25643297,0.215071005
UNCID_338410.TCGA-B0-4824-01A-01R-1277-07.110415_UNC9-SN296_0170_AB07PYABXX.5.trimmed.annotated.translated_to_genomic.bam,117730378,94021029,23709349,0.201386842
UNCID_338438.TCGA-B0-4848-01A-01R-1277-07.110415_UNC9-SN296_0170_AB07PYABXX.7.trimmed.annotated.translated_to_genomic.bam,110505454,98824877,11680577,0.105701362
UNCID_338766.TCGA-B0-4718-01A-01R-1277-07.110331_UNC11-SN627_0072_AB05NMABXX.7.trimmed.annotated.translated_to_genomic.bam,107141774,85171563,21970211,0.205057376
UNCID_338772.TCGA-B0-4813-01A-01R-1277-07.110331_UNC11-SN627_0072_AB05NMABXX.8.trimmed.annotated.translated_to_genomic.bam,111209186,84915455,26293731,0.236434884
UNCID_338826.TCGA-B0-4696-01A-01R-1277-07.110331_UNC11-SN627_0072_AB05NMABXX.3.trimmed.annotated.translated_to_genomic.bam,108666700,93703584,14963116,0.137697344
UNCID_338844.TCGA-AK-3461-01A-02R-1277-07.110331_UNC11-SN627_0072_AB05NMABXX.1.trimmed.annotated.translated_to_genomic.bam,116517224,95247274,21269950,0.182547689
UNCID_339035.TCGA-B0-4701-01A-01R-1277-07.110331_UNC11-SN627_0072_AB05NMABXX.6.trimmed.annotated.translated_to_genomic.bam,136301172,113146302,23154870,0.169880197
UNCID_339144.TCGA-B0-4688-01A-01R-1277-07.110331_UNC11-SN627_0072_AB05NMABXX.2.trimmed.annotated.translated_to_genomic.bam,144273196,126058178,18215018,0.126253653
UNCID_339231.TCGA-B0-4697-01A-01R-1277-07.110331_UNC11-SN627_0072_AB05NMABXX.4.trimmed.annotated.translated_to_genomic.bam,108940540,56068820,52871720,0.485326399
UNCID_339284.4a035077-d2b3-44d5-84ca-1e908b697ccc.110705_UNC10-SN254_0241_BD0DYDABXX.7.trimmed.annotated.translated_to_genomic.bam,115756968,96576372,19180596,0.165697118
UNCID_339393.TCGA-B0-4707-01A-01R-1277-07.110324_UNC9-SN296_0160_AB038BABXX.6.trimmed.annotated.translated_to_genomic.bam,84732492,69438989,15293503,0.180491599
UNCID_339483.TCGA-B0-4691-01A-01R-1277-07.110324_UNC9-SN296_0160_AB038BABXX.5.trimmed.annotated.translated_to_genomic.bam,101701500,83692356,18009144,0.17707845
UNCID_340118.TCGA-D1-A0ZU-01A-11R-A10J-07.110303_UNC3-RDR300156_00077_FC_62J3HAAXX.5.trimmed.annotated.translated_to_genomic.bam,33218085,28511534,4706551,0.141686404
UNCID_342820.TCGA-B0-4843-01A-01R-1277-07.110330_UNC9-SN296_0163_BB05MBABXX.4.trimmed.annotated.translated_to_genomic.bam,117658234,97527478,20130756,0.171095174
UNCID_342921.TCGA-B0-4844-01A-01R-1277-07.110330_UNC9-SN296_0163_BB05MBABXX.5.trimmed.annotated.translated_to_genomic.bam,117938086,99645435,18292651,0.155103848
UNCID_342935.TCGA-B8-4622-01A-02R-1277-07.110330_UNC9-SN296_0163_BB05MBABXX.8.trimmed.annotated.translated_to_genomic.bam,132049018,112551054,19497964,0.147657016
UNCID_342964.TCGA-B0-4814-01A-01R-1277-07.110330_UNC9-SN296_0163_BB05MBABXX.1.trimmed.annotated.translated_to_genomic.bam,136237660,115026885,21210775,0.155689513
UNCID_342973.TCGA-B2-4101-01A-02R-1277-07.110330_UNC9-SN296_0163_BB05MBABXX.7.trimmed.annotated.translated_to_genomic.bam,139166922,115938497,23228425,0.166910532
UNCID_343045.f5d4a071-0add-4b39-b480-33494f8dace6.110706_UNC15-SN850_0092_AB0BJEABXX.6.trimmed.annotated.translated_to_genomic.bam,118511670,96278274,22233396,0.187605119
UNCID_343048.8da87146-a8a4-4b2a-b25d-43cd0ac9d6e4.110706_UNC15-SN850_0092_AB0BJEABXX.7.trimmed.annotated.translated_to_genomic.bam,115071092,96435030,18636062,0.161952595
UNCID_343050.f45f0712-638d-43dc-b2f0-528e8ebb60ba.110706_UNC15-SN850_0092_AB0BJEABXX.2.trimmed.annotated.translated_to_genomic.bam,115748654,97650232,18098422,0.156359676
UNCID_344940.TCGA-B5-A11I-01A-11R-A10J-07.110302_UNC1-RDR301647_00045_FC_62J5FAAXX.4.trimmed.annotated.translated_to_genomic.bam,35293942,26767252,8526690,0.241590752
UNCID_350166.TCGA-B0-4945-01A-01R-1420-07.110512_UNC9-SN296_0181_BD0C6RABXX.1.trimmed.annotated.translated_to_genomic.bam,123398188,102658236,20739952,0.168073392
UNCID_350175.TCGA-B0-5083-01A-02R-1420-07.110512_UNC9-SN296_0181_BD0C6RABXX.7.trimmed.annotated.translated_to_genomic.bam,127467024,113319396,14147628,0.110990494
UNCID_350594.TCGA-B0-5110-01A-01R-1420-07.110512_UNC9-SN296_0181_BD0C6RABXX.3.trimmed.annotated.translated_to_genomic.bam,137058252,118074782,18983470,0.138506582
UNCID_350756.TCGA-BP-4782-01A-02R-1420-07.110512_UNC9-SN296_0181_BD0C6RABXX.5.trimmed.annotated.translated_to_genomic.bam,144980116,131506892,13473224,0.09293153
UNCID_351517.TCGA-B0-4839-01A-01R-1305-07.110517_UNC11-SN627_0087_BC03GJABXX.4.trimmed.annotated.translated_to_genomic.bam,155643458,132532491,23110967,0.148486594
UNCID_351549.TCGA-B0-5100-01A-01R-1420-07.110512_UNC9-SN296_0181_BD0C6RABXX.8.trimmed.annotated.translated_to_genomic.bam,147849122,122968935,24880187,0.168280925
UNCID_351555.TCGA-BP-4799-01A-01R-1305-07.110517_UNC11-SN627_0087_BC03GJABXX.5.trimmed.annotated.translated_to_genomic.bam,154357054,134069616,20287438,0.131431881
UNCID_351558.TCGA-B0-5099-01A-01R-1420-07.110512_UNC9-SN296_0181_BD0C6RABXX.2.trimmed.annotated.translated_to_genomic.bam,150987760,126163783,24823977,0.164410526
UNCID_351589.TCGA-CJ-4892-01A-01R-1305-07.110517_UNC11-SN627_0087_BC03GJABXX.2.trimmed.annotated.translated_to_genomic.bam,159219994,131157600,28062394,0.176249184
UNCID_351691.TCGA-CJ-4872-01A-01R-1305-07.110517_UNC11-SN627_0087_BC03GJABXX.6.trimmed.annotated.translated_to_genomic.bam,157412732,135982386,21430346,0.136141122
UNCID_351756.TCGA-B8-5158-01A-01R-1420-07.110512_UNC9-SN296_0181_BD0C6RABXX.4.trimmed.annotated.translated_to_genomic.bam,175447532,158671444,16776088,0.095618832
UNCID_351824.TCGA-CJ-4885-01A-01R-1305-07.110517_UNC11-SN627_0087_BC03GJABXX.7.trimmed.annotated.translated_to_genomic.bam,163336742,143669339,19667403,0.120410159
UNCID_351983.TCGA-CZ-4861-01A-01R-1305-07.110517_UNC11-SN627_0087_BC03GJABXX.3.trimmed.annotated.translated_to_genomic.bam,164744102,145725677,19018425,0.115442221
UNCID_352039.TCGA-CJ-4893-01A-01R-1305-07.110517_UNC11-SN627_0087_BC03GJABXX.8.trimmed.annotated.translated_to_genomic.bam,175006956,154046588,20960368,0.119768771
UNCID_352104.TCGA-CJ-4884-01A-01R-1305-07.110517_UNC11-SN627_0087_BC03GJABXX.1.trimmed.annotated.translated_to_genomic.bam,182831608,152163115,30668493,0.167741745
UNCID_355717.TCGA-B0-4833-01A-01R-1305-07.110525_UNC14-SN744_0119_BC03HKABXX.8.trimmed.annotated.translated_to_genomic.bam,77935300,60813266,17122034,0.219695491
UNCID_355738.TCGA-CZ-4862-01A-01R-1305-07.110607_UNC11-SN627_0100_AD0CT7ABXX.8.trimmed.annotated.translated_to_genomic.bam,75670268,62722618,12947650,0.171106173
UNCID_355740.TCGA-CJ-4635-01A-02R-1305-07.110525_UNC14-SN744_0119_BC03HKABXX.4.trimmed.annotated.translated_to_genomic.bam,82300260,66914346,15385914,0.186948547
UNCID_355750.TCGA-BP-4804-01A-02R-1305-07.110525_UNC14-SN744_0119_BC03HKABXX.3.trimmed.annotated.translated_to_genomic.bam,74755698,64590260,10165438,0.135982116
UNCID_355762.TCGA-BP-5010-01A-02R-1420-07.110525_UNC14-SN744_0118_AD0D60ABXX.5.trimmed.annotated.translated_to_genomic.bam,86408794,73349934,13058860,0.151128831
UNCID_355767.TCGA-B0-5095-01A-01R-1420-07.110525_UNC14-SN744_0118_AD0D60ABXX.1.trimmed.annotated.translated_to_genomic.bam,87349034,73878125,13470909,0.154219324
UNCID_355787.TCGA-CJ-4895-01A-01R-1305-07.110525_UNC14-SN744_0119_BC03HKABXX.7.trimmed.annotated.translated_to_genomic.bam,91559842,79841119,11718723,0.127989769
UNCID_355789.TCGA-BP-4784-01A-01R-1305-07.110525_UNC14-SN744_0119_BC03HKABXX.2.trimmed.annotated.translated_to_genomic.bam,90758458,82367094,8391364,0.092458204
UNCID_355791.TCGA-B0-5117-01A-01R-1420-07.110525_UNC14-SN744_0118_AD0D60ABXX.3.trimmed.annotated.translated_to_genomic.bam,97568104,83108613,14459491,0.148198954
UNCID_355793.TCGA-CJ-4873-01A-01R-1305-07.110607_UNC11-SN627_0100_AD0CT7ABXX.5.trimmed.annotated.translated_to_genomic.bam,91207154,73709845,17497309,0.19184141
UNCID_355795.TCGA-B0-5107-01A-01R-1420-07.110525_UNC14-SN744_0118_AD0D60ABXX.8.trimmed.annotated.translated_to_genomic.bam,96335082,80684987,15650095,0.162454785
UNCID_355802.TCGA-B0-4823-01A-02R-1420-07.110525_UNC14-SN744_0118_AD0D60ABXX.6.trimmed.annotated.translated_to_genomic.bam,95584554,87294154,8290400,0.086733679
UNCID_355807.TCGA-B0-5106-01A-01R-1420-07.110525_UNC14-SN744_0118_AD0D60ABXX.2.trimmed.annotated.translated_to_genomic.bam,96530868,76678786,19852082,0.205655273
UNCID_355811.TCGA-B0-5096-01A-01R-1420-07.110525_UNC14-SN744_0118_AD0D60ABXX.7.trimmed.annotated.translated_to_genomic.bam,86456750,77951826,8504924,0.098372007
UNCID_355840.TCGA-CJ-4886-01A-01R-1305-07.110607_UNC11-SN627_0100_AD0CT7ABXX.6.trimmed.annotated.translated_to_genomic.bam,98636404,86337512,12298892,0.124689177
UNCID_355848.TCGA-CJ-4887-01A-01R-1305-07.110525_UNC14-SN744_0119_BC03HKABXX.6.trimmed.annotated.translated_to_genomic.bam,98061128,82775020,15286108,0.155883461
UNCID_355870.TCGA-CJ-4874-01A-01R-1305-07.110525_UNC14-SN744_0119_BC03HKABXX.5.trimmed.annotated.translated_to_genomic.bam,96583926,87641105,8942821,0.092591194
UNCID_355883.TCGA-BP-4781-01A-01R-1305-07.110607_UNC11-SN627_0100_AD0CT7ABXX.3.trimmed.annotated.translated_to_genomic.bam,100276098,89502432,10773666,0.10744002
UNCID_355885.TCGA-B8-5164-01A-01R-1420-07.110525_UNC14-SN744_0118_AD0D60ABXX.4.trimmed.annotated.translated_to_genomic.bam,108614306,97156988,11457318,0.10548627
UNCID_355887.TCGA-BP-4803-01A-01R-1305-07.110607_UNC11-SN627_0100_AD0CT7ABXX.4.trimmed.annotated.translated_to_genomic.bam,110365652,97413506,12952146,0.117356675
UNCID_355914.TCGA-CJ-4894-01A-01R-1305-07.110607_UNC11-SN627_0100_AD0CT7ABXX.7.trimmed.annotated.translated_to_genomic.bam,110692552,94267855,16424697,0.14838123
UNCID_355939.TCGA-B0-5092-01A-01R-1420-07.110517_UNC14-SN744_0116_AD0C6JABXX.5.trimmed.annotated.translated_to_genomic.bam,131939288,106994543,24944745,0.189062298
UNCID_355961.TCGA-B0-5097-01A-01R-1420-07.110517_UNC14-SN744_0117_BC036RABXX.5.trimmed.annotated.translated_to_genomic.bam,137005130,121545890,15459240,0.112836943
UNCID_356074.TCGA-B0-5115-01A-01R-1420-07.110517_UNC14-SN744_0116_AD0C6JABXX.7.trimmed.annotated.translated_to_genomic.bam,161649838,133768819,27881019,0.172477865
UNCID_356099.TCGA-B0-5120-01A-01R-1420-07.110517_UNC14-SN744_0117_BC036RABXX.7.trimmed.annotated.translated_to_genomic.bam,147451370,129712507,17738863,0.120303141
UNCID_356103.TCGA-BP-4177-01A-02R-1420-07.110517_UNC14-SN744_0117_BC036RABXX.8.trimmed.annotated.translated_to_genomic.bam,159273334,145299966,13973368,0.087731999
UNCID_356111.TCGA-B0-5108-01A-01R-1420-07.110517_UNC14-SN744_0117_BC036RABXX.6.trimmed.annotated.translated_to_genomic.bam,153716184,135011481,18704703,0.121683368
UNCID_356160.TCGA-B0-5113-01A-01R-1420-07.110517_UNC14-SN744_0116_AD0C6JABXX.1.trimmed.annotated.translated_to_genomic.bam,165990118,142134821,23855297,0.143715164
UNCID_356176.TCGA-B0-5102-01A-01R-1420-07.110517_UNC14-SN744_0116_AD0C6JABXX.6.trimmed.annotated.translated_to_genomic.bam,173645974,150126491,23519483,0.135445023
UNCID_356199.TCGA-BP-4795-01A-02R-1420-07.110517_UNC14-SN744_0116_AD0C6JABXX.3.trimmed.annotated.translated_to_genomic.bam,159467774,145871244,13596530,0.085261929
UNCID_356309.TCGA-B8-5159-01A-01R-1420-07.110517_UNC14-SN744_0116_AD0C6JABXX.2.trimmed.annotated.translated_to_genomic.bam,186159924,166739781,19420143,0.104319676
UNCID_356311.TCGA-A3-3373-01A-02R-1420-07.110517_UNC14-SN744_0116_AD0C6JABXX.4.trimmed.annotated.translated_to_genomic.bam,195481976,171661260,23820716,0.121856329
UNCID_356453.TCGA-CJ-4878-01A-01R-1305-07.110525_UNC15-SN850_0073_BD0CVKABXX.4.trimmed.annotated.translated_to_genomic.bam,69913090,53619386,16293704,0.233056556
UNCID_356982.TCGA-CJ-4868-01A-01R-1305-07.110525_UNC15-SN850_0073_BD0CVKABXX.3.trimmed.annotated.translated_to_genomic.bam,75561386,64365089,11196297,0.14817485
UNCID_357138.TCGA-BP-4790-01A-01R-1305-07.110525_UNC15-SN850_0073_BD0CVKABXX.2.trimmed.annotated.translated_to_genomic.bam,78059772,64575133,13484639,0.172747609
UNCID_357259.TCGA-CZ-4858-01A-01R-1305-07.110525_UNC15-SN850_0073_BD0CVKABXX.6.trimmed.annotated.translated_to_genomic.bam,79275160,68361115,10914045,0.137672948
UNCID_357269.TCGA-B0-4836-01A-01R-1305-07.110525_UNC15-SN850_0073_BD0CVKABXX.1.trimmed.annotated.translated_to_genomic.bam,78464418,64848896,13615522,0.173524794
UNCID_357319.TCGA-B0-4834-01A-01R-1305-07.110525_UNC15-SN850_0073_BD0CVKABXX.7.trimmed.annotated.translated_to_genomic.bam,96299020,81538000,14761020,0.15328318
UNCID_357340.TCGA-BP-4789-01A-01R-1305-07.110525_UNC15-SN850_0073_BD0CVKABXX.8.trimmed.annotated.translated_to_genomic.bam,91231488,79987929,11243559,0.123242087
UNCID_357457.TCGA-B0-4827-01A-02R-1420-07.110517_UNC14-SN744_0117_BC036RABXX.4.trimmed.annotated.translated_to_genomic.bam,180139570,162793481,17346089,0.096292497
UNCID_357538.TCGA-CZ-4857-01A-01R-1305-07.110525_UNC12-SN629_0087_BC03HWABXX.4.trimmed.annotated.translated_to_genomic.bam,93398788,79553821,13844967,0.148234975
UNCID_357545.TCGA-CJ-4876-01A-01R-1305-07.110525_UNC12-SN629_0087_BC03HWABXX.2.trimmed.annotated.translated_to_genomic.bam,99690984,84870934,14820050,0.148659883
UNCID_357556.TCGA-CJ-4890-01A-01R-1305-07.110525_UNC15-SN850_0073_BD0CVKABXX.5.trimmed.annotated.translated_to_genomic.bam,99225078,84909522,14315556,0.144273568
UNCID_357789.TCGA-BP-4807-01A-01R-1305-07.110520_UNC9-SN296_0182_BD0C91ABXX.2.trimmed.annotated.translated_to_genomic.bam,75859004,66586930,9272074,0.122227732
UNCID_358040.TCGA-CJ-4875-01A-01R-1305-07.110520_UNC9-SN296_0182_BD0C91ABXX.3.trimmed.annotated.translated_to_genomic.bam,84254606,69079908,15174698,0.180105263
UNCID_358263.TCGA-BP-4787-01A-01R-1305-07.110520_UNC9-SN296_0182_BD0C91ABXX.1.trimmed.annotated.translated_to_genomic.bam,86247266,73872443,12374823,0.143480757
UNCID_358302.TCGA-CJ-4871-01A-01R-1305-07.110520_UNC9-SN296_0182_BD0C91ABXX.8.trimmed.annotated.translated_to_genomic.bam,90012248,80478681,9533567,0.105914108
UNCID_358594.TCGA-A6-2679-01A-02R-1410-07.110224_UNC6-RDR300211_00061_FC_62J3RAAXX.4.trimmed.annotated.translated_to_genomic.bam,11260437,9620122,1640315,0.145670634
UNCID_358645.TCGA-B0-4838-01A-01R-1305-07.110520_UNC9-SN296_0182_BD0C91ABXX.6.trimmed.annotated.translated_to_genomic.bam,89454236,74400654,15053582,0.168282495
UNCID_358787.TCGA-CZ-4854-01A-01R-1305-07.110520_UNC9-SN296_0182_BD0C91ABXX.5.trimmed.annotated.translated_to_genomic.bam,97965994,81039395,16926599,0.172780353
UNCID_358926.TCGA-AA-A02F-01A-01R-A089-07.110224_UNC6-RDR300211_00061_FC_62J3RAAXX.2.trimmed.annotated.translated_to_genomic.bam,28141985,23871746,4270239,0.151739083
UNCID_358949.TCGA-AA-A01S-01A-21R-A083-07.110224_UNC6-RDR300211_00061_FC_62J3RAAXX.6.trimmed.annotated.translated_to_genomic.bam,29522442,25810930,3711512,0.125718326
UNCID_359071.TCGA-B0-4817-01A-01R-1277-07.110330_UNC9-SN296_0163_BB05MBABXX.2.trimmed.annotated.translated_to_genomic.bam,116325648,97649468,18676180,0.160550836
UNCID_359113.TCGA-BP-4798-01A-01R-1305-07.110520_UNC9-SN296_0182_BD0C91ABXX.7.trimmed.annotated.translated_to_genomic.bam,94030600,75698733,18331867,0.194956397
UNCID_359141.TCGA-CJ-4889-01A-01R-1305-07.110525_UNC12-SN629_0087_BC03HWABXX.3.trimmed.annotated.translated_to_genomic.bam,110646456,96813477,13832979,0.12501963
UNCID_359174.ff6a95c1-db1e-43f7-bd9d-86ca71bd8a2c.110215_UNC2-RDR300275_00051_FC_62J8GAAXX.5.trimmed.annotated.translated_to_genomic.bam,31685675,26644512,5041163,0.15909912
UNCID_359227.TCGA-BP-4334-01A-01R-1289-07.110503_UNC10-SN254_0214_AB0BCKABXX.4.trimmed.annotated.translated_to_genomic.bam,104959124,86513118,18446006,0.175744664
UNCID_359335.TCGA-BP-4759-01A-01R-1289-07.110506_UNC9-SN296_0178_BC02MGABXX.6.trimmed.annotated.translated_to_genomic.bam,164294598,144072197,20222401,0.12308622
UNCID_359358.TCGA-BP-4771-01A-01R-1289-07.110506_UNC9-SN296_0178_BC02MGABXX.7.trimmed.annotated.translated_to_genomic.bam,166861500,139293661,27567839,0.165213899
UNCID_359370.TCGA-CJ-4888-01A-01R-1305-07.110520_UNC9-SN296_0182_BD0C91ABXX.4.trimmed.annotated.translated_to_genomic.bam,102274644,86860315,15414329,0.150715059
UNCID_359372.TCGA-BP-4170-01A-02R-1289-07.110506_UNC9-SN296_0178_BC02MGABXX.1.trimmed.annotated.translated_to_genomic.bam,173295458,155980103,17315355,0.099918112
UNCID_359374.TCGA-BP-4329-01A-02R-1289-07.110506_UNC9-SN296_0178_BC02MGABXX.2.trimmed.annotated.translated_to_genomic.bam,168127150,147041983,21085167,0.125412029
UNCID_359422.TCGA-B8-5162-01A-01R-1420-07.110517_UNC14-SN744_0116_AD0C6JABXX.8.trimmed.annotated.translated_to_genomic.bam,181012200,161923071,19089129,0.105457693
UNCID_359780.TCGA-BP-4349-01A-01R-1289-07.110506_UNC9-SN296_0178_BC02MGABXX.5.trimmed.annotated.translated_to_genomic.bam,168585662,137591249,30994413,0.183849638
UNCID_359815.TCGA-BP-4343-01A-02R-1289-07.110503_UNC10-SN254_0214_AB0BCKABXX.5.trimmed.annotated.translated_to_genomic.bam,126537144,114933004,11604140,0.091705405
UNCID_359820.TCGA-BP-4174-01A-02R-1289-07.110503_UNC10-SN254_0214_AB0BCKABXX.1.trimmed.annotated.translated_to_genomic.bam,134149180,118724522,15424658,0.114981381
UNCID_359824.TCGA-BP-4341-01A-01R-1289-07.110511_UNC11-SN627_0085_BC01AFABXX.4.trimmed.annotated.translated_to_genomic.bam,164656004,131030525,33625479,0.204216537
UNCID_359831.TCGA-BP-4173-01A-02R-1289-07.110511_UNC11-SN627_0085_BC01AFABXX.2.trimmed.annotated.translated_to_genomic.bam,159367778,136770648,22597130,0.141792339
UNCID_359868.TCGA-BP-4763-01A-01R-1289-07.110503_UNC10-SN254_0214_AB0BCKABXX.7.trimmed.annotated.translated_to_genomic.bam,137985442,122380932,15604510,0.113088089
UNCID_359883.TCGA-BP-4351-01A-01R-1289-07.110511_UNC11-SN627_0085_BC01AFABXX.6.trimmed.annotated.translated_to_genomic.bam,162145868,115413632,46732236,0.288211082
UNCID_359890.TCGA-BP-4332-01A-01R-1289-07.110503_UNC10-SN254_0214_AB0BCKABXX.3.trimmed.annotated.translated_to_genomic.bam,148988248,123939671,25048577,0.168124515
UNCID_359909.TCGA-BP-4176-01A-02R-1289-07.110503_UNC10-SN254_0214_AB0BCKABXX.2.trimmed.annotated.translated_to_genomic.bam,151306626,130792938,20513688,0.135576931
UNCID_359957.TCGA-BP-4761-01A-01R-1289-07.110511_UNC11-SN627_0085_BC01AFABXX.8.trimmed.annotated.translated_to_genomic.bam,152303314,134567209,17736105,0.116452522
UNCID_360336.TCGA-BP-4330-01A-01R-1289-07.110506_UNC9-SN296_0178_BC02MGABXX.3.trimmed.annotated.translated_to_genomic.bam,176064030,148724893,27339137,0.155279514
UNCID_360427.TCGA-BP-4352-01A-01R-1289-07.110511_UNC11-SN627_0085_BC01AFABXX.7.trimmed.annotated.translated_to_genomic.bam,191109194,144877210,46231984,0.241913971
UNCID_361098.TCGA-BP-4340-01A-01R-1289-07.110506_UNC9-SN296_0178_BC02MGABXX.4.trimmed.annotated.translated_to_genomic.bam,188101608,154442457,33659151,0.178941325
UNCID_362010.TCGA-BS-A0TI-01A-11R-A104-07.110216_UNC6-RDR300211_00060_FC_62J5DAAXX.5.trimmed.annotated.translated_to_genomic.bam,11378637,9129120,2249517,0.197696526
UNCID_362781.TCGA-BG-A0MQ-01A-11R-A104-07.110208_UNC2-RDR300275_00049_FC_62J3VAAXX.1.trimmed.annotated.translated_to_genomic.bam,27800918,20663088,7137830,0.256747997
UNCID_362792.TCGA-B5-A0K7-01A-11R-A104-07.110209_UNC1-RDR301647_00038_FC_62J3UAAXX.5.trimmed.annotated.translated_to_genomic.bam,34320895,20379270,13941625,0.406213911
UNCID_362802.TCGA-B5-A0JS-01A-11R-A104-07.110208_UNC3-RDR300156_00070_FC_62J3NAAXX.6.trimmed.annotated.translated_to_genomic.bam,29863697,24763798,5099899,0.170772527
UNCID_363790.TCGA-D1-A17M-01A-21R-A12I-07.110628_UNC2-RDR300275_00075_FC_70K9LAAXX.8.trimmed.annotated.translated_to_genomic.bam,19934053,15222717,4711336,0.236346116
UNCID_364106.TCGA-AX-A1CA-01A-12R-A137-07.110628_UNC6-RDR300211_00110_FC_70K9TAAXX.6.trimmed.annotated.translated_to_genomic.bam,29313602,23102396,6211206,0.211888188
UNCID_364228.TCGA-D1-A165-01A-11R-A12I-07.110628_UNC2-RDR300275_00075_FC_70K9LAAXX.4.trimmed.annotated.translated_to_genomic.bam,32248752,26741376,5507376,0.170777958
UNCID_364307.TCGA-D1-A17H-01A-11R-A12I-07.110624_UNC2-RDR300275_00073_FC70KA5AAXX.3.trimmed.annotated.translated_to_genomic.bam,34145978,29028707,5117271,0.149864532
UNCID_368210.TCGA-BP-4758-01A-01R-1289-07.110429_SN851_0036_BB0BGLABXX.6.trimmed.annotated.translated_to_genomic.bam,181820416,158457148,23363268,0.128496395
UNCID_368274.TCGA-B0-4694-01A-01R-1277-07.110503_UNC15-SN850_0067_BB08W4ABXX.2.trimmed.annotated.translated_to_genomic.bam,157268918,139488895,17780023,0.113054908
UNCID_368302.TCGA-A3-3378-01A-02R-1325-07.110427_UNC15-SN850_0065_BB09BPABXX.7.trimmed.annotated.translated_to_genomic.bam,164372818,137180552,27192266,0.16543043
UNCID_368365.TCGA-A3-3370-01A-02R-1420-07.110512_UNC9-SN296_0181_BD0C6RABXX.6.trimmed.annotated.translated_to_genomic.bam,209740478,172663621,37076857,0.176774924
UNCID_368577.TCGA-BP-4760-01A-02R-1420-07.110608_UNC13-SN749_0072_AC03JFABXX.7.trimmed.annotated.translated_to_genomic.bam,89456548,81100113,8356435,0.093413341
UNCID_368680.TCGA-BP-4960-01A-01R-1334-07.110614_UNC11-SN627_0104_AD0CV3ABXX.8.trimmed.annotated.translated_to_genomic.bam,107216648,86317615,20899033,0.194923395
UNCID_368682.TCGA-B0-5085-01A-01R-1334-07.110614_UNC11-SN627_0104_AD0CV3ABXX.5.trimmed.annotated.translated_to_genomic.bam,105516874,82210742,23306132,0.220875876
UNCID_368702.TCGA-A3-3357-01A-02R-1420-07.110608_UNC13-SN749_0072_AC03JFABXX.2.trimmed.annotated.translated_to_genomic.bam,110857326,93147724,17709602,0.159751301
UNCID_368704.TCGA-B0-5121-01A-02R-1420-07.110608_UNC13-SN749_0072_AC03JFABXX.6.trimmed.annotated.translated_to_genomic.bam,108780462,92867533,15912929,0.146284808
UNCID_368709.TCGA-B0-5081-01A-01R-1334-07.110614_UNC11-SN627_0104_AD0CV3ABXX.3.trimmed.annotated.translated_to_genomic.bam,105254784,86317000,18937784,0.179923261
UNCID_368711.TCGA-BP-4165-01A-02R-1289-07.110429_SN851_0035_AB0AKJABXX.1.trimmed.annotated.translated_to_genomic.bam,129378282,108095469,21282813,0.164500662
UNCID_368713.TCGA-B0-5088-01A-01R-1334-07.110614_UNC11-SN627_0104_AD0CV3ABXX.6.trimmed.annotated.translated_to_genomic.bam,107863076,87541422,20321654,0.188402322
UNCID_368715.TCGA-B0-5109-01A-02R-1420-07.110608_UNC13-SN749_0072_AC03JFABXX.5.trimmed.annotated.translated_to_genomic.bam,91475824,79700257,11775567,0.128728734
UNCID_368718.TCGA-AK-3445-01A-02R-1277-07.110415_UNC9-SN296_0171_BB07RHABXX.7.trimmed.annotated.translated_to_genomic.bam,122571892,103463935,19107957,0.155891834
UNCID_368720.TCGA-B0-5075-01A-01R-1334-07.110614_UNC11-SN627_0104_AD0CV3ABXX.1.trimmed.annotated.translated_to_genomic.bam,110415608,90879125,19536483,0.176935882
UNCID_368765.TCGA-B0-5084-01A-01R-1334-07.110614_UNC11-SN627_0104_AD0CV3ABXX.4.trimmed.annotated.translated_to_genomic.bam,98173234,81092062,17081172,0.173990112
UNCID_368783.TCGA-BP-4345-01A-01R-1289-07.110429_SN851_0035_AB0AKJABXX.4.trimmed.annotated.translated_to_genomic.bam,159174480,135589393,23585087,0.148171283
UNCID_368803.TCGA-BP-4756-01A-01R-1289-07.110429_SN851_0035_AB0AKJABXX.7.trimmed.annotated.translated_to_genomic.bam,165461672,139897906,25563766,0.154499623
UNCID_368857.TCGA-AK-3434-01A-02R-1277-07.110415_UNC9-SN296_0171_BB07RHABXX.5.trimmed.annotated.translated_to_genomic.bam,104420652,89247674,15172978,0.145306294
UNCID_368859.TCGA-A3-3367-01A-02R-1420-07.110608_UNC13-SN749_0072_AC03JFABXX.8.trimmed.annotated.translated_to_genomic.bam,109226800,91157774,18069026,0.165426672
UNCID_368906.TCGA-AK-3450-01A-02R-1277-07.110415_UNC9-SN296_0171_BB07RHABXX.8.trimmed.annotated.translated_to_genomic.bam,139699016,123379933,16319083,0.11681602
UNCID_368919.TCGA-AK-3433-01A-02R-1277-07.110415_UNC9-SN296_0171_BB07RHABXX.4.trimmed.annotated.translated_to_genomic.bam,112141144,95643989,16497155,0.147110636
UNCID_368999.TCGA-AK-3440-01A-02R-1277-07.110415_UNC9-SN296_0171_BB07RHABXX.6.trimmed.annotated.translated_to_genomic.bam,161333832,142402568,18931264,0.117342183
UNCID_369011.TCGA-A3-3359-01A-01R-0864-07.110503_UNC15-SN850_0066_Ab0bh8abxx.2.trimmed.annotated.translated_to_genomic.bam,151841596,98881335,52960261,0.348786251
UNCID_369164.TCGA-BP-4355-01A-01R-1289-07.110429_SN851_0035_AB0AKJABXX.6.trimmed.annotated.translated_to_genomic.bam,155304426,120137714,35166712,0.226437281
UNCID_369368.TCGA-BP-4346-01A-01R-1289-07.110429_SN851_0035_AB0AKJABXX.5.trimmed.annotated.translated_to_genomic.bam,149194754,119772615,29422139,0.197206257
UNCID_369499.TCGA-BP-4326-01A-01R-1289-07.110429_SN851_0035_AB0AKJABXX.2.trimmed.annotated.translated_to_genomic.bam,170105938,145215197,24890741,0.146324939
UNCID_369644.TCGA-BP-4766-01A-01R-1289-07.110429_SN851_0035_AB0AKJABXX.8.trimmed.annotated.translated_to_genomic.bam,182261370,155497712,26763658,0.146842186
UNCID_369647.TCGA-BP-4159-01A-02R-1289-07.110503_UNC15-SN850_0067_BB08W4ABXX.8.trimmed.annotated.translated_to_genomic.bam,129536164,110933815,18602349,0.143607379
UNCID_369661.TCGA-B0-4714-01A-01R-1277-07.110503_UNC15-SN850_0067_BB08W4ABXX.4.trimmed.annotated.translated_to_genomic.bam,136441048,105853304,30587744,0.224182857
UNCID_369670.TCGA-BP-4337-01A-01R-1289-07.110429_SN851_0035_AB0AKJABXX.3.trimmed.annotated.translated_to_genomic.bam,153734064,125138777,28595287,0.186004886
UNCID_369788.TCGA-BP-4158-01A-02R-1289-07.110503_UNC15-SN850_0067_BB08W4ABXX.7.trimmed.annotated.translated_to_genomic.bam,142936964,117555896,25381068,0.17756826
UNCID_369790.TCGA-A3-3343-01A-01R-0864-07.110503_UNC15-SN850_0066_Ab0bh8abxx.1.trimmed.annotated.translated_to_genomic.bam,153815078,132007988,21807090,0.141774723
UNCID_369838.TCGA-BP-4775-01A-01R-1289-07.110512_UNC9-SN296_0180_AC036NABXX.5.trimmed.annotated.translated_to_genomic.bam,160916750,133305594,27611156,0.171586587
UNCID_369855.TCGA-BP-4769-01A-01R-1289-07.110429_SN851_0036_BB0BGLABXX.8.trimmed.annotated.translated_to_genomic.bam,132014368,117062939,14951429,0.113256074
UNCID_369864.TCGA-BP-4774-01A-01R-1289-07.110512_UNC9-SN296_0180_AC036NABXX.4.trimmed.annotated.translated_to_genomic.bam,166097628,137085450,29012178,0.17466943
UNCID_369917.TCGA-B0-4703-01A-01R-1277-07.110503_UNC15-SN850_0067_BB08W4ABXX.3.trimmed.annotated.translated_to_genomic.bam,148093664,126604066,21489598,0.145108153
UNCID_369919.TCGA-B0-4819-01A-01R-1277-07.110503_UNC15-SN850_0067_BB08W4ABXX.5.trimmed.annotated.translated_to_genomic.bam,150492744,121072011,29420733,0.195496023
UNCID_369930.TCGA-B0-4846-01A-01R-1277-07.110503_UNC15-SN850_0067_BB08W4ABXX.6.trimmed.annotated.translated_to_genomic.bam,152246390,129757871,22488519,0.147711345
UNCID_369932.TCGA-BP-4166-01A-02R-1289-07.110429_SN851_0036_BB0BGLABXX.1.trimmed.annotated.translated_to_genomic.bam,148942236,118457246,30484990,0.204676597
UNCID_369947.TCGA-BP-4327-01A-01R-1289-07.110429_SN851_0036_BB0BGLABXX.3.trimmed.annotated.translated_to_genomic.bam,147861132,121135501,26725631,0.180748183
UNCID_369949.TCGA-BP-4762-01A-02R-1289-07.110512_UNC9-SN296_0180_AC036NABXX.3.trimmed.annotated.translated_to_genomic.bam,147440840,134050165,13390675,0.090820664
UNCID_369963.TCGA-B0-4690-01A-01R-1277-07.110503_UNC15-SN850_0067_BB08W4ABXX.1.trimmed.annotated.translated_to_genomic.bam,152147262,132614448,19532814,0.128380976
UNCID_370003.TCGA-A3-3323-01A-02R-1325-07.110427_UNC15-SN850_0065_BB09BPABXX.2.trimmed.annotated.translated_to_genomic.bam,122878306,100247048,22631258,0.184176188
UNCID_370108.TCGA-A3-3322-01A-02R-1325-07.110427_UNC15-SN850_0065_BB09BPABXX.1.trimmed.annotated.translated_to_genomic.bam,127772050,102608507,25163543,0.196940904
UNCID_370306.TCGA-A3-3382-01A-02R-1325-07.110427_UNC15-SN850_0065_BB09BPABXX.8.trimmed.annotated.translated_to_genomic.bam,144293268,121165500,23127768,0.16028307
UNCID_371033.TCGA-BP-4169-01A-02R-1289-07.110429_SN851_0036_BB0BGLABXX.2.trimmed.annotated.translated_to_genomic.bam,202208786,172895052,29313734,0.144967657
UNCID_371174.TCGA-A3-3374-01A-02R-1325-07.110427_UNC15-SN850_0065_BB09BPABXX.6.trimmed.annotated.translated_to_genomic.bam,167151744,145369081,21782663,0.130316696
UNCID_371240.TCGA-A3-3324-01A-02R-1325-07.110427_UNC15-SN850_0065_BB09BPABXX.3.trimmed.annotated.translated_to_genomic.bam,169248772,141076960,28171812,0.166452091
UNCID_371244.TCGA-A3-3372-01A-02R-1325-07.110427_UNC15-SN850_0065_BB09BPABXX.5.trimmed.annotated.translated_to_genomic.bam,169689058,138025495,31663563,0.186597553
UNCID_371249.TCGA-BP-4347-01A-01R-1289-07.110429_SN851_0036_BB0BGLABXX.5.trimmed.annotated.translated_to_genomic.bam,222634606,181153434,41481172,0.186319516
UNCID_371296.TCGA-A3-3331-01A-02R-1325-07.110427_UNC15-SN850_0065_BB09BPABXX.4.trimmed.annotated.translated_to_genomic.bam,174179054,146167600,28011454,0.160819877
UNCID_371302.TCGA-BP-4338-01A-01R-1289-07.110429_SN851_0036_BB0BGLABXX.4.trimmed.annotated.translated_to_genomic.bam,201575658,180790945,20784713,0.103111225
UNCID_371323.TCGA-BP-4768-01A-01R-1289-07.110429_SN851_0036_BB0BGLABXX.7.trimmed.annotated.translated_to_genomic.bam,181044074,150873810,30170264,0.166645963
UNCID_372475.TCGA-BP-4969-01A-01R-1334-07.110617_UNC10-SN254_0235_BC03GPABXX.8.trimmed.annotated.translated_to_genomic.bam,103575446,77309272,26266174,0.253594602
UNCID_372483.TCGA-BP-4968-01A-01R-1334-07.110617_UNC10-SN254_0235_BC03GPABXX.7.trimmed.annotated.translated_to_genomic.bam,102573200,82308271,20264929,0.197565534
UNCID_372503.d7ce364d-1a7b-4126-b378-41b46ee55477.110425_UNC14-SN744_0100_AB0281ABXX.6.trimmed.annotated.translated_to_genomic.bam,103481400,84157090,19324310,0.186741869
UNCID_372505.TCGA-BP-4963-01A-01R-1334-07.110617_UNC10-SN254_0235_BC03GPABXX.3.trimmed.annotated.translated_to_genomic.bam,99708938,79601581,20107357,0.201660527
UNCID_372521.48001fdd-8904-4ce7-a52c-519fdee5e246.110425_UNC14-SN744_0100_AB0281ABXX.5.trimmed.annotated.translated_to_genomic.bam,107151138,93270659,13880479,0.129541125
UNCID_372525.TCGA-BP-4967-01A-01R-1334-07.110617_UNC10-SN254_0235_BC03GPABXX.6.trimmed.annotated.translated_to_genomic.bam,104422194,84370094,20052100,0.192029101
UNCID_372538.TCGA-BP-4962-01A-01R-1334-07.110617_UNC10-SN254_0235_BC03GPABXX.2.trimmed.annotated.translated_to_genomic.bam,107155190,90929077,16226113,0.151426291
UNCID_372546.4e89f83e-833f-4478-a7b4-5b4faf5cfeb4.110425_UNC14-SN744_0100_AB0281ABXX.2.trimmed.annotated.translated_to_genomic.bam,120008104,105845034,14163070,0.118017613
UNCID_372556.TCGA-BP-4975-01A-01R-1334-07.110620_UNC14-SN744_0132_AD0CP3ABXX.6.trimmed.annotated.translated_to_genomic.bam,114313658,99710202,14603456,0.127749004
UNCID_372559.34e6f8a1-5e41-4f7d-a34d-a6759819d8de.110620_UNC11-SN627_0108_BD0D5HABXX.5.trimmed.annotated.translated_to_genomic.bam,112000500,94981436,17019064,0.15195525
UNCID_372563.ffbf81f1-b5a5-4739-9f35-716169650023.110620_UNC11-SN627_0108_BD0D5HABXX.4.trimmed.annotated.translated_to_genomic.bam,99968860,82820374,17148486,0.171538277
UNCID_372565.TCGA-B2-3923-01A-02R-1325-07.110425_UNC14-SN744_0100_AB0281ABXX.3.trimmed.annotated.translated_to_genomic.bam,124923000,103830185,21092815,0.168846529
UNCID_372567.2d67443d-14ec-48f7-93e0-e409b1729587.110425_UNC14-SN744_0100_AB0281ABXX.7.trimmed.annotated.translated_to_genomic.bam,123264710,100136852,23127858,0.18762757
UNCID_372571.TCGA-BP-4976-01A-01R-1334-07.110620_UNC14-SN744_0132_AD0CP3ABXX.7.trimmed.annotated.translated_to_genomic.bam,111630480,99961124,11669356,0.104535571
UNCID_372572.TCGA-BP-4162-01A-02R-1325-07.110425_UNC14-SN744_0100_AB0281ABXX.4.trimmed.annotated.translated_to_genomic.bam,122386262,104233980,18152282,0.148319605
UNCID_372575.TCGA-BP-4970-01A-01R-1334-07.110620_UNC14-SN744_0132_AD0CP3ABXX.1.trimmed.annotated.translated_to_genomic.bam,112051530,98269384,13782146,0.122998285
UNCID_372660.TCGA-BP-4977-01A-01R-1334-07.110620_UNC14-SN744_0132_AD0CP3ABXX.8.trimmed.annotated.translated_to_genomic.bam,112525184,89080675,23444509,0.208348995
UNCID_372666.TCGA-B0-4837-01A-01R-1305-07.110620_UNC11-SN627_0108_BD0D5HABXX.1.trimmed.annotated.translated_to_genomic.bam,104536442,89348994,15187448,0.145283766
UNCID_372668.TCGA-AK-3436-01A-02R-1325-07.110425_UNC14-SN744_0100_AB0281ABXX.1.trimmed.annotated.translated_to_genomic.bam,140722074,124550397,16171677,0.114919263
UNCID_372671.TCGA-BP-4973-01A-01R-1334-07.110620_UNC14-SN744_0132_AD0CP3ABXX.4.trimmed.annotated.translated_to_genomic.bam,111540168,89483840,22056328,0.197743364
UNCID_372674.TCGA-BP-4974-01A-01R-1334-07.110620_UNC14-SN744_0132_AD0CP3ABXX.5.trimmed.annotated.translated_to_genomic.bam,113206726,89578786,23627940,0.208714984
UNCID_372698.TCGA-BP-4965-01A-01R-1334-07.110617_UNC10-SN254_0235_BC03GPABXX.5.trimmed.annotated.translated_to_genomic.bam,103807106,87972504,15834602,0.15253871
UNCID_372715.TCGA-BP-4964-01A-01R-1334-07.110617_UNC10-SN254_0235_BC03GPABXX.4.trimmed.annotated.translated_to_genomic.bam,107178366,88780518,18397848,0.171656358
UNCID_372745.TCGA-BP-4971-01A-01R-1334-07.110620_UNC14-SN744_0132_AD0CP3ABXX.2.trimmed.annotated.translated_to_genomic.bam,110868300,79258516,31609784,0.285111109
UNCID_372777.c5dd35f0-bbf0-4835-807a-f6beb72dd23a.110617_UNC10-SN254_0235_BC03GPABXX.1.trimmed.annotated.translated_to_genomic.bam,110679894,94370334,16309560,0.147357929
UNCID_372785.b2348f00-e51f-48e7-8815-78b709f7ec9e.110620_UNC11-SN627_0108_BD0D5HABXX.2.trimmed.annotated.translated_to_genomic.bam,121527166,107568683,13958483,0.114858953
UNCID_372805.TCGA-BP-4972-01A-01R-1334-07.110620_UNC14-SN744_0132_AD0CP3ABXX.3.trimmed.annotated.translated_to_genomic.bam,112885452,96682939,16202513,0.143530568
UNCID_372807.TCGA-CZ-4860-01A-01R-1305-07.110620_UNC11-SN627_0108_BD0D5HABXX.6.trimmed.annotated.translated_to_genomic.bam,111051112,102135165,8915947,0.080286877
UNCID_372831.TCGA-CJ-4637-01A-02R-1325-07.110425_UNC14-SN744_0100_AB0281ABXX.8.trimmed.annotated.translated_to_genomic.bam,136294116,114855166,21438950,0.15729916
UNCID_372850.TCGA-AK-3426-01A-02R-1325-07.110429_UNC14-SN744_0106_AB066TABXX.7.trimmed.annotated.translated_to_genomic.bam,103931944,80710575,23221369,0.223428602
UNCID_372862.TCGA-CJ-4639-01A-02R-1325-07.110429_UNC14-SN744_0106_AB066TABXX.2.trimmed.annotated.translated_to_genomic.bam,97388696,81308523,16080173,0.165113341
UNCID_372982.TCGA-CJ-4638-01A-02R-1325-07.110429_UNC14-SN744_0106_AB066TABXX.1.trimmed.annotated.translated_to_genomic.bam,117622470,91632322,25990148,0.22096244
UNCID_372984.TCGA-AK-3429-01A-02R-1325-07.110429_UNC14-SN744_0106_AB066TABXX.8.trimmed.annotated.translated_to_genomic.bam,107546640,96863700,10682940,0.099333089
UNCID_373018.TCGA-A3-3349-01A-01R-1188-07.110429_UNC14-SN744_0106_AB066TABXX.4.trimmed.annotated.translated_to_genomic.bam,125967826,109747770,16220056,0.128763483
UNCID_373046.TCGA-A3-3362-01A-02R-1325-07.110429_UNC14-SN744_0106_AB066TABXX.6.trimmed.annotated.translated_to_genomic.bam,116833936,100061017,16772919,0.143562047
UNCID_373070.TCGA-AK-3451-01A-02R-1188-07.110418_UNC15-SN850_0063_BB07MAABXX.1.trimmed.annotated.translated_to_genomic.bam,120061746,105324160,14737586,0.122750056
UNCID_373081.TCGA-B8-4151-01A-01R-1188-07.110418_UNC15-SN850_0063_BB07MAABXX.8.trimmed.annotated.translated_to_genomic.bam,120100458,106987627,13112831,0.10918219
UNCID_373135.TCGA-B2-4098-01A-02R-1325-07.110418_UNC15-SN850_0063_BB07MAABXX.3.trimmed.annotated.translated_to_genomic.bam,110749428,93024251,17725177,0.160047572
UNCID_373198.TCGA-A3-3351-01A-02R-1325-07.110429_UNC14-SN744_0106_AB066TABXX.5.trimmed.annotated.translated_to_genomic.bam,128416280,103535069,24881211,0.193754336
UNCID_373290.TCGA-B8-4143-01A-01R-1188-07.110418_UNC15-SN850_0063_BB07MAABXX.6.trimmed.annotated.translated_to_genomic.bam,131483448,104689934,26793514,0.203778608
UNCID_373292.TCGA-B8-4148-01A-02R-1325-07.110418_UNC15-SN850_0063_BB07MAABXX.7.trimmed.annotated.translated_to_genomic.bam,142888120,116537373,26350747,0.18441524
UNCID_373298.TCGA-B2-4099-01A-02R-1188-07.110418_UNC15-SN850_0063_BB07MAABXX.4.trimmed.annotated.translated_to_genomic.bam,134597404,120130525,14466879,0.1074826
UNCID_373300.TCGA-A3-3347-01A-02R-1325-07.110429_UNC14-SN744_0106_AB066TABXX.3.trimmed.annotated.translated_to_genomic.bam,130973240,110187345,20785895,0.158703373
UNCID_373302.TCGA-A3-3308-01A-02R-1325-07.110421_UNC9-SN296_0172_AC0152ABXX.3.trimmed.annotated.translated_to_genomic.bam,126479434,104944768,21534666,0.170262195
UNCID_373304.TCGA-B2-3924-01A-02R-1325-07.110418_UNC15-SN850_0063_BB07MAABXX.2.trimmed.annotated.translated_to_genomic.bam,138385556,123673218,14712338,0.106314116
UNCID_373329.TCGA-CJ-4644-01A-02R-1325-07.110421_UNC9-SN296_0172_AC0152ABXX.2.trimmed.annotated.translated_to_genomic.bam,130668430,118833496,11834934,0.090572252
UNCID_373341.TCGA-B2-4102-01A-02R-1325-07.110418_UNC15-SN850_0063_BB07MAABXX.5.trimmed.annotated.translated_to_genomic.bam,151191628,124745942,26445686,0.174915016
UNCID_373415.TCGA-A3-3317-01A-02R-1325-07.110421_UNC9-SN296_0172_AC0152ABXX.6.trimmed.annotated.translated_to_genomic.bam,158067600,128651235,29416365,0.186099903
UNCID_373422.TCGA-CJ-4643-01A-02R-1325-07.110421_UNC9-SN296_0172_AC0152ABXX.1.trimmed.annotated.translated_to_genomic.bam,158499794,132790338,25709456,0.162204981
UNCID_373485.TCGA-A3-3311-01A-02R-1325-07.110421_UNC9-SN296_0172_AC0152ABXX.4.trimmed.annotated.translated_to_genomic.bam,167487504,145239686,22247818,0.132832704
UNCID_373562.TCGA-A3-3313-01A-02R-1325-07.110421_UNC9-SN296_0172_AC0152ABXX.5.trimmed.annotated.translated_to_genomic.bam,179303504,151778311,27525193,0.153511741
UNCID_373899.TCGA-A3-3319-01A-02R-1325-07.110421_UNC9-SN296_0172_AC0152ABXX.7.trimmed.annotated.translated_to_genomic.bam,187483602,158494650,28988952,0.154621267
UNCID_374243.TCGA-AK-3454-01A-02R-1277-07.110324_UNC9-SN296_0160_AB038BABXX.4.trimmed.annotated.translated_to_genomic.bam,68762086,46860232,21901854,0.318516428
UNCID_374255.TCGA-AK-3453-01A-02R-1277-07.110324_UNC9-SN296_0160_AB038BABXX.3.trimmed.annotated.translated_to_genomic.bam,90651682,70592632,20059050,0.221276093
UNCID_374350.TCGA-AK-3460-01A-02R-1277-07.110415_UNC9-SN296_0170_AB07PYABXX.2.trimmed.annotated.translated_to_genomic.bam,101861752,85019367,16842385,0.165345526
UNCID_374425.TCGA-AK-3425-01A-02R-1277-07.110324_UNC9-SN296_0160_AB038BABXX.1.trimmed.annotated.translated_to_genomic.bam,91365422,78597855,12767567,0.139741783
UNCID_374446.TCGA-AK-3428-01A-02R-1277-07.110324_UNC9-SN296_0160_AB038BABXX.2.trimmed.annotated.translated_to_genomic.bam,76803232,69423412,7379820,0.096087363
UNCID_374538.TCGA-B0-4841-01A-01R-1277-07.110330_UNC9-SN296_0163_BB05MBABXX.3.trimmed.annotated.translated_to_genomic.bam,91708170,76160656,15547514,0.169532485
UNCID_374540.TCGA-B0-4713-01A-01R-1277-07.110415_UNC9-SN296_0170_AB07PYABXX.4.trimmed.annotated.translated_to_genomic.bam,112256184,94394928,17861256,0.159111555
UNCID_374597.TCGA-A3-3320-01A-02R-1325-07.110421_UNC9-SN296_0172_AC0152ABXX.8.trimmed.annotated.translated_to_genomic.bam,156319320,126338119,29981201,0.191794597
UNCID_374630.TCGA-B0-4693-01A-01R-1277-07.110415_UNC9-SN296_0170_AB07PYABXX.3.trimmed.annotated.translated_to_genomic.bam,124624610,104487741,20136869,0.161580197
UNCID_374638.TCGA-B0-4849-01A-01R-1277-07.110415_UNC9-SN296_0170_AB07PYABXX.8.trimmed.annotated.translated_to_genomic.bam,110479816,85953854,24525962,0.221994957
UNCID_374665.TCGA-BP-4353-01A-02R-1289-07.110503_UNC10-SN254_0214_AB0BCKABXX.6.trimmed.annotated.translated_to_genomic.bam,141456176,123057966,18398210,0.130062967
UNCID_374685.TCGA-CJ-4640-01A-02R-1325-07.110418_UNC15-SN850_0062_AB07THABXX.7.trimmed.annotated.translated_to_genomic.bam,149580668,135467991,14112677,0.094348268
UNCID_374687.TCGA-BP-5168-01A-01R-1420-07.110517_UNC14-SN744_0117_BC036RABXX.3.trimmed.annotated.translated_to_genomic.bam,123711494,111599033,12112461,0.097908938
UNCID_374692.TCGA-B0-4845-01A-01R-1277-07.110330_UNC9-SN296_0163_BB05MBABXX.6.trimmed.annotated.translated_to_genomic.bam,138422258,108840569,29581689,0.213706158
UNCID_374694.TCGA-BP-4342-01A-01R-1289-07.110511_UNC11-SN627_0085_BC01AFABXX.5.trimmed.annotated.translated_to_genomic.bam,185688804,151338817,34349987,0.18498685
UNCID_374696.TCGA-B0-5119-01A-02R-1420-07.110517_UNC14-SN744_0117_BC036RABXX.1.trimmed.annotated.translated_to_genomic.bam,143716580,128408098,15308482,0.106518552
UNCID_374698.TCGA-B8-5165-01A-01R-1420-07.110517_UNC14-SN744_0117_BC036RABXX.2.trimmed.annotated.translated_to_genomic.bam,173406660,156665268,16741392,0.096544112
UNCID_374952.TCGA-B0-4699-01A-01R-1277-07.110331_UNC11-SN627_0072_AB05NMABXX.5.trimmed.annotated.translated_to_genomic.bam,242361680,205672210,36689470,0.151383131
UNCID_386160.f3c8d441-c3ca-40f8-99d6-f13a301b0848.110705_UNC10-SN254_0241_BD0DYDABXX.3.trimmed.annotated.translated_to_genomic.bam,112502036,80520093,31981943,0.284278793
UNCID_386201.728ca970-8824-4ee7-bac1-35a7c66b8842.110705_UNC10-SN254_0241_BD0DYDABXX.2.trimmed.annotated.translated_to_genomic.bam,117433410,96400668,21032742,0.179103562
UNCID_389528.1bd8b565-ba7e-4fff-8fd8-2b7b4d71106f.110705_UNC10-SN254_0240_AD0DKKABXX.8.trimmed.annotated.translated_to_genomic.bam,87185870,58442321,28743549,0.329681277
UNCID_389532.5d41239a-7e24-4d75-b4e7-21eb4a48dc4d.110705_UNC10-SN254_0240_AD0DKKABXX.2.trimmed.annotated.translated_to_genomic.bam,84402676,67854275,16548401,0.196064885
UNCID_389747.0f8f1a3b-f7ed-4dc2-afc2-2a96e25172de.110705_UNC10-SN254_0240_AD0DKKABXX.7.trimmed.annotated.translated_to_genomic.bam,89518076,74810564,14707512,0.164296561
UNCID_389896.983fe342-3f35-4a2e-94c4-0c4978ffcf66.110705_UNC10-SN254_0240_AD0DKKABXX.5.trimmed.annotated.translated_to_genomic.bam,88378450,76314150,12064300,0.136507259
UNCID_389899.95225ce4-18d6-4c4d-a742-30a769cdbcfd.110705_UNC10-SN254_0240_AD0DKKABXX.3.trimmed.annotated.translated_to_genomic.bam,88835714,74182083,14653631,0.164952026
UNCID_389946.85344fe3-0087-4c61-b02b-96a311fa8034.110705_UNC10-SN254_0240_AD0DKKABXX.6.trimmed.annotated.translated_to_genomic.bam,90077724,74263986,15813738,0.175556589
UNCID_390397.c90c4c08-b038-4440-93df-10239a0516c1.110705_UNC10-SN254_0240_AD0DKKABXX.4.trimmed.annotated.translated_to_genomic.bam,84009788,71439556,12570232,0.149628184
UNCID_393971.bbe4d7f0-1ed9-4d58-9b59-c71d144f73ab.110719_UNC11-SN627_0126_BC01YJABXX.1.trimmed.annotated.translated_to_genomic.bam,76423030,60917122,15505908,0.20289575
UNCID_394203.4d605da9-57c9-4041-bb4c-af8e4e4eb918.110719_UNC11-SN627_0126_BC01YJABXX.7.trimmed.annotated.translated_to_genomic.bam,93978110,78772380,15205730,0.161800764
UNCID_394394.ae363a64-41f5-4253-ac6a-ecf6fa4ec610.110719_UNC11-SN627_0126_BC01YJABXX.4.trimmed.annotated.translated_to_genomic.bam,112201814,88944733,23257081,0.207279011
UNCID_394488.df1d6c48-b5c6-4a93-bcc5-a9f5b29593f7.110719_UNC11-SN627_0126_BC01YJABXX.5.trimmed.annotated.translated_to_genomic.bam,114425000,93324925,21100075,0.184400918
UNCID_395010.68d3a682-fa80-4766-8d4a-dd120e10249c.110719_UNC11-SN627_0126_BC01YJABXX.3.trimmed.annotated.translated_to_genomic.bam,122476198,99628677,22847521,0.186546622
UNCID_395510.82f4729f-8e81-4e8c-a545-e6044ec3a197.110812_UNC16-SN851_0075_BD0DE5ABXX.7.trimmed.annotated.translated_to_genomic.bam,105126752,95075916,10050836,0.095606835
UNCID_395539.021f38df-d9cd-4b4b-8fd6-8fc2bc4eb3fc.110812_UNC16-SN851_0075_BD0DE5ABXX.6.trimmed.annotated.translated_to_genomic.bam,107229350,98071720,9157630,0.085402271
UNCID_396134.a62572f8-bd89-491a-9bf4-1877a07da46e.110812_UNC16-SN851_0075_BD0DE5ABXX.5.trimmed.annotated.translated_to_genomic.bam,123287892,100480231,22807661,0.184995141
UNCID_396177.f09be11c-694d-4ee8-9af6-0cb765ea795a.110812_UNC16-SN851_0075_BD0DE5ABXX.3.trimmed.annotated.translated_to_genomic.bam,130463302,114564821,15898481,0.121861709
UNCID_396759.cc81a899-9b05-4804-b180-f33f885f3908.110812_UNC16-SN851_0075_BD0DE5ABXX.1.trimmed.annotated.translated_to_genomic.bam,136823180,121806948,15016232,0.109749181
UNCID_399010.6d9f9621-a9b0-4091-9425-f435061ba54f.110712_UNC12-SN629_0109_BC02BLABXX.7.trimmed.annotated.translated_to_genomic.bam,94749784,66789415,27960369,0.295096915
UNCID_399072.ef2fe6ae-6775-4177-a3e5-914aa2c5f2a8.110712_UNC12-SN629_0109_BC02BLABXX.8.trimmed.annotated.translated_to_genomic.bam,112571844,96419690,16152154,0.143483072
UNCID_399229.0d559ef8-c7f0-486a-bfa8-532fd38d993d.110712_UNC12-SN629_0109_BC02BLABXX.3.trimmed.annotated.translated_to_genomic.bam,95568008,84569716,10998292,0.115083407
UNCID_399237.edf7e574-9db3-4bd7-ba86-410173b59320.110712_UNC12-SN629_0109_BC02BLABXX.1.trimmed.annotated.translated_to_genomic.bam,104663024,86815063,17847961,0.170527855
UNCID_399292.4eb2db4b-f8de-435b-bb72-fde7780fb18a.110712_UNC12-SN629_0109_BC02BLABXX.2.trimmed.annotated.translated_to_genomic.bam,113619516,102934262,10685254,0.094044178
UNCID_399332.4525fc51-c3b6-4768-bd04-8febaa18c37e.110712_UNC12-SN629_0109_BC02BLABXX.5.trimmed.annotated.translated_to_genomic.bam,111016948,95940674,15076274,0.135801553
UNCID_399357.2c66813e-ea12-44c5-ac7e-6c8802325077.110712_UNC12-SN629_0109_BC02BLABXX.4.trimmed.annotated.translated_to_genomic.bam,119286754,103413985,15872769,0.13306397
UNCID_399869.2d12d6c7-a3b8-4a0e-a501-a291f1e86eb9.110712_UNC12-SN629_0108_AC0402ABXX.5.trimmed.annotated.translated_to_genomic.bam,88022638,69228876,18793762,0.213510552
UNCID_399985.d0100b1d-9fa8-46b6-94f0-af3f9e747972.110712_UNC12-SN629_0108_AC0402ABXX.2.trimmed.annotated.translated_to_genomic.bam,86311256,72475934,13835322,0.160295686
UNCID_400043.68663b98-823a-4dd1-950b-caa33793eafb.110712_UNC12-SN629_0108_AC0402ABXX.4.trimmed.annotated.translated_to_genomic.bam,93992308,79626677,14365631,0.152838368
UNCID_400382.a6afebfd-6750-47e2-9fa6-e2d102025c7b.110712_UNC12-SN629_0108_AC0402ABXX.6.trimmed.annotated.translated_to_genomic.bam,94895628,83736786,11158842,0.117590686
UNCID_400392.bacdb0de-d29b-4ac1-a163-35376a7b2b9b.110728_UNC6-RDR300211_00118_FC_70KA8AAXX.4.trimmed.annotated.translated_to_genomic.bam,25172217,21210414,3961803,0.157387925
UNCID_400423.ac44efb2-7079-49a7-8bc6-285ae009ad89.110728_UNC6-RDR300211_00118_FC_70KA8AAXX.5.trimmed.annotated.translated_to_genomic.bam,27093076,23013302,4079774,0.15058364
UNCID_400431.d652eb6b-e061-47f6-8da9-032cf10c21ce.110712_UNC12-SN629_0108_AC0402ABXX.8.trimmed.annotated.translated_to_genomic.bam,97129112,87789545,9339567,0.096156207
UNCID_400449.07a4d275-d7bb-4aee-ae7e-b056a8785643.110712_UNC12-SN629_0108_AC0402ABXX.1.trimmed.annotated.translated_to_genomic.bam,87888826,72487224,15401602,0.175239592
UNCID_400683.33dbf062-5980-4b6b-affa-0157eaa3016a.110712_UNC12-SN629_0108_AC0402ABXX.3.trimmed.annotated.translated_to_genomic.bam,91339836,80241931,11097905,0.121501258
UNCID_401356.2fc92e79-f56f-46b9-b378-a242dd7642d6.110728_UNC2-RDR300275_00080_FC_63145AAXX.7.trimmed.annotated.translated_to_genomic.bam,36599819,29677558,6922261,0.18913375
UNCID_402221.bed554b9-3711-4d40-af5e-943b6b39fee5.110707_UNC11-SN627_0117_BC03YCABXX.7.trimmed.annotated.translated_to_genomic.bam,118699224,96064588,22634636,0.190688997
UNCID_402272.f25aa426-4522-4f81-aaf8-e2d51e0aeaf3.110707_UNC11-SN627_0117_BC03YCABXX.6.trimmed.annotated.translated_to_genomic.bam,112142650,92311187,19831463,0.176841398
UNCID_402406.07e52141-d5c6-456f-bad7-cedec6a93ea0.110711_UNC14-SN744_0141_BD0DFHABXX.2.trimmed.annotated.translated_to_genomic.bam,96738250,86562423,10175827,0.105189281
UNCID_402431.22b689d1-b5d1-4a0c-801b-d3a3ad3c8965.110711_UNC14-SN744_0141_BD0DFHABXX.3.trimmed.annotated.translated_to_genomic.bam,103666470,90238994,13427476,0.129525738
UNCID_402458.0a92ac08-a817-401f-8827-62b419b7afc2.110711_UNC14-SN744_0141_BD0DFHABXX.6.trimmed.annotated.translated_to_genomic.bam,104310244,85197083,19113161,0.183233787
UNCID_402595.6b7fc820-6165-48bc-a9b7-db807b81e7e2.110711_UNC14-SN744_0141_BD0DFHABXX.1.trimmed.annotated.translated_to_genomic.bam,106053896,86949205,19104691,0.180141341
UNCID_402701.a055757a-04fd-436d-b743-be75b9529dbc.110711_UNC14-SN744_0141_BD0DFHABXX.5.trimmed.annotated.translated_to_genomic.bam,110377904,98173600,12204304,0.110568362
UNCID_403252.4994e995-7e35-49be-a10f-45909d60daef.110719_UNC11-SN627_0127_AB0AE0ABXX.6.trimmed.annotated.translated_to_genomic.bam,82495692,50870010,31625682,0.383361618
UNCID_403336.6524750b-0f81-4f20-a197-e3881adbfe0a.110711_UNC14-SN744_0141_BD0DFHABXX.8.trimmed.annotated.translated_to_genomic.bam,108828102,99483376,9344726,0.085866847
UNCID_403429.778f620d-9034-4a78-9bef-e21e0cef44dc.110711_UNC14-SN744_0141_BD0DFHABXX.7.trimmed.annotated.translated_to_genomic.bam,109377340,93212708,16164632,0.147787759
UNCID_404054.be536f6a-fe25-4269-82fa-88ede7740e54.110712_UNC12-SN629_0108_AC0402ABXX.7.trimmed.annotated.translated_to_genomic.bam,102985140,89267862,13717278,0.133196673
UNCID_404129.29eeeae4-a3c5-4008-a129-045485442021.110715_UNC14-SN744_0143_BC01UKABXX.7.trimmed.annotated.translated_to_genomic.bam,73090178,62737280,10352898,0.141645544
UNCID_404139.f775cfe9-6e6b-4b47-a8f1-25e5aea4ee7b.110719_UNC11-SN627_0127_AB0AE0ABXX.7.trimmed.annotated.translated_to_genomic.bam,101400264,86653487,14746777,0.145431347
UNCID_404322.66c87341-61f8-4160-9078-e8e0603d7bf8.110707_UNC11-SN627_0117_BC03YCABXX.1.trimmed.annotated.translated_to_genomic.bam,94356818,85583029,8773789,0.092985215
UNCID_404430.c09c8492-72c8-4bde-bdee-09a5eae43a8f.110719_UNC11-SN627_0127_AB0AE0ABXX.8.trimmed.annotated.translated_to_genomic.bam,112494922,95119177,17375745,0.154458039
UNCID_404445.f43e7f8f-79e5-4d08-8d4d-33f0ed1082e2.110715_UNC14-SN744_0143_BC01UKABXX.5.trimmed.annotated.translated_to_genomic.bam,83801804,69821794,13980010,0.166822304
UNCID_404627.bfb1d121-5968-46e6-9e69-21e7477214cc.110719_UNC11-SN627_0127_AB0AE0ABXX.1.trimmed.annotated.translated_to_genomic.bam,116852270,99668676,17183594,0.147054002
UNCID_404683.914d5d39-8731-4913-bce6-950283630fb1.110719_UNC11-SN627_0127_AB0AE0ABXX.2.trimmed.annotated.translated_to_genomic.bam,124354034,107092136,17261898,0.138812529
UNCID_405063.5992e0cb-a453-473f-bb06-4641681099bd.110719_UNC11-SN627_0127_AB0AE0ABXX.5.trimmed.annotated.translated_to_genomic.bam,119717334,103908896,15808438,0.132048029
UNCID_405094.95365098-d660-415e-843d-3726e8821022.110719_UNC11-SN627_0127_AB0AE0ABXX.3.trimmed.annotated.translated_to_genomic.bam,118780582,106005115,12775467,0.107555181
UNCID_405417.f20b62d0-e85b-44dc-81eb-59b44821583a.110516_UNC16-SN851_0046_BC037JABXX.7.trimmed.annotated.translated_to_genomic.bam,138002870,123372097,14630773,0.106017889
UNCID_405582.664cc5b1-91aa-45b4-8be2-3c78d086332e.110516_UNC16-SN851_0046_BC037JABXX.1.trimmed.annotated.translated_to_genomic.bam,130461490,119315361,11146129,0.085436162
UNCID_406044.2504b3ac-2f7b-4608-8696-67870d4819d4.110516_UNC16-SN851_0046_BC037JABXX.5.trimmed.annotated.translated_to_genomic.bam,150092920,135540629,14552291,0.096955213
UNCID_406175.1c6b5c84-6da2-48dd-a062-43ae72666690.110711_UNC14-SN744_0141_BD0DFHABXX.4.trimmed.annotated.translated_to_genomic.bam,101921208,83223101,18698107,0.183456489
UNCID_406257.7d3f4aeb-243c-4379-b9d5-1c8a312d475f.110711_UNC10-SN254_0242_AD0DK5ABXX.8.trimmed.annotated.translated_to_genomic.bam,74089478,60294857,13794621,0.186188665
UNCID_406395.7f6f09f7-201d-4d8c-ac1f-8893df37cb66.110711_UNC10-SN254_0242_AD0DK5ABXX.7.trimmed.annotated.translated_to_genomic.bam,83251900,67150543,16101357,0.19340528
UNCID_406451.cdcfd4b3-024b-4356-b1f8-8ac22d01be2b.110707_UNC11-SN627_0117_BC03YCABXX.5.trimmed.annotated.translated_to_genomic.bam,129795556,114951170,14844386,0.114367444
UNCID_406834.a1a4ed45-edca-4f57-a885-9fb5626dad40.110516_UNC16-SN851_0046_BC037JABXX.4.trimmed.annotated.translated_to_genomic.bam,187635738,156053373,31582365,0.168317429
UNCID_406837.90e12e9e-fe3d-4e21-80ca-dfd7841f3708.110516_UNC16-SN851_0046_BC037JABXX.8.trimmed.annotated.translated_to_genomic.bam,185374692,156195407,29179285,0.157407059
UNCID_406966.50b89155-4264-47b0-b883-6c132aee6835.110706_UNC15-SN850_0092_AB0BJEABXX.1.trimmed.annotated.translated_to_genomic.bam,106860946,82487630,24373316,0.228084412
UNCID_407035.49fd8047-1d25-4cf6-bc43-1bd1bb7d07d8.110706_UNC15-SN850_0092_AB0BJEABXX.3.trimmed.annotated.translated_to_genomic.bam,111976156,96225344,15750812,0.140662196
UNCID_407037.1676db36-01d5-4338-aabe-5e92f4fca1c8.110706_UNC15-SN850_0092_AB0BJEABXX.5.trimmed.annotated.translated_to_genomic.bam,115751392,96757774,18993618,0.164089759
UNCID_407296.08e3b38b-07cb-4288-b41e-d35497712449.110516_UNC16-SN851_0046_BC037JABXX.3.trimmed.annotated.translated_to_genomic.bam,166053086,140875701,25177385,0.151622506
UNCID_407342.8f050361-4d5f-4256-8014-b7d3a1cf501d.110705_UNC10-SN254_0241_BD0DYDABXX.1.trimmed.annotated.translated_to_genomic.bam,117341020,87434973,29906047,0.254864386
UNCID_407359.bd434e6d-97f9-4264-952f-91b910b6249c.110707_UNC11-SN627_0117_BC03YCABXX.2.trimmed.annotated.translated_to_genomic.bam,117587110,97024651,20562459,0.174870009
UNCID_407395.186a9b74-4d34-43d5-a0e9-e69958f39eba.110705_UNC10-SN254_0241_BD0DYDABXX.6.trimmed.annotated.translated_to_genomic.bam,115318722,91644316,23674406,0.205295425
UNCID_407398.c2808392-116d-47bc-9065-21fc6d1b966d.110516_UNC16-SN851_0046_BC037JABXX.6.trimmed.annotated.translated_to_genomic.bam,206388428,190454564,15933864,0.077203282
UNCID_407433.84b85f9f-2496-4539-aa1d-1053b98476d3.110705_UNC10-SN254_0241_BD0DYDABXX.5.trimmed.annotated.translated_to_genomic.bam,120382594,102815687,17566907,0.145925639
UNCID_407763.039a7b01-3a1f-40d4-a636-09e2819db256.110614_UNC11-SN627_0104_AD0CV3ABXX.2.trimmed.annotated.translated_to_genomic.bam,105897532,80875396,25022136,0.2362863
UNCID_407794.64221b4f-16e3-4f49-8eb6-4ad8674ed8c6.110614_UNC11-SN627_0104_AD0CV3ABXX.7.trimmed.annotated.translated_to_genomic.bam,111190732,96132873,15057859,0.135423688
UNCID_407940.7191a1d9-317b-465b-992b-4f84163ad8a0.110503_UNC10-SN254_0215_BBOB7MABXX.2.trimmed.annotated.translated_to_genomic.bam,85771950,75342125,10429825,0.121599486
UNCID_408096.fe66d7a7-c591-4dbb-9e05-12c5fa3fa814.110503_UNC10-SN254_0215_BBOB7MABXX.6.trimmed.annotated.translated_to_genomic.bam,105828908,86980296,18848612,0.178104569
UNCID_408203.3097579d-f791-4677-a115-0fb1389b0274.110503_UNC10-SN254_0215_BBOB7MABXX.4.trimmed.annotated.translated_to_genomic.bam,107854768,79631298,28223470,0.261680318
UNCID_408416.f9b475ac-3fe7-40ac-be42-3d1d2572137d.110503_UNC10-SN254_0215_BBOB7MABXX.3.trimmed.annotated.translated_to_genomic.bam,156781696,125526940,31254756,0.199352072
UNCID_408462.290f7ce8-0c18-49bf-b702-8759f7de5c41.110503_UNC10-SN254_0215_BBOB7MABXX.8.trimmed.annotated.translated_to_genomic.bam,161355848,137238300,24117548,0.149468075
UNCID_408500.12a59c4a-fb09-4063-9bb5-6161b10240e0.110503_UNC10-SN254_0215_BBOB7MABXX.7.trimmed.annotated.translated_to_genomic.bam,176165814,148280056,27885758,0.158292675
UNCID_408508.66a37514-2cd6-4aac-9ab7-e7e011aeb6f0.110707_UNC11-SN627_0117_BC03YCABXX.3.trimmed.annotated.translated_to_genomic.bam,116067650,100602445,15465205,0.133243027
UNCID_408554.4e3d5029-c593-4f4d-9a0f-c560dd644a80.110707_UNC11-SN627_0117_BC03YCABXX.8.trimmed.annotated.translated_to_genomic.bam,128276764,106647953,21628811,0.168610513
UNCID_416905.809b49c6-f80b-471e-aa68-918f5c2f6f21.110608_UNC13-SN749_0072_AC03JFABXX.3.trimmed.annotated.translated_to_genomic.bam,75498600,66432094,9066506,0.120088399
UNCID_424557.559bc3f5-8d24-4740-942f-a2504739c917.110817_UNC6-RDR300211_00122_FC_6315AAXX.6.trimmed.annotated.translated_to_genomic.bam,5244743,2405062,2839681,0.541433775
UNCID_425446.6bb98c7f-6a92-4947-86d7-06b65e0dfc73.110819_UNC11-SN627_0140_BB01T2ABXX.6.trimmed.annotated.translated_to_genomic.bam,109718232,95602626,14115606,0.12865324
UNCID_425806.df706c43-0d65-49aa-9277-3e43bc7aa35d.110819_UNC11-SN627_0140_BB01T2ABXX.4.trimmed.annotated.translated_to_genomic.bam,121914048,108009250,13904798,0.114054108
UNCID_425957.d77d4850-de1b-4cff-93a1-3accc6a0cb46.110818_UNC16-SN851_0077_BB01PDABXX.1.trimmed.annotated.translated_to_genomic.bam,94574946,81033738,13541208,0.143179654
UNCID_425959.d55ddb42-bf9f-45a0-82f4-1a952895cc48.110819_UNC11-SN627_0140_BB01T2ABXX.2.trimmed.annotated.translated_to_genomic.bam,123316978,108921188,14395790,0.116738102
UNCID_426145.48c6075a-684e-4229-9c89-d96f5cd56465.110819_UNC11-SN627_0140_BB01T2ABXX.5.trimmed.annotated.translated_to_genomic.bam,127524720,115000391,12524329,0.09821099
UNCID_426173.181ba652-f81f-4077-88d7-02a4a7fe2312.110818_UNC16-SN851_0077_BB01PDABXX.8.trimmed.annotated.translated_to_genomic.bam,104477962,81805694,22672268,0.217005267
UNCID_427208.9b7edbf2-ea59-4387-b556-82d0f57a46d4.110818_UNC16-SN851_0077_BB01PDABXX.6.trimmed.annotated.translated_to_genomic.bam,119765052,104889391,14875661,0.124207027
UNCID_427336.ac4b7704-ac9b-4f01-8cbe-a2fe0315f66c.110818_UNC16-SN851_0077_BB01PDABXX.5.trimmed.annotated.translated_to_genomic.bam,117955332,105590331,12365001,0.104827826
UNCID_427354.a054d780-7ac0-4c63-bcb7-4f2a8ea8a6f7.110818_UNC16-SN851_0077_BB01PDABXX.3.trimmed.annotated.translated_to_genomic.bam,118972904,104665145,14307759,0.120260652
UNCID_430586.d6751801-aadf-461d-9cdd-2dd810ca951f.110816_UNC9-SN296_0228_AB09YVABXX.1.trimmed.annotated.translated_to_genomic.bam,105563890,95467446,10096444,0.09564297
UNCID_431901.331fc3b5-9168-4626-948d-726a440b2de7.110816_UNC9-SN296_0228_AB09YVABXX.2.trimmed.annotated.translated_to_genomic.bam,112726808,99547818,13178990,0.116910877
UNCID_460894.08dc8bd5-4ae2-456f-858c-df61c89e654e.110823_UNC10-SN254_0270_BB09TFABXX.6.trimmed.annotated.translated_to_genomic.bam,102773968,91385991,11387977,0.110806046
UNCID_461009.88016c0c-cd18-426e-884f-e29e88bd2185.110823_UNC10-SN254_0270_BB09TFABXX.2.trimmed.annotated.translated_to_genomic.bam,99425116,88431498,10993618,0.11057184
UNCID_461023.a9a2d1bf-8296-440d-92a3-d4115e1482ba.110823_UNC10-SN254_0270_BB09TFABXX.5.trimmed.annotated.translated_to_genomic.bam,106804816,92148607,14656209,0.137224233
UNCID_461052.8fd23c34-d9f3-4968-90ee-64565b36ade6.110823_UNC10-SN254_0270_BB09TFABXX.8.trimmed.annotated.translated_to_genomic.bam,105885432,86104129,19781303,0.186817985
UNCID_462160.97b82ef4-290b-418c-a69d-f447d58686bb.110823_UNC10-SN254_0269_AC019UABXX.7.trimmed.annotated.translated_to_genomic.bam,104633008,93696701,10936307,0.104520621
UNCID_462169.5a4ad263-7126-42f8-a2b2-f534dfaf50f9.110823_UNC10-SN254_0269_AC019UABXX.2.trimmed.annotated.translated_to_genomic.bam,85486660,66664138,18822522,0.220180809
UNCID_479828.037a8797-3399-411b-892c-fd608c8e3987.110811_UNC11-SN627_0139_BD0DKAABXX.5.trimmed.annotated.translated_to_genomic.bam,99308578,89224484,10084094,0.101543031
UNCID_479834.3b28157c-86f4-4adf-be89-f28a48196f24.110811_UNC11-SN627_0139_BD0DKAABXX.7.trimmed.annotated.translated_to_genomic.bam,102728808,89797668,12931140,0.125876473
UNCID_479898.a51e0415-c113-4a5e-b306-5b1076311928.110811_UNC11-SN627_0139_BD0DKAABXX.3.trimmed.annotated.translated_to_genomic.bam,108681664,94252381,14429283,0.132766489
UNCID_480053.7cad5c9a-00c7-4a75-9f04-292c61e68fab.110811_UNC11-SN627_0139_BD0DKAABXX.6.trimmed.annotated.translated_to_genomic.bam,95775834,85909965,9865869,0.103010004
UNCID_481974.43c53585-76cc-48a1-a9b1-fe0f96912ff1.110811_UNC11-SN627_0138_AD0DLWABXX.6.trimmed.annotated.translated_to_genomic.bam,111735868,93635748,18100120,0.161990239
UNCID_482081.0c949db4-d8a4-4a45-99a9-ab71f3afd47f.110811_UNC11-SN627_0138_AD0DLWABXX.5.trimmed.annotated.translated_to_genomic.bam,113977668,96271263,17706405,0.155349774
UNCID_502966.1c765ec2-c3d2-4fa4-9f56-031c47f2ec2d.110829_UNC9-SN296_0235_BC040DABXX.2.trimmed.annotated.translated_to_genomic.bam,87087370,69572749,17514621,0.201115512
UNCID_502987.328f67c7-f88e-4364-8ea7-ca5d95ff30e6.110829_UNC9-SN296_0235_BC040DABXX.8.trimmed.annotated.translated_to_genomic.bam,93336968,81591161,11745807,0.125843031
UNCID_503284.6683dc73-6101-4fb3-9702-38d561a8c822.110829_UNC9-SN296_0235_BC040DABXX.6.trimmed.annotated.translated_to_genomic.bam,112440126,93170047,19270079,0.171380802
UNCID_508841.34149234-2d6a-46ac-b7e0-52787cf2c49a.110719_UNC2-RDR300275_00077_FC_70KATAAXX.7.trimmed.annotated.translated_to_genomic.bam,32224317,25826154,6398163,0.198550771
UNCID_547355.48997d33-baf4-499d-9931-fa552d7fc313.110926_UNC10-SN254_0280_BB060JABXX.2.trimmed.annotated.translated_to_genomic.bam,71901420,53931972,17969448,0.249917846
UNCID_547705.2a83812c-0319-45c7-9e17-0849b9dc77ec.110926_UNC10-SN254_0279_AD0E60ABXX.8.trimmed.annotated.translated_to_genomic.bam,77562818,68302026,9260792,0.119397312
UNCID_547953.0f380c26-38fb-41ff-880f-2490b4259695.110926_UNC10-SN254_0280_BB060JABXX.1.trimmed.annotated.translated_to_genomic.bam,89753806,77704951,12048855,0.134243388
UNCID_547970.9deea671-7443-45bd-a45f-97fde279c948.110926_UNC10-SN254_0279_AD0E60ABXX.1.trimmed.annotated.translated_to_genomic.bam,87654610,76010191,11644419,0.132844342
UNCID_547979.3df74d09-4b20-44f3-88cc-42bfb24892eb.110926_UNC10-SN254_0280_BB060JABXX.4.trimmed.annotated.translated_to_genomic.bam,87167914,71325506,15842408,0.181745866
UNCID_548040.e74353da-287f-4f4f-abf4-28361407e470.110926_UNC10-SN254_0280_BB060JABXX.3.trimmed.annotated.translated_to_genomic.bam,93000508,75687765,17312743,0.18615751
UNCID_548118.99bee4e6-789c-4cd9-84e4-f15f1408480d.110926_UNC10-SN254_0279_AD0E60ABXX.6.trimmed.annotated.translated_to_genomic.bam,100964714,87471292,13493422,0.133644929
UNCID_554439.f47c8d1e-0cc6-4686-8913-80b6f0372293.111006_UNC11-SN627_0158_BB01Y8ABXX.8.trimmed.annotated.translated_to_genomic.bam,103235948,93532277,9703671,0.093995078
UNCID_554515.52917ca9-123b-4366-a852-99bcb5982284.111006_UNC11-SN627_0158_BB01Y8ABXX.5.trimmed.annotated.translated_to_genomic.bam,120175126,103309354,16865772,0.140343285
UNCID_554518.69ae6dda-ec99-4a28-a952-f3115989f265.111006_UNC11-SN627_0158_BB01Y8ABXX.6.trimmed.annotated.translated_to_genomic.bam,116884306,104367558,12516748,0.107086643
UNCID_559129.de741d7b-594e-4167-bf35-09fc4f6753ab.110930_UNC12-SN629_0145_AD0E5GABXX.8.trimmed.annotated.translated_to_genomic.bam,92798926,73882270,18916656,0.203845635
UNCID_563244.7265ce4f-d385-4478-97cd-4fdafafed3cd.110926_UNC9-SN296_0245_BC048JABXX.5.trimmed.annotated.translated_to_genomic.bam,41116674,27590962,13525712,0.328959293
UNCID_563316.8453bed2-371f-47f4-b1aa-b29552f4571c.110926_UNC9-SN296_0245_BC048JABXX.6.trimmed.annotated.translated_to_genomic.bam,41436956,29592901,11844055,0.285833134
UNCID_563680.d6795dae-ac48-4a43-a30e-0c79abbe45fc.110926_UNC9-SN296_0245_BC048JABXX.7.trimmed.annotated.translated_to_genomic.bam,48460018,41013282,7446736,0.153667628
UNCID_565727.65c2eee5-e7bb-40db-9a59-43c6f9bf2220.110926_UNC16-SN851_0092_BD0E5BABXX.6.trimmed.annotated.translated_to_genomic.bam,97959556,82329949,15629607,0.159551632
UNCID_565790.017b8d94-3c24-4bb0-9aff-f8bc623d2f4b.110926_UNC16-SN851_0092_BD0E5BABXX.8.trimmed.annotated.translated_to_genomic.bam,103923842,86574942,17348900,0.166938593
UNCID_565845.2c3cd302-e8f5-428e-bfa5-aaac33bb93e8.110926_UNC16-SN851_0091_AD0E3NABXX.5.trimmed.annotated.translated_to_genomic.bam,83486980,66712600,16774380,0.200922108
UNCID_565898.c6591d10-a67b-45b4-a893-81f395388535.110926_UNC16-SN851_0092_BD0E5BABXX.7.trimmed.annotated.translated_to_genomic.bam,102711026,79840798,22870228,0.222665754
UNCID_565919.b5cb608a-52e5-4ae3-93d3-ba512faca794.110926_UNC16-SN851_0091_AD0E3NABXX.6.trimmed.annotated.translated_to_genomic.bam,92278472,71221877,21056595,0.228185345
UNCID_566126.a917a34c-dc6a-410a-8063-fed4a94dfbff.110926_UNC16-SN851_0092_BD0E5BABXX.4.trimmed.annotated.translated_to_genomic.bam,114626292,100965257,13661035,0.119178897
UNCID_566258.7694eaf3-732e-4b23-b8fe-ce713c1a4b18.110926_UNC16-SN851_0092_BD0E5BABXX.3.trimmed.annotated.translated_to_genomic.bam,120084088,103122337,16961751,0.141248947
UNCID_566486.f5f7987f-dc7d-40b1-8959-10969abb2b1d.110926_UNC16-SN851_0091_AD0E3NABXX.4.trimmed.annotated.translated_to_genomic.bam,104919740,87550228,17369512,0.165550467
UNCID_568019.35759844-0020-4b37-bd5a-ede870b7f0ab.110921_UNC6-RDR300211_00125_FC_634F4AAXX.1.trimmed.annotated.translated_to_genomic.bam,32556721,24467033,8089688,0.248479815
UNCID_568086.fd13e02a-4bfb-4aaa-bbf7-488660106a31.110921_UNC6-RDR300211_00125_FC_634F4AAXX.3.trimmed.annotated.translated_to_genomic.bam,32742508,27503154,5239354,0.160016881
UNCID_573437.3a78d184-5c65-40df-a4ac-139a71ddaa0f.110919_UNC13-SN749_0114_BB007YABXX.8.trimmed.annotated.translated_to_genomic.bam,92266250,77479945,14786305,0.16025692
UNCID_573635.7f47cd71-b62a-4f65-8479-ceec8261aaa9.110919_UNC13-SN749_0114_BB007YABXX.7.trimmed.annotated.translated_to_genomic.bam,98928102,82589184,16338918,0.165159522
UNCID_574144.3914574f-7787-4846-9799-231fd9666e9f.110919_UNC13-SN749_0114_BB007YABXX.6.trimmed.annotated.translated_to_genomic.bam,100757060,82450653,18306407,0.181688578
UNCID_574170.5dfb0514-3f93-446c-80be-1c964744dbb8.110919_UNC13-SN749_0114_BB007YABXX.4.trimmed.annotated.translated_to_genomic.bam,109479466,98507158,10972308,0.10022252
UNCID_574175.774e91b9-ebdb-4fa8-91da-4770028348f8.110916_UNC16-SN851_0088_BB00T0ABXX.2.trimmed.annotated.translated_to_genomic.bam,101800454,90597687,11202767,0.110046336
UNCID_574179.352ef342-b5b3-47cf-85c3-e0e01754c11b.110919_UNC13-SN749_0114_BB007YABXX.5.trimmed.annotated.translated_to_genomic.bam,111013858,98499708,12514150,0.112726017
UNCID_574220.5513eb8f-2d59-438b-a1b1-d2f758d2f7e0.110916_UNC16-SN851_0088_BB00T0ABXX.8.trimmed.annotated.translated_to_genomic.bam,103820354,93957212,9863142,0.095002007
UNCID_574313.4e36da0f-b0b3-482f-bdb3-32dc79720a54.110919_UNC13-SN749_0114_BB007YABXX.3.trimmed.annotated.translated_to_genomic.bam,116996858,98538384,18458474,0.157768972
UNCID_574317.8323ca35-b940-456e-a344-f2b0acdfd70b.110916_UNC16-SN851_0088_BB00T0ABXX.7.trimmed.annotated.translated_to_genomic.bam,108696724,93682618,15014106,0.138128413
UNCID_597424.1d3af406-750e-4b1f-97e2-bd2979f78c5b.111019_UNC14-SN744_0180_AB01RFABXX.7.trimmed.annotated.translated_to_genomic.bam,90702770,79029774,11672996,0.128695033
UNCID_597697.9fc80857-fd99-4ba2-a058-48d4196f58d3.111019_UNC14-SN744_0180_AB01RFABXX.8.trimmed.annotated.translated_to_genomic.bam,95273782,85233203,10040579,0.10538659
UNCID_597912.fd27fbf6-ceaf-4eef-9585-a84b7ad60453.111019_UNC14-SN744_0180_AB01RFABXX.6.trimmed.annotated.translated_to_genomic.bam,104687584,67974755,36712829,0.350689428
UNCID_599032.7298c60b-39b0-4eeb-88cb-7b19e1cdd78f.110923_UNC13-SN749_0117_AD0DRLABXX.4.trimmed.annotated.translated_to_genomic.bam,81502922,64960051,16542871,0.202972735
UNCID_599054.f633a7d3-cbf3-4c75-94d5-ec6521478b38.110915_UNC9-SN296_0241_BC00NJABXX.2.trimmed.annotated.translated_to_genomic.bam,48895678,36280132,12615546,0.25800943
UNCID_599169.ac2f712d-65c3-4c24-b7b9-60027830ce3c.110915_UNC9-SN296_0241_BC00NJABXX.3.trimmed.annotated.translated_to_genomic.bam,53403858,39097462,14306396,0.267890683
UNCID_599196.edd5fa64-d6c2-453f-bc77-ca7e5b00e350.110915_UNC9-SN296_0241_BC00NJABXX.1.trimmed.annotated.translated_to_genomic.bam,31266766,20146509,11120257,0.35565741
UNCID_599219.d3773105-00e3-4ff8-bd82-cf617a4f8c6a.110915_UNC9-SN296_0241_BC00NJABXX.4.trimmed.annotated.translated_to_genomic.bam,56260246,47456503,8803743,0.156482483
UNCID_599234.c8cea2ae-ff28-42b0-9070-5f7d2aa4cea7.110923_UNC13-SN749_0117_AD0DRLABXX.1.trimmed.annotated.translated_to_genomic.bam,92835926,81068426,11767500,0.126755885
UNCID_599328.b76b8aca-3b38-46d9-9cb9-c88c9f08ddd1.110923_UNC13-SN749_0117_AD0DRLABXX.2.trimmed.annotated.translated_to_genomic.bam,101910394,88560890,13349504,0.130992566
UNCID_599527.248247d8-7753-4462-9301-08424e6dc340.110923_UNC13-SN749_0117_AD0DRLABXX.3.trimmed.annotated.translated_to_genomic.bam,106048648,94579266,11469382,0.108152081
UNCID_602055.0e959a22-7e2a-4cf8-92cc-ae13baee45b1.111007_UNC9-SN296_0249_BB03KMABXX.4.trimmed.annotated.translated_to_genomic.bam,51332032,35760602,15571430,0.303347236
UNCID_602136.ee671a6c-0560-42f5-9e03-49241e9a1e49.111007_UNC9-SN296_0249_BB03KMABXX.3.trimmed.annotated.translated_to_genomic.bam,55376804,43724028,11652776,0.210427023
UNCID_602139.abb072fe-25c3-49f2-83ca-b738e90850a6.111007_UNC9-SN296_0249_BB03KMABXX.1.trimmed.annotated.translated_to_genomic.bam,53729532,46126137,7603395,0.1415124
UNCID_602142.f2123145-b290-44b9-b8a5-425620d1124b.111007_UNC9-SN296_0249_BB03KMABXX.5.trimmed.annotated.translated_to_genomic.bam,56668314,46497217,10171097,0.179484729
UNCID_602207.5bfe1570-1564-44f9-a996-e65b099b68c7.111007_UNC9-SN296_0249_BB03KMABXX.2.trimmed.annotated.translated_to_genomic.bam,58516320,51445960,7070360,0.120827147
UNCID_602219.07319fab-b1e4-4954-ba4c-c2348f804b95.111007_UNC9-SN296_0249_BB03KMABXX.6.trimmed.annotated.translated_to_genomic.bam,57259372,49994800,7264572,0.126871318
UNCID_602261.b5697f7c-9507-4386-bd16-91b3a0b34b30.111010_UNC10-SN254_0288_BB01Y1ABXX.3.trimmed.annotated.translated_to_genomic.bam,111662838,98706303,12956535,0.11603265
UNCID_602299.67a7b43d-fa7b-4f9a-a948-7d2214f28d03.111007_UNC9-SN296_0249_BB03KMABXX.7.trimmed.annotated.translated_to_genomic.bam,54246824,47600497,6646327,0.122520113
UNCID_602526.4b68ecb0-6827-4f72-8844-94dfeb02c6f9.111010_UNC10-SN254_0288_BB01Y1ABXX.2.trimmed.annotated.translated_to_genomic.bam,114093980,98144459,15949521,0.139792836
UNCID_602946.29285eb2-f1d0-4c21-ae6f-bc4e37c3965f.110915_UNC9-SN296_0241_BC00NJABXX.5.trimmed.annotated.translated_to_genomic.bam,58722976,51708872,7014104,0.119443946
UNCID_603036.0a6270b6-a8a3-4a36-9f40-82f4196987ec.111007_UNC9-SN296_0248_AD0CFWABXX.5.trimmed.annotated.translated_to_genomic.bam,61128670,45648896,15479774,0.253232632
UNCID_603093.920f6f9b-c7d2-4c60-b4e8-7cb74c0b26fb.111007_UNC9-SN296_0248_AD0CFWABXX.8.trimmed.annotated.translated_to_genomic.bam,62589036,54646214,7942822,0.126904367
UNCID_603169.17809084-c723-4445-aa49-3292c500d5be.111007_UNC9-SN296_0248_AD0CFWABXX.4.trimmed.annotated.translated_to_genomic.bam,62711462,56335099,6376363,0.101677792
UNCID_603288.aba042e2-9619-4fc9-9c57-e67af40e3a16.111007_UNC9-SN296_0248_AD0CFWABXX.6.trimmed.annotated.translated_to_genomic.bam,68747048,61243981,7503067,0.109140206
UNCID_609228.3c84e357-f1f5-4a6f-8f72-7c0faa082230.111025_UNC9-SN296_0253_BC04JLABXX.6.trimmed.annotated.translated_to_genomic.bam,44486208,40049982,4436226,0.099721379
UNCID_609235.4cf37ad3-74ec-4c45-8c5a-76cadd1fe884.111025_UNC9-SN296_0253_BC04JLABXX.2.trimmed.annotated.translated_to_genomic.bam,46350358,40724000,5626358,0.121387585
UNCID_609251.726396f4-066c-4ae8-854e-c085801503c4.111025_UNC9-SN296_0253_BC04JLABXX.4.trimmed.annotated.translated_to_genomic.bam,47837960,41722062,6115898,0.127846129
UNCID_609263.9605e374-b70d-4100-ae29-de0b697d0e51.111025_UNC9-SN296_0253_BC04JLABXX.8.trimmed.annotated.translated_to_genomic.bam,59932024,49878194,10053830,0.167753887
UNCID_609580.be4dfdf4-4e70-4117-9037-a6cf3e0faa0d.111027_UNC11-SN627_0163_AC0537ABXX.8.trimmed.annotated.translated_to_genomic.bam,124256314,109640987,14615327,0.117622409
UNCID_609603.efd815de-dce1-44ea-81f5-2febfea79b95.111027_UNC11-SN627_0163_AC0537ABXX.3.trimmed.annotated.translated_to_genomic.bam,118417778,102575581,15842197,0.133782252
UNCID_609732.b644b4e8-eb89-4d9f-b76b-74fd5ee79d54.111027_UNC11-SN627_0163_AC0537ABXX.7.trimmed.annotated.translated_to_genomic.bam,120200362,106098382,14101980,0.117320612
UNCID_609742.14861126-c113-48e2-af64-41d946dc09ec.111027_UNC11-SN627_0163_AC0537ABXX.2.trimmed.annotated.translated_to_genomic.bam,126455376,110306431,16148945,0.127704693
UNCID_609766.90454b3b-f077-490e-bbe8-1456acbb8966.111027_UNC11-SN627_0163_AC0537ABXX.5.trimmed.annotated.translated_to_genomic.bam,122711090,108139225,14571865,0.118749373
UNCID_609768.92f96e71-9922-424c-a13b-9aba472cec1c.111027_UNC11-SN627_0163_AC0537ABXX.4.trimmed.annotated.translated_to_genomic.bam,102895936,87032504,15863432,0.154169665
UNCID_609955.04a943a3-4942-482b-b70d-cc190bc2008c.111025_UNC9-SN296_0252_AD0F59ABXX.4.trimmed.annotated.translated_to_genomic.bam,64075698,57255347,6820351,0.106442087
UNCID_610765.36b6ca18-f7c3-478c-a431-63ab03e69c12.111025_UNC9-SN296_0252_AD0F59ABXX.2.trimmed.annotated.translated_to_genomic.bam,68820344,61115197,7705147,0.111960309
UNCID_610827.0d3d5230-7522-4e08-b470-748a04d544b3.111025_UNC9-SN296_0252_AD0F59ABXX.8.trimmed.annotated.translated_to_genomic.bam,71941766,63579224,8362542,0.116240433
UNCID_610896.dd88d1bb-37a6-4b6b-b0bb-e637452ea133.111025_UNC9-SN296_0252_AD0F59ABXX.6.trimmed.annotated.translated_to_genomic.bam,72378772,64289577,8089195,0.111761982
UNCID_611657.08489083-0870-4546-a53f-c4064952b690.111025_UNC13-SN749_0130_AD0EYTABXX.6.trimmed.annotated.translated_to_genomic.bam,89551130,72605877,16945253,0.189224335
UNCID_611888.e4f89d3b-82e2-4269-a70a-7224a9601c18.111025_UNC13-SN749_0130_AD0EYTABXX.5.trimmed.annotated.translated_to_genomic.bam,95709402,81636742,14072660,0.147035293
UNCID_611893.85d40702-9e6c-4091-94b5-391c3f84bc5a.111025_UNC13-SN749_0130_AD0EYTABXX.7.trimmed.annotated.translated_to_genomic.bam,91989864,83663106,8326758,0.090518212
UNCID_611910.f46fc51f-44f6-424e-8021-9a37d2508dba.111025_UNC13-SN749_0130_AD0EYTABXX.8.trimmed.annotated.translated_to_genomic.bam,99672852,89104008,10568844,0.106035332
UNCID_612155.f9786d89-318d-44ef-b212-0b9dfaf52e75.111025_UNC12-SN629_0164_BC04WGABXX.1.trimmed.annotated.translated_to_genomic.bam,107909852,97565409,10344443,0.095861896
UNCID_612159.66d68258-08fc-4527-ac06-101e4cab9c06.111025_UNC12-SN629_0164_BC04WGABXX.6.trimmed.annotated.translated_to_genomic.bam,110620110,96823360,13796750,0.124721897
UNCID_612174.488893ff-fbb6-4ca6-a8b5-7d45635a0ccf.111025_UNC12-SN629_0164_BC04WGABXX.8.trimmed.annotated.translated_to_genomic.bam,113231762,103188089,10043673,0.088700139
UNCID_612176.db79a2d9-e3dc-40e8-b248-404df1ea91ce.111025_UNC12-SN629_0164_BC04WGABXX.2.trimmed.annotated.translated_to_genomic.bam,118992588,105651660,13340928,0.112115622
UNCID_612180.29739602-d94f-4341-849e-a5b8a4c342eb.111025_UNC12-SN629_0164_BC04WGABXX.4.trimmed.annotated.translated_to_genomic.bam,114173242,103055648,11117594,0.097374777
UNCID_612329.bf2b423a-5128-4b75-b3a7-2b7b9337c519.111021_UNC13-SN749_0128_BD0ENWABXX.5.trimmed.annotated.translated_to_genomic.bam,105307710,93650337,11657373,0.110698191
UNCID_612399.6f070e17-0521-4561-80c0-04975ca45853.111021_UNC13-SN749_0128_BD0ENWABXX.4.trimmed.annotated.translated_to_genomic.bam,111607580,99736830,11870750,0.106361503
UNCID_617342.8d2b2907-863e-4db9-8d4b-ce877e562531.111103_UNC2-RDR300275_00093_FC_62DLAAAXX.3.trimmed.annotated.translated_to_genomic.bam,32064468,23973440,8091028,0.252336262
UNCID_617353.03141105-bc66-4e89-ad97-c54fcf189468.111103_UNC2-RDR300275_00093_FC_62DLAAAXX.2.trimmed.annotated.translated_to_genomic.bam,33077935,27204338,5873597,0.17756843
UNCID_618678.14c027ea-836d-4402-b0c4-9feb68e523fa.110926_UNC10-SN254_0279_AD0E60ABXX.7.trimmed.annotated.translated_to_genomic.bam,102539944,90640211,11899733,0.116049732
UNCID_622657.1315b6cb-2252-48d6-b2dc-446b472cf4b9.110930_UNC12-SN629_0145_AD0E5GABXX.5.trimmed.annotated.translated_to_genomic.bam,64347144,52337822,12009322,0.186633334
UNCID_622962.82de3eb7-80be-40dd-b0b7-cfaf8de56340.110930_UNC12-SN629_0145_AD0E5GABXX.7.trimmed.annotated.translated_to_genomic.bam,77841132,63998538,13842594,0.177831355
UNCID_623068.500ee741-b6df-437b-8852-c21371f0212f.110930_UNC12-SN629_0145_AD0E5GABXX.3.trimmed.annotated.translated_to_genomic.bam,90513592,77240485,13273107,0.146642142
UNCID_623221.ca067004-231d-4d11-8cc9-211e73b2d2e4.110930_UNC12-SN629_0145_AD0E5GABXX.4.trimmed.annotated.translated_to_genomic.bam,96983982,82326017,14657965,0.151137999
UNCID_623447.c11a0048-d970-4633-8342-4b34d04a3a13.110930_UNC12-SN629_0145_AD0E5GABXX.2.trimmed.annotated.translated_to_genomic.bam,102867278,87831381,15035897,0.146167929
UNCID_623885.a7efbfc2-48f4-44ec-a8a6-7e565cfe2b6a.110316_UNC2-RDR300275_00058_FC_62J26AAXX.5.trimmed.annotated.translated_to_genomic.bam,33681858,26869324,6812534,0.202261229
UNCID_623911.b7896fd3-9fc0-47cc-aecf-c1ab6d7ded37.110823_UNC10-SN254_0269_AC019UABXX.6.trimmed.annotated.translated_to_genomic.bam,108279166,91848809,16430357,0.151740705
UNCID_624035.54ef8e19-fd0b-417a-a083-3892bb8d651b.110823_UNC10-SN254_0269_AC019UABXX.4.trimmed.annotated.translated_to_genomic.bam,108312356,95657106,12655250,0.116840317
UNCID_624369.acc16412-f539-46ab-bf42-d5188c026ca8.110823_UNC10-SN254_0269_AC019UABXX.8.trimmed.annotated.translated_to_genomic.bam,105447112,88492964,16954148,0.160783427
UNCID_624688.84645ee1-832e-4dcc-8e77-6aa55130f280.110823_UNC10-SN254_0269_AC019UABXX.3.trimmed.annotated.translated_to_genomic.bam,101347514,83487985,17859529,0.176220692
UNCID_634583.27fc767b-a79b-4d0a-9daa-869f1c05a928.110930_UNC12-SN629_0145_AD0E5GABXX.1.trimmed.annotated.translated_to_genomic.bam,84216318,66454193,17762125,0.210910729